0	0
1	2
2	1
3	1
4	2
5	3
6	2
7	4
8	3
9	5
10	6
11	7
12	6
13	8
14	7
15	7
16	8
17	9
18	8
19	10
20	9
21	9
22	10
23	11
24	11
25	12
26	9
27	9
28	12
29	13
30	13
31	14
32	9
33	9
34	14
35	15
36	15
37	16
38	9
39	9
40	16
41	7
42	3
43	17
44	1
45	1
46	17
47	18
48	17
49	19
50	18
51	18
52	19
53	20
54	20
55	21
56	18
57	18
58	21
59	22
60	21
61	23
62	22
63	23
64	21
65	24
66	21
67	20
68	24
69	24
70	20
71	25
72	16
73	15
74	26
75	27
76	29
77	28
78	28
79	29
80	30
81	29
82	31
83	30
84	30
85	31
86	32
87	32
88	33
89	30
90	34
91	35
92	36
93	35
94	37
95	36
96	38
97	39
98	40
99	41
100	43
101	42
102	42
103	43
104	44
105	44
106	45
107	42
108	42
109	45
110	46
111	45
112	47
113	46
114	46
115	47
116	48
117	48
118	49
119	46
120	46
121	49
122	42
123	49
124	50
125	42
126	50
127	49
128	51
129	51
130	52
131	50
132	52
133	51
134	53
135	51
136	49
137	53
138	53
139	49
140	54
141	49
142	55
143	54
144	55
145	49
146	48
147	56
148	58
149	57
150	57
151	58
152	59
153	58
154	60
155	59
156	60
157	58
158	61
159	62
160	63
161	64
162	63
163	65
164	64
165	64
166	65
167	66
168	67
169	69
170	68
171	68
172	69
173	70
174	71
175	73
176	72
177	72
178	73
179	74
180	73
181	75
182	74
183	74
184	75
185	76
186	75
187	77
188	76
189	76
190	77
191	78
192	72
193	74
194	79
195	79
196	74
197	76
198	80
199	81
200	6
201	6
202	81
203	8
204	81
205	82
206	8
207	83
208	84
209	85
210	84
211	86
212	85
213	85
214	86
215	87
216	86
217	88
218	87
219	88
220	86
221	89
222	86
223	90
224	89
225	90
226	86
227	84
228	91
229	93
230	92
231	92
232	93
233	94
234	93
235	95
236	94
237	95
238	93
239	96
240	93
241	52
242	96
243	96
244	52
245	53
246	53
247	97
248	96
249	96
250	97
251	98
252	98
253	95
254	96
255	99
256	100
257	101
258	100
259	102
260	101
261	101
262	102
263	103
264	102
265	104
266	103
267	104
268	102
269	105
270	102
271	100
272	105
273	105
274	100
275	106
276	106
277	104
278	105
279	104
280	106
281	107
282	108
283	110
284	109
285	109
286	110
287	111
288	110
289	112
290	111
291	111
292	112
293	113
294	113
295	114
296	111
297	115
298	117
299	116
300	116
301	117
302	118
303	118
304	119
305	116
306	119
307	118
308	120
309	120
310	121
311	119
312	119
313	121
314	122
315	121
316	123
317	122
318	122
319	123
320	124
321	123
322	125
323	124
324	124
325	125
326	126
327	125
328	127
329	126
330	126
331	127
332	128
333	128
334	129
335	126
336	126
337	129
338	130
339	129
340	131
341	130
342	130
343	132
344	126
345	126
346	132
347	124
348	132
349	133
350	124
351	124
352	133
353	122
354	133
355	119
356	122
357	119
358	133
359	134
360	133
361	135
362	134
363	134
364	135
365	116
366	116
367	119
368	134
369	136
370	137
371	138
372	137
373	139
374	138
375	138
376	139
377	140
378	139
379	141
380	140
381	141
382	139
383	142
384	139
385	143
386	142
387	143
388	139
389	144
390	139
391	137
392	144
393	143
394	144
395	145
396	54
397	146
398	53
399	53
400	146
401	97
402	146
403	147
404	97
405	97
406	147
407	98
408	147
409	148
410	98
411	149
412	65
413	150
414	150
415	65
416	151
417	65
418	63
419	151
420	151
421	63
422	152
423	153
424	154
425	155
426	154
427	156
428	155
429	156
430	154
431	157
432	154
433	158
434	157
435	157
436	158
437	159
438	160
439	161
440	162
441	161
442	163
443	162
444	162
445	163
446	164
447	163
448	165
449	164
450	164
451	165
452	166
453	165
454	167
455	166
456	167
457	165
458	168
459	165
460	169
461	168
462	170
463	172
464	171
465	171
466	172
467	173
468	172
469	174
470	173
471	173
472	174
473	175
474	174
475	176
476	175
477	175
478	176
479	177
480	178
481	180
482	179
483	179
484	180
485	181
486	181
487	182
488	179
489	179
490	182
491	183
492	183
493	184
494	179
495	179
496	184
497	185
498	186
499	188
500	187
501	187
502	188
503	189
504	188
505	190
506	189
507	189
508	190
509	191
510	190
511	192
512	191
513	173
514	175
515	171
516	175
517	193
518	171
519	171
520	193
521	194
522	194
523	195
524	171
525	195
526	194
527	196
528	194
529	197
530	196
531	196
532	197
533	198
534	198
535	199
536	196
537	196
538	199
539	200
540	201
541	203
542	202
543	204
544	206
545	205
546	205
547	206
548	207
549	206
550	208
551	207
552	207
553	208
554	209
555	209
556	210
557	207
558	207
559	210
560	211
561	211
562	212
563	207
564	212
565	211
566	213
567	205
568	207
569	214
570	214
571	207
572	212
573	215
574	216
575	190
576	190
577	216
578	189
579	216
580	217
581	189
582	189
583	217
584	218
585	218
586	219
587	189
588	189
589	219
590	220
591	220
592	221
593	189
594	189
595	221
596	187
597	221
598	222
599	187
600	187
601	222
602	223
603	222
604	224
605	223
606	223
607	224
608	225
609	220
610	226
611	221
612	226
613	227
614	221
615	221
616	227
617	228
618	227
619	229
620	228
621	228
622	229
623	230
624	230
625	222
626	228
627	228
628	222
629	221
630	231
631	233
632	232
633	232
634	233
635	234
636	234
637	235
638	232
639	232
640	235
641	236
642	235
643	237
644	236
645	237
646	235
647	238
648	235
649	239
650	238
651	238
652	239
653	240
654	240
655	241
656	238
657	238
658	241
659	242
660	242
661	243
662	238
663	238
664	243
665	244
666	244
667	245
668	238
669	238
670	245
671	237
672	223
673	222
674	246
675	246
676	222
677	247
678	248
679	250
680	249
681	249
682	250
683	251
684	250
685	252
686	251
687	251
688	252
689	249
690	252
691	253
692	249
693	249
694	253
695	254
696	255
697	256
698	257
699	256
700	258
701	257
702	257
703	258
704	259
705	260
706	262
707	261
708	261
709	262
710	263
711	262
712	264
713	263
714	265
715	266
716	267
717	268
718	270
719	269
720	269
721	270
722	271
723	272
724	273
725	274
726	273
727	275
728	274
729	274
730	275
731	276
732	275
733	277
734	276
735	276
736	277
737	278
738	278
739	279
740	276
741	276
742	279
743	280
744	281
745	283
746	282
747	249
748	284
749	248
750	284
751	285
752	248
753	286
754	287
755	288
756	289
757	291
758	290
759	253
760	252
761	292
762	252
763	293
764	292
765	293
766	252
767	294
768	252
769	250
770	294
771	294
772	250
773	295
774	295
775	296
776	294
777	294
778	296
779	293
780	296
781	297
782	293
783	293
784	297
785	298
786	273
787	299
788	275
789	299
790	300
791	275
792	275
793	300
794	277
795	297
796	296
797	301
798	301
799	296
800	295
801	302
802	304
803	303
804	303
805	304
806	305
807	305
808	306
809	303
810	303
811	306
812	307
813	307
814	308
815	303
816	303
817	308
818	309
819	310
820	312
821	311
822	313
823	314
824	315
825	314
826	316
827	315
828	315
829	316
830	317
831	317
832	318
833	315
834	316
835	314
836	319
837	314
838	320
839	319
840	321
841	322
842	323
843	322
844	324
845	323
846	323
847	324
848	325
849	325
850	326
851	323
852	326
853	325
854	327
855	325
856	328
857	327
858	327
859	328
860	329
861	329
862	330
863	327
864	331
865	332
866	333
867	332
868	334
869	333
870	333
871	334
872	335
873	335
874	336
875	333
876	337
877	339
878	338
879	338
880	339
881	340
882	339
883	341
884	340
885	340
886	341
887	342
888	341
889	343
890	342
891	342
892	343
893	344
894	344
895	345
896	342
897	342
898	345
899	340
900	345
901	338
902	340
903	338
904	345
905	346
906	345
907	347
908	346
909	346
910	347
911	348
912	349
913	351
914	350
915	352
916	353
917	354
918	353
919	355
920	354
921	354
922	355
923	356
924	355
925	357
926	356
927	357
928	355
929	358
930	355
931	359
932	358
933	358
934	359
935	360
936	361
937	363
938	362
939	362
940	363
941	364
942	365
943	367
944	366
945	366
946	367
947	328
948	367
949	368
950	328
951	366
952	328
953	369
954	369
955	328
956	370
957	328
958	325
959	370
960	370
961	325
962	324
963	324
964	371
965	370
966	370
967	371
968	372
969	372
970	373
971	370
972	370
973	373
974	374
975	374
976	369
977	370
978	369
979	374
980	375
981	374
982	376
983	375
984	376
985	374
986	377
987	374
988	378
989	377
990	378
991	374
992	373
993	373
994	379
995	378
996	379
997	373
998	372
999	372
1000	380
1001	379
1002	347
1003	345
1004	381
1005	381
1006	345
1007	382
1008	345
1009	344
1010	382
1011	343
1012	341
1013	383
1014	341
1015	384
1016	383
1017	383
1018	384
1019	385
1020	386
1021	388
1022	387
1023	387
1024	388
1025	389
1026	388
1027	390
1028	389
1029	389
1030	390
1031	391
1032	390
1033	389
1034	392
1035	375
1036	393
1037	369
1038	393
1039	367
1040	369
1041	341
1042	339
1043	394
1044	339
1045	395
1046	394
1047	394
1048	395
1049	396
1050	396
1051	397
1052	394
1053	394
1054	397
1055	398
1056	398
1057	399
1058	394
1059	394
1060	399
1061	384
1062	384
1063	341
1064	394
1065	388
1066	400
1067	401
1068	400
1069	402
1070	401
1071	401
1072	402
1073	390
1074	390
1075	388
1076	401
1077	335
1078	334
1079	403
1080	334
1081	404
1082	403
1083	403
1084	404
1085	405
1086	405
1087	406
1088	403
1089	403
1090	406
1091	407
1092	407
1093	335
1094	403
1095	408
1096	410
1097	409
1098	409
1099	410
1100	411
1101	410
1102	412
1103	411
1104	413
1105	414
1106	415
1107	416
1108	418
1109	417
1110	417
1111	418
1112	419
1113	418
1114	420
1115	419
1116	419
1117	420
1118	421
1119	421
1120	422
1121	419
1122	423
1123	425
1124	424
1125	424
1126	425
1127	426
1128	425
1129	427
1130	426
1131	426
1132	427
1133	428
1134	429
1135	431
1136	430
1137	430
1138	431
1139	432
1140	431
1141	433
1142	432
1143	434
1144	436
1145	435
1146	435
1147	436
1148	437
1149	436
1150	438
1151	437
1152	439
1153	440
1154	441
1155	440
1156	442
1157	441
1158	441
1159	442
1160	443
1161	442
1162	444
1163	443
1164	444
1165	442
1166	445
1167	442
1168	446
1169	445
1170	446
1171	442
1172	447
1173	442
1174	440
1175	447
1176	448
1177	449
1178	450
1179	451
1180	453
1181	452
1182	452
1183	453
1184	454
1185	453
1186	455
1187	454
1188	456
1189	457
1190	458
1191	459
1192	460
1193	461
1194	460
1195	462
1196	461
1197	461
1198	462
1199	463
1200	462
1201	464
1202	463
1203	463
1204	464
1205	465
1206	465
1207	466
1208	463
1209	466
1210	465
1211	467
1212	467
1213	468
1214	466
1215	466
1216	468
1217	469
1218	468
1219	470
1220	469
1221	469
1222	470
1223	471
1224	461
1225	463
1226	472
1227	472
1228	463
1229	466
1230	466
1231	469
1232	472
1233	472
1234	469
1235	473
1236	474
1237	476
1238	475
1239	477
1240	478
1241	479
1242	478
1243	480
1244	479
1245	479
1246	480
1247	481
1248	482
1249	484
1250	483
1251	485
1252	487
1253	486
1254	486
1255	487
1256	488
1257	487
1258	489
1259	488
1260	488
1261	489
1262	490
1263	491
1264	492
1265	493
1266	492
1267	494
1268	493
1269	493
1270	494
1271	495
1272	494
1273	496
1274	495
1275	497
1276	498
1277	499
1278	498
1279	500
1280	499
1281	499
1282	500
1283	501
1284	501
1285	502
1286	499
1287	503
1288	504
1289	505
1290	504
1291	506
1292	505
1293	505
1294	506
1295	507
1296	506
1297	508
1298	507
1299	507
1300	508
1301	509
1302	509
1303	510
1304	507
1305	507
1306	510
1307	511
1308	511
1309	512
1310	507
1311	507
1312	512
1313	505
1314	513
1315	452
1316	514
1317	452
1318	454
1319	514
1320	514
1321	454
1322	515
1323	480
1324	478
1325	516
1326	493
1327	495
1328	517
1329	518
1330	520
1331	519
1332	519
1333	520
1334	521
1335	520
1336	522
1337	521
1338	521
1339	522
1340	523
1341	523
1342	524
1343	521
1344	521
1345	524
1346	525
1347	525
1348	519
1349	521
1350	526
1351	527
1352	528
1353	527
1354	529
1355	528
1356	528
1357	529
1358	530
1359	530
1360	531
1361	528
1362	528
1363	531
1364	532
1365	531
1366	533
1367	532
1368	533
1369	531
1370	534
1371	531
1372	530
1373	534
1374	534
1375	530
1376	535
1377	527
1378	536
1379	529
1380	536
1381	537
1382	529
1383	529
1384	537
1385	538
1386	537
1387	539
1388	538
1389	539
1390	537
1391	540
1392	537
1393	541
1394	540
1395	541
1396	537
1397	542
1398	537
1399	543
1400	542
1401	542
1402	543
1403	544
1404	543
1405	545
1406	544
1407	545
1408	543
1409	546
1410	543
1411	547
1412	546
1413	547
1414	543
1415	536
1416	543
1417	537
1418	536
1419	548
1420	549
1421	550
1422	549
1423	551
1424	550
1425	552
1426	554
1427	553
1428	553
1429	554
1430	555
1431	554
1432	556
1433	555
1434	556
1435	554
1436	557
1437	554
1438	558
1439	557
1440	559
1441	560
1442	561
1443	560
1444	562
1445	561
1446	561
1447	562
1448	563
1449	562
1450	564
1451	563
1452	564
1453	562
1454	565
1455	562
1456	566
1457	565
1458	567
1459	569
1460	568
1461	568
1462	569
1463	570
1464	569
1465	571
1466	570
1467	570
1468	571
1469	572
1470	573
1471	575
1472	574
1473	574
1474	575
1475	576
1476	575
1477	577
1478	576
1479	576
1480	577
1481	578
1482	577
1483	579
1484	578
1485	578
1486	579
1487	580
1488	580
1489	581
1490	578
1491	582
1492	583
1493	584
1494	583
1495	585
1496	584
1497	584
1498	585
1499	586
1500	585
1501	587
1502	586
1503	586
1504	587
1505	588
1506	589
1507	591
1508	590
1509	590
1510	591
1511	592
1512	591
1513	593
1514	592
1515	592
1516	593
1517	594
1518	595
1519	596
1520	597
1521	596
1522	598
1523	597
1524	597
1525	598
1526	599
1527	598
1528	600
1529	599
1530	599
1531	600
1532	601
1533	600
1534	602
1535	601
1536	601
1537	602
1538	603
1539	603
1540	604
1541	601
1542	601
1543	604
1544	605
1545	604
1546	606
1547	605
1548	597
1549	599
1550	607
1551	607
1552	599
1553	608
1554	599
1555	601
1556	608
1557	608
1558	601
1559	605
1560	609
1561	580
1562	610
1563	610
1564	580
1565	579
1566	579
1567	577
1568	610
1569	610
1570	577
1571	611
1572	577
1573	612
1574	611
1575	612
1576	577
1577	613
1578	613
1579	614
1580	612
1581	612
1582	614
1583	615
1584	616
1585	617
1586	569
1587	617
1588	618
1589	569
1590	569
1591	618
1592	571
1593	619
1594	621
1595	620
1596	620
1597	621
1598	622
1599	621
1600	623
1601	622
1602	622
1603	623
1604	624
1605	623
1606	592
1607	624
1608	592
1609	623
1610	590
1611	623
1612	621
1613	590
1614	625
1615	626
1616	627
1617	626
1618	628
1619	627
1620	627
1621	628
1622	629
1623	628
1624	630
1625	629
1626	629
1627	630
1628	631
1629	630
1630	632
1631	631
1632	632
1633	630
1634	633
1635	630
1636	628
1637	633
1638	633
1639	628
1640	634
1641	628
1642	635
1643	634
1644	635
1645	628
1646	636
1647	637
1648	634
1649	626
1650	626
1651	634
1652	628
1653	635
1654	638
1655	634
1656	634
1657	638
1658	639
1659	639
1660	640
1661	634
1662	634
1663	640
1664	633
1665	640
1666	641
1667	633
1668	633
1669	641
1670	642
1671	642
1672	632
1673	633
1674	643
1675	645
1676	644
1677	644
1678	645
1679	646
1680	645
1681	647
1682	646
1683	646
1684	647
1685	648
1686	648
1687	649
1688	646
1689	650
1690	651
1691	652
1692	653
1693	655
1694	654
1695	656
1696	657
1697	658
1698	657
1699	659
1700	658
1701	658
1702	659
1703	660
1704	661
1705	663
1706	662
1707	664
1708	665
1709	666
1710	665
1711	667
1712	666
1713	668
1714	669
1715	670
1716	669
1717	671
1718	670
1719	670
1720	671
1721	672
1722	671
1723	673
1724	672
1725	673
1726	671
1727	669
1728	674
1729	675
1730	676
1731	675
1732	677
1733	676
1734	676
1735	677
1736	678
1737	679
1738	681
1739	680
1740	673
1741	682
1742	672
1743	672
1744	682
1745	683
1746	682
1747	684
1748	683
1749	684
1750	682
1751	685
1752	682
1753	686
1754	685
1755	687
1756	688
1757	689
1758	688
1759	690
1760	689
1761	689
1762	690
1763	691
1764	692
1765	694
1766	693
1767	693
1768	694
1769	695
1770	694
1771	696
1772	695
1773	697
1774	699
1775	698
1776	698
1777	699
1778	700
1779	699
1780	701
1781	700
1782	700
1783	701
1784	702
1785	702
1786	703
1787	700
1788	700
1789	703
1790	698
1791	703
1792	704
1793	698
1794	699
1795	705
1796	701
1797	701
1798	705
1799	706
1800	705
1801	707
1802	706
1803	708
1804	710
1805	709
1806	709
1807	710
1808	711
1809	710
1810	712
1811	711
1812	713
1813	714
1814	715
1815	714
1816	716
1817	715
1818	717
1819	718
1820	719
1821	720
1822	721
1823	722
1824	721
1825	723
1826	722
1827	722
1828	723
1829	724
1830	723
1831	725
1832	724
1833	724
1834	725
1835	726
1836	725
1837	727
1838	726
1839	727
1840	725
1841	728
1842	725
1843	729
1844	728
1845	729
1846	725
1847	730
1848	725
1849	721
1850	730
1851	721
1852	725
1853	723
1854	731
1855	733
1856	732
1857	732
1858	733
1859	734
1860	733
1861	735
1862	734
1863	735
1864	733
1865	736
1866	733
1867	737
1868	736
1869	736
1870	737
1871	738
1872	737
1873	739
1874	738
1875	740
1876	741
1877	742
1878	741
1879	743
1880	742
1881	742
1882	743
1883	744
1884	743
1885	745
1886	744
1887	744
1888	745
1889	746
1890	746
1891	747
1892	744
1893	744
1894	747
1895	748
1896	748
1897	742
1898	744
1899	690
1900	688
1901	749
1902	688
1903	750
1904	749
1905	751
1906	752
1907	753
1908	752
1909	754
1910	753
1911	754
1912	752
1913	755
1914	752
1915	756
1916	755
1917	755
1918	756
1919	757
1920	695
1921	758
1922	693
1923	693
1924	758
1925	759
1926	760
1927	762
1928	761
1929	763
1930	765
1931	764
1932	764
1933	765
1934	766
1935	765
1936	767
1937	766
1938	766
1939	767
1940	768
1941	767
1942	769
1943	768
1944	769
1945	767
1946	770
1947	767
1948	771
1949	770
1950	771
1951	767
1952	765
1953	772
1954	773
1955	774
1956	773
1957	775
1958	774
1959	775
1960	773
1961	776
1962	773
1963	777
1964	776
1965	776
1966	777
1967	778
1968	777
1969	779
1970	778
1971	778
1972	779
1973	780
1974	779
1975	777
1976	781
1977	777
1978	782
1979	781
1980	782
1981	777
1982	783
1983	777
1984	773
1985	783
1986	783
1987	773
1988	784
1989	785
1990	786
1991	787
1992	786
1993	788
1994	787
1995	787
1996	788
1997	789
1998	788
1999	790
2000	789
2001	790
2002	788
2003	791
2004	788
2005	792
2006	791
2007	792
2008	788
2009	793
2010	788
2011	786
2012	793
2013	793
2014	786
2015	794
2016	786
2017	795
2018	794
2019	796
2020	798
2021	797
2022	797
2023	798
2024	799
2025	798
2026	800
2027	799
2028	801
2029	802
2030	803
2031	804
2032	806
2033	805
2034	805
2035	806
2036	807
2037	806
2038	808
2039	807
2040	808
2041	806
2042	809
2043	810
2044	812
2045	811
2046	813
2047	815
2048	814
2049	814
2050	815
2051	816
2052	816
2053	817
2054	814
2055	817
2056	816
2057	818
2058	816
2059	819
2060	818
2061	819
2062	816
2063	820
2064	816
2065	815
2066	820
2067	820
2068	815
2069	821
2070	815
2071	822
2072	821
2073	821
2074	822
2075	823
2076	824
2077	826
2078	825
2079	808
2080	827
2081	807
2082	827
2083	828
2084	807
2085	829
2086	830
2087	831
2088	830
2089	832
2090	831
2091	831
2092	832
2093	833
2094	832
2095	834
2096	833
2097	834
2098	832
2099	835
2100	836
2101	838
2102	837
2103	839
2104	840
2105	841
2106	840
2107	842
2108	841
2109	841
2110	842
2111	843
2112	843
2113	844
2114	841
2115	841
2116	844
2117	845
2118	846
2119	848
2120	847
2121	847
2122	848
2123	849
2124	848
2125	850
2126	849
2127	849
2128	850
2129	851
2130	850
2131	848
2132	852
2133	853
2134	854
2135	855
2136	854
2137	856
2138	855
2139	857
2140	859
2141	858
2142	858
2143	859
2144	860
2145	859
2146	861
2147	860
2148	860
2149	861
2150	862
2151	863
2152	865
2153	864
2154	864
2155	865
2156	866
2157	865
2158	867
2159	866
2160	866
2161	867
2162	868
2163	868
2164	869
2165	866
2166	866
2167	869
2168	870
2169	870
2170	864
2171	866
2172	871
2173	873
2174	872
2175	872
2176	873
2177	874
2178	873
2179	875
2180	874
2181	834
2182	876
2183	877
2184	876
2185	878
2186	877
2187	877
2188	878
2189	879
2190	879
2191	880
2192	877
2193	881
2194	882
2195	883
2196	882
2197	884
2198	883
2199	885
2200	886
2201	887
2202	886
2203	888
2204	887
2205	888
2206	886
2207	889
2208	886
2209	890
2210	889
2211	891
2212	892
2213	893
2214	892
2215	894
2216	893
2217	894
2218	892
2219	895
2220	892
2221	896
2222	895
2223	895
2224	896
2225	897
2226	896
2227	898
2228	897
2229	897
2230	898
2231	899
2232	898
2233	900
2234	899
2235	900
2236	898
2237	896
2238	896
2239	901
2240	900
2241	900
2242	901
2243	902
2244	902
2245	903
2246	900
2247	892
2248	904
2249	896
2250	904
2251	905
2252	896
2253	906
2254	907
2255	832
2256	832
2257	907
2258	876
2259	907
2260	878
2261	876
2262	843
2263	908
2264	844
2265	909
2266	910
2267	911
2268	910
2269	912
2270	911
2271	911
2272	912
2273	913
2274	914
2275	915
2276	916
2277	915
2278	917
2279	916
2280	916
2281	917
2282	918
2283	917
2284	919
2285	918
2286	920
2287	922
2288	921
2289	921
2290	922
2291	923
2292	922
2293	924
2294	923
2295	923
2296	924
2297	925
2298	889
2299	926
2300	888
2301	888
2302	926
2303	927
2304	926
2305	928
2306	927
2307	929
2308	930
2309	931
2310	930
2311	932
2312	931
2313	931
2314	932
2315	933
2316	932
2317	934
2318	933
2319	933
2320	934
2321	935
2322	936
2323	938
2324	937
2325	937
2326	938
2327	939
2328	938
2329	940
2330	939
2331	940
2332	938
2333	941
2334	942
2335	943
2336	944
2337	943
2338	945
2339	944
2340	944
2341	945
2342	946
2343	918
2344	947
2345	916
2346	947
2347	948
2348	916
2349	916
2350	948
2351	949
2352	948
2353	950
2354	949
2355	949
2356	950
2357	951
2358	951
2359	952
2360	949
2361	949
2362	952
2363	953
2364	953
2365	916
2366	949
2367	954
2368	870
2369	955
2370	870
2371	956
2372	955
2373	955
2374	956
2375	957
2376	869
2377	958
2378	870
2379	870
2380	958
2381	956
2382	958
2383	959
2384	956
2385	959
2386	958
2387	960
2388	961
2389	963
2390	962
2391	962
2392	963
2393	964
2394	963
2395	965
2396	964
2397	964
2398	965
2399	966
2400	967
2401	968
2402	969
2403	968
2404	970
2405	969
2406	969
2407	970
2408	971
2409	971
2410	972
2411	969
2412	969
2413	972
2414	973
2415	972
2416	974
2417	973
2418	969
2419	973
2420	975
2421	973
2422	976
2423	975
2424	975
2425	976
2426	977
2427	976
2428	978
2429	977
2430	977
2431	978
2432	979
2433	978
2434	980
2435	979
2436	979
2437	980
2438	981
2439	981
2440	982
2441	979
2442	979
2443	982
2444	983
2445	984
2446	953
2447	985
2448	985
2449	953
2450	952
2451	986
2452	988
2453	987
2454	987
2455	988
2456	989
2457	988
2458	990
2459	989
2460	989
2461	990
2462	991
2463	990
2464	992
2465	991
2466	991
2467	992
2468	993
2469	992
2470	994
2471	993
2472	987
2473	989
2474	995
2475	989
2476	996
2477	995
2478	996
2479	989
2480	991
2481	991
2482	993
2483	996
2484	996
2485	993
2486	997
2487	993
2488	998
2489	997
2490	997
2491	998
2492	999
2493	999
2494	1000
2495	997
2496	997
2497	1000
2498	1001
2499	1001
2500	1002
2501	997
2502	997
2503	1002
2504	1003
2505	1002
2506	1004
2507	1003
2508	1003
2509	1004
2510	1005
2511	1005
2512	1006
2513	1003
2514	1003
2515	1006
2516	996
2517	996
2518	997
2519	1003
2520	973
2521	1007
2522	976
2523	1007
2524	1008
2525	976
2526	976
2527	1008
2528	1009
2529	1009
2530	1010
2531	976
2532	976
2533	1010
2534	978
2535	1010
2536	980
2537	978
2538	1011
2539	1013
2540	1012
2541	1012
2542	1013
2543	1014
2544	1014
2545	1015
2546	1012
2547	1012
2548	1015
2549	1016
2550	1015
2551	1017
2552	1016
2553	1017
2554	1015
2555	1018
2556	1015
2557	1014
2558	1018
2559	1018
2560	1014
2561	1019
2562	1020
2563	1022
2564	1021
2565	1021
2566	1022
2567	1023
2568	1022
2569	1024
2570	1023
2571	1023
2572	1024
2573	1025
2574	1025
2575	1026
2576	1023
2577	1023
2578	1026
2579	1027
2580	1026
2581	1028
2582	1027
2583	1027
2584	1028
2585	1029
2586	1028
2587	1030
2588	1029
2589	1029
2590	1030
2591	899
2592	1030
2593	1031
2594	899
2595	899
2596	1031
2597	1032
2598	1032
2599	1033
2600	899
2601	899
2602	1033
2603	897
2604	1033
2605	1032
2606	897
2607	899
2608	900
2609	1029
2610	1029
2611	900
2612	1027
2613	900
2614	1023
2615	1027
2616	1023
2617	900
2618	1021
2619	900
2620	1034
2621	1021
2622	1021
2623	1034
2624	1035
2625	1035
2626	1036
2627	1021
2628	997
2629	993
2630	1037
2631	902
2632	1038
2633	1034
2634	1034
2635	1038
2636	1035
2637	939
2638	1039
2639	938
2640	938
2641	1039
2642	939
2643	1040
2644	1042
2645	1041
2646	1041
2647	1042
2648	1043
2649	1042
2650	1044
2651	1043
2652	1045
2653	1046
2654	1047
2655	1046
2656	1048
2657	1047
2658	1049
2659	1050
2660	1051
2661	1052
2662	1054
2663	1053
2664	1053
2665	1054
2666	1055
2667	1054
2668	1056
2669	1055
2670	1057
2671	1058
2672	1059
2673	1041
2674	1043
2675	1060
2676	1060
2677	1043
2678	1061
2679	1062
2680	1064
2681	1063
2682	1065
2683	1067
2684	1066
2685	1066
2686	1067
2687	1068
2688	1067
2689	1069
2690	1068
2691	1070
2692	1072
2693	1071
2694	1071
2695	1072
2696	1073
2697	1072
2698	1074
2699	1073
2700	1073
2701	1074
2702	1075
2703	1075
2704	1076
2705	1073
2706	1073
2707	1076
2708	1071
2709	1076
2710	1077
2711	1071
2712	1071
2713	1077
2714	1078
2715	1079
2716	1081
2717	1080
2718	1080
2719	1081
2720	1082
2721	1081
2722	1083
2723	1082
2724	1084
2725	1085
2726	1086
2727	1087
2728	1089
2729	1088
2730	1090
2731	1092
2732	1091
2733	1091
2734	1092
2735	1093
2736	1092
2737	1094
2738	1093
2739	1095
2740	1096
2741	1097
2742	1096
2743	1098
2744	1097
2745	1097
2746	1098
2747	1099
2748	1100
2749	1102
2750	1101
2751	1101
2752	1102
2753	1103
2754	1102
2755	1104
2756	1103
2757	1103
2758	1104
2759	1105
2760	1104
2761	1106
2762	1105
2763	1105
2764	1106
2765	1103
2766	1106
2767	1107
2768	1103
2769	1103
2770	1107
2771	1108
2772	1108
2773	1101
2774	1103
2775	1104
2776	1109
2777	1106
2778	1106
2779	1109
2780	1110
2781	1109
2782	1111
2783	1110
2784	1110
2785	1111
2786	1112
2787	1111
2788	1113
2789	1112
2790	1113
2791	1111
2792	1114
2793	1114
2794	1115
2795	1113
2796	1113
2797	1115
2798	1116
2799	1116
2800	1117
2801	1113
2802	1117
2803	1116
2804	1118
2805	1107
2806	1106
2807	1119
2808	1119
2809	1106
2810	1120
2811	1106
2812	1121
2813	1120
2814	1121
2815	1106
2816	1110
2817	1110
2818	1122
2819	1121
2820	1122
2821	1110
2822	1123
2823	1110
2824	1112
2825	1123
2826	1123
2827	1112
2828	1124
2829	1112
2830	1125
2831	1124
2832	1124
2833	1125
2834	1126
2835	1125
2836	1117
2837	1126
2838	1126
2839	1117
2840	1127
2841	1112
2842	1113
2843	1125
2844	1125
2845	1113
2846	1117
2847	1128
2848	1129
2849	1130
2850	1129
2851	1131
2852	1130
2853	1130
2854	1131
2855	1132
2856	1132
2857	1133
2858	1130
2859	1130
2860	1133
2861	1134
2862	1133
2863	1135
2864	1134
2865	1134
2866	1135
2867	1136
2868	1135
2869	1137
2870	1136
2871	1137
2872	1135
2873	1138
2874	1135
2875	1133
2876	1138
2877	1139
2878	1141
2879	1140
2880	1140
2881	1141
2882	1142
2883	1141
2884	1143
2885	1142
2886	1142
2887	1143
2888	1144
2889	1143
2890	1145
2891	1144
2892	1145
2893	1143
2894	1146
2895	1143
2896	1147
2897	1146
2898	1147
2899	1143
2900	1141
2901	1148
2902	1150
2903	1149
2904	1151
2905	1145
2906	1152
2907	1145
2908	1146
2909	1152
2910	1153
2911	1066
2912	1154
2913	1066
2914	1068
2915	1154
2916	1098
2917	1096
2918	1155
2919	1156
2920	1158
2921	1157
2922	1159
2923	1160
2924	1161
2925	1162
2926	1163
2927	1114
2928	1114
2929	1163
2930	1115
2931	1164
2932	1166
2933	1165
2934	1167
2935	1168
2936	1169
2937	1168
2938	1170
2939	1169
2940	1171
2941	1172
2942	1173
2943	1174
2944	1176
2945	1175
2946	1175
2947	1176
2948	1177
2949	1176
2950	1178
2951	1177
2952	1177
2953	1178
2954	1179
2955	1179
2956	1180
2957	1177
2958	1177
2959	1180
2960	1181
2961	1180
2962	1182
2963	1181
2964	1183
2965	1184
2966	1185
2967	1184
2968	1175
2969	1185
2970	1185
2971	1175
2972	1181
2973	1175
2974	1186
2975	1181
2976	1181
2977	1186
2978	1177
2979	1186
2980	1175
2981	1177
2982	1187
2983	1188
2984	1189
2985	1190
2986	1192
2987	1191
2988	1191
2989	1192
2990	1193
2991	1192
2992	1194
2993	1193
2994	1193
2995	1194
2996	1195
2997	1196
2998	1197
2999	1198
3000	1197
3001	1199
3002	1198
3003	1198
3004	1199
3005	1200
3006	1199
3007	1201
3008	1200
3009	1202
3010	1203
3011	1204
3012	1205
3013	1206
3014	1207
3015	1206
3016	1208
3017	1207
3018	1207
3019	1208
3020	1209
3021	1208
3022	1210
3023	1209
3024	1209
3025	1210
3026	1211
3027	1211
3028	1212
3029	1209
3030	1212
3031	1211
3032	1213
3033	1214
3034	1215
3035	1216
3036	1215
3037	1217
3038	1216
3039	1216
3040	1217
3041	1218
3042	1217
3043	1219
3044	1218
3045	1218
3046	1219
3047	1220
3048	1209
3049	1212
3050	1207
3051	1212
3052	1221
3053	1207
3054	1207
3055	1221
3056	1222
3057	1221
3058	1223
3059	1222
3060	1223
3061	1221
3062	1224
3063	1221
3064	1212
3065	1224
3066	1224
3067	1212
3068	1225
3069	1226
3070	1227
3071	1228
3072	1227
3073	1229
3074	1228
3075	1228
3076	1229
3077	1230
3078	1229
3079	1231
3080	1230
3081	1231
3082	1229
3083	1232
3084	1229
3085	1233
3086	1232
3087	1233
3088	1229
3089	1234
3090	1229
3091	1227
3092	1234
3093	1234
3094	1227
3095	1235
3096	1227
3097	1236
3098	1235
3099	1237
3100	1238
3101	1239
3102	1238
3103	1240
3104	1239
3105	1239
3106	1240
3107	1241
3108	1240
3109	1242
3110	1241
3111	1242
3112	1240
3113	1243
3114	1243
3115	1244
3116	1242
3117	1238
3118	1245
3119	1240
3120	1245
3121	1243
3122	1240
3123	1246
3124	1247
3125	1248
3126	1247
3127	1249
3128	1248
3129	1248
3130	1249
3131	1250
3132	1249
3133	1251
3134	1250
3135	1250
3136	1251
3137	1252
3138	1251
3139	1253
3140	1252
3141	1252
3142	1253
3143	1254
3144	1253
3145	1255
3146	1254
3147	1255
3148	1253
3149	1256
3150	1256
3151	1257
3152	1255
3153	1257
3154	1256
3155	1258
3156	1258
3157	1259
3158	1257
3159	1259
3160	1258
3161	1260
3162	1258
3163	1261
3164	1260
3165	1260
3166	1261
3167	1262
3168	1261
3169	1263
3170	1262
3171	1263
3172	1261
3173	1264
3174	1247
3175	1265
3176	1249
3177	1249
3178	1265
3179	1266
3180	1266
3181	1251
3182	1249
3183	1251
3184	1266
3185	1253
3186	1266
3187	1261
3188	1253
3189	1253
3190	1261
3191	1267
3192	1261
3193	1258
3194	1267
3195	1267
3196	1258
3197	1256
3198	1256
3199	1253
3200	1267
3201	1194
3202	1192
3203	1268
3204	1210
3205	1208
3206	1269
3207	1208
3208	1206
3209	1269
3210	1269
3211	1206
3212	1270
3213	1271
3214	1272
3215	1215
3216	1215
3217	1272
3218	1273
3219	1273
3220	1274
3221	1215
3222	1215
3223	1274
3224	1217
3225	1274
3226	1275
3227	1217
3228	1217
3229	1275
3230	1276
3231	1276
3232	1219
3233	1217
3234	1277
3235	1279
3236	1278
3237	1278
3238	1279
3239	1280
3240	1280
3241	1281
3242	1278
3243	1278
3244	1281
3245	1282
3246	1281
3247	1283
3248	1282
3249	1282
3250	1283
3251	1284
3252	1283
3253	1285
3254	1284
3255	1284
3256	1285
3257	1286
3258	1281
3259	1287
3260	1283
3261	1287
3262	1288
3263	1283
3264	1283
3265	1288
3266	1285
3267	1288
3268	1289
3269	1285
3270	1285
3271	1289
3272	1290
3273	1290
3274	1291
3275	1285
3276	1292
3277	1294
3278	1293
3279	1293
3280	1294
3281	1295
3282	1294
3283	1296
3284	1295
3285	1296
3286	1294
3287	1297
3288	1298
3289	1300
3290	1299
3291	1299
3292	1300
3293	1301
3294	1300
3295	1302
3296	1301
3297	1301
3298	1302
3299	1303
3300	1303
3301	1304
3302	1301
3303	1303
3304	1302
3305	1305
3306	1302
3307	1306
3308	1305
3309	1305
3310	1306
3311	1307
3312	1308
3313	1309
3314	1310
3315	1309
3316	1311
3317	1310
3318	1310
3319	1311
3320	1312
3321	1311
3322	1313
3323	1312
3324	1314
3325	1315
3326	1316
3327	1315
3328	1317
3329	1316
3330	1318
3331	1319
3332	1320
3333	1319
3334	1321
3335	1320
3336	1320
3337	1321
3338	1322
3339	1322
3340	1323
3341	1320
3342	1323
3343	1322
3344	1324
3345	1322
3346	1325
3347	1324
3348	1324
3349	1325
3350	1326
3351	1326
3352	1327
3353	1324
3354	1324
3355	1327
3356	1328
3357	1328
3358	1329
3359	1324
3360	1324
3361	1329
3362	1323
3363	1329
3364	1330
3365	1323
3366	1330
3367	1329
3368	1331
3369	1329
3370	1328
3371	1331
3372	1332
3373	1333
3374	1334
3375	1333
3376	1335
3377	1334
3378	1334
3379	1335
3380	1336
3381	1335
3382	1337
3383	1336
3384	1336
3385	1337
3386	1338
3387	1337
3388	1339
3389	1338
3390	1339
3391	1337
3392	1340
3393	1337
3394	1341
3395	1340
3396	1340
3397	1341
3398	1342
3399	1341
3400	1343
3401	1342
3402	1342
3403	1343
3404	1344
3405	1343
3406	1345
3407	1344
3408	1344
3409	1345
3410	1346
3411	1347
3412	1349
3413	1348
3414	1348
3415	1349
3416	1350
3417	1349
3418	1351
3419	1350
3420	1352
3421	1353
3422	1354
3423	1353
3424	1355
3425	1354
3426	1355
3427	1353
3428	1356
3429	1353
3430	1357
3431	1356
3432	1356
3433	1357
3434	1358
3435	1358
3436	1359
3437	1356
3438	1337
3439	1335
3440	1341
3441	1335
3442	1333
3443	1341
3444	1341
3445	1333
3446	1345
3447	1333
3448	1360
3449	1345
3450	1361
3451	1363
3452	1362
3453	1362
3454	1363
3455	1364
3456	1363
3457	1365
3458	1364
3459	1364
3460	1365
3461	1366
3462	1365
3463	1367
3464	1366
3465	1341
3466	1345
3467	1343
3468	1368
3469	1369
3470	1309
3471	1309
3472	1369
3473	1311
3474	1369
3475	1370
3476	1311
3477	1311
3478	1370
3479	1371
3480	1371
3481	1372
3482	1311
3483	1372
3484	1371
3485	1373
3486	1371
3487	1374
3488	1373
3489	1373
3490	1374
3491	1375
3492	1374
3493	1376
3494	1375
3495	1377
3496	1379
3497	1378
3498	1378
3499	1379
3500	1380
3501	1379
3502	1381
3503	1380
3504	1380
3505	1381
3506	1382
3507	1383
3508	1384
3509	1385
3510	1384
3511	1386
3512	1385
3513	1385
3514	1386
3515	1387
3516	1386
3517	1388
3518	1387
3519	1389
3520	1390
3521	1391
3522	1390
3523	1392
3524	1391
3525	1391
3526	1392
3527	1393
3528	1392
3529	1394
3530	1393
3531	1393
3532	1394
3533	1395
3534	1394
3535	1396
3536	1395
3537	1391
3538	1393
3539	1397
3540	1397
3541	1393
3542	1398
3543	1393
3544	1395
3545	1398
3546	1398
3547	1395
3548	1399
3549	1399
3550	1400
3551	1398
3552	1398
3553	1400
3554	1401
3555	1400
3556	1402
3557	1401
3558	1401
3559	1402
3560	1403
3561	1402
3562	1404
3563	1403
3564	1403
3565	1405
3566	1401
3567	1405
3568	1406
3569	1401
3570	1401
3571	1406
3572	1407
3573	1406
3574	1397
3575	1407
3576	1407
3577	1397
3578	1398
3579	1398
3580	1401
3581	1407
3582	1304
3583	1307
3584	1408
3585	1305
3586	1408
3587	1409
3588	1306
3589	1302
3590	1410
3591	1302
3592	1411
3593	1410
3594	1325
3595	1322
3596	1412
3597	1322
3598	1413
3599	1412
3600	1413
3601	1322
3602	1321
3603	1321
3604	1319
3605	1413
3606	1413
3607	1319
3608	1414
3609	1319
3610	1415
3611	1414
3612	1321
3613	1416
3614	1413
3615	1417
3616	1334
3617	1418
3618	1418
3619	1334
3620	1338
3621	1334
3622	1336
3623	1338
3624	1419
3625	1365
3626	1367
3627	1420
3628	1362
3629	1366
3630	1366
3631	1362
3632	1364
3633	1421
3634	1422
3635	1423
3636	1422
3637	1424
3638	1423
3639	1423
3640	1424
3641	1425
3642	1424
3643	1426
3644	1425
3645	1425
3646	1426
3647	1427
3648	1427
3649	1428
3650	1425
3651	1425
3652	1428
3653	1429
3654	1429
3655	1423
3656	1425
3657	1423
3658	1429
3659	1430
3660	1430
3661	1431
3662	1423
3663	1423
3664	1431
3665	1424
3666	1431
3667	1432
3668	1424
3669	1433
3670	1434
3671	1435
3672	1434
3673	1436
3674	1435
3675	1435
3676	1436
3677	1437
3678	1436
3679	1438
3680	1437
3681	1438
3682	1436
3683	1439
3684	1436
3685	1440
3686	1439
3687	1440
3688	1436
3689	1434
3690	1434
3691	1441
3692	1440
3693	1442
3694	1444
3695	1443
3696	1443
3697	1444
3698	1445
3699	1444
3700	1446
3701	1445
3702	1445
3703	1446
3704	1447
3705	1446
3706	1448
3707	1447
3708	1449
3709	1451
3710	1450
3711	1450
3712	1451
3713	1452
3714	1451
3715	1453
3716	1452
3717	1454
3718	1456
3719	1455
3720	1455
3721	1456
3722	1457
3723	1456
3724	1458
3725	1457
3726	1457
3727	1458
3728	1459
3729	1458
3730	1460
3731	1459
3732	1460
3733	1458
3734	1445
3735	1445
3736	1447
3737	1460
3738	1461
3739	1462
3740	1463
3741	1462
3742	1464
3743	1463
3744	1463
3745	1464
3746	1465
3747	1464
3748	1466
3749	1465
3750	1466
3751	1464
3752	1467
3753	1464
3754	1468
3755	1467
3756	1468
3757	1464
3758	1462
3759	1443
3760	1469
3761	1456
3762	1456
3763	1469
3764	1458
3765	1469
3766	1445
3767	1458
3768	1445
3769	1469
3770	1443
3771	1470
3772	1472
3773	1471
3774	1471
3775	1472
3776	1473
3777	1474
3778	1476
3779	1475
3780	1475
3781	1476
3782	1477
3783	1478
3784	1480
3785	1479
3786	1479
3787	1480
3788	1481
3789	1480
3790	1482
3791	1481
3792	1483
3793	1484
3794	1485
3795	1484
3796	1486
3797	1485
3798	1487
3799	1488
3800	1489
3801	1490
3802	1492
3803	1491
3804	1493
3805	1494
3806	1495
3807	1494
3808	1496
3809	1495
3810	1495
3811	1496
3812	1497
3813	1496
3814	1498
3815	1497
3816	1498
3817	1496
3818	1499
3819	1496
3820	1500
3821	1499
3822	1500
3823	1496
3824	1494
3825	1501
3826	1503
3827	1502
3828	1504
3829	1506
3830	1505
3831	1505
3832	1506
3833	1507
3834	1507
3835	1508
3836	1505
3837	1508
3838	1507
3839	1509
3840	1507
3841	1510
3842	1509
3843	1509
3844	1510
3845	1511
3846	1510
3847	1512
3848	1511
3849	1511
3850	1512
3851	1513
3852	1513
3853	1514
3854	1511
3855	1514
3856	1513
3857	1515
3858	1515
3859	1516
3860	1514
3861	1514
3862	1516
3863	1517
3864	1517
3865	1518
3866	1514
3867	1514
3868	1518
3869	1519
3870	1518
3871	1520
3872	1519
3873	1519
3874	1520
3875	1521
3876	1520
3877	1522
3878	1521
3879	1521
3880	1522
3881	1523
3882	1522
3883	1524
3884	1523
3885	1523
3886	1524
3887	1525
3888	1524
3889	1526
3890	1525
3891	1523
3892	1525
3893	1521
3894	1521
3895	1525
3896	1519
3897	1525
3898	1527
3899	1519
3900	1519
3901	1527
3902	1508
3903	1508
3904	1514
3905	1519
3906	1514
3907	1508
3908	1511
3909	1508
3910	1509
3911	1511
3912	1528
3913	1529
3914	1530
3915	1529
3916	1531
3917	1530
3918	1530
3919	1531
3920	1532
3921	1531
3922	1533
3923	1532
3924	1534
3925	1535
3926	1536
3927	1535
3928	1537
3929	1536
3930	1537
3931	1535
3932	1538
3933	1535
3934	1539
3935	1538
3936	1540
3937	1542
3938	1541
3939	1541
3940	1542
3941	1543
3942	1542
3943	1544
3944	1543
3945	1543
3946	1544
3947	1545
3948	1545
3949	1546
3950	1543
3951	1547
3952	1548
3953	1549
3954	1548
3955	1550
3956	1549
3957	1549
3958	1550
3959	1551
3960	1550
3961	1552
3962	1551
3963	1551
3964	1552
3965	1553
3966	1553
3967	1554
3968	1551
3969	1551
3970	1554
3971	1555
3972	1550
3973	1548
3974	1552
3975	1548
3976	1556
3977	1552
3978	1552
3979	1556
3980	1557
3981	1556
3982	1558
3983	1557
3984	1557
3985	1558
3986	1559
3987	1559
3988	1552
3989	1557
3990	1552
3991	1559
3992	1560
3993	1561
3994	1563
3995	1562
3996	1562
3997	1563
3998	1564
3999	1564
4000	1565
4001	1562
4002	1565
4003	1564
4004	1566
4005	1564
4006	1567
4007	1566
4008	1566
4009	1567
4010	1568
4011	1568
4012	1565
4013	1566
4014	1565
4015	1568
4016	1569
4017	1568
4018	1570
4019	1569
4020	1569
4021	1570
4022	1571
4023	1570
4024	1572
4025	1571
4026	1571
4027	1572
4028	1573
4029	1568
4030	1567
4031	1570
4032	1570
4033	1567
4034	1574
4035	1567
4036	1575
4037	1574
4038	1576
4039	1577
4040	1578
4041	1579
4042	1581
4043	1580
4044	1582
4045	1583
4046	1584
4047	1585
4048	1587
4049	1586
4050	1588
4051	1589
4052	1590
4053	1589
4054	1591
4055	1590
4056	1592
4057	1593
4058	1594
4059	1593
4060	1595
4061	1594
4062	1594
4063	1595
4064	1596
4065	1597
4066	1599
4067	1598
4068	1600
4069	1601
4070	1602
4071	1601
4072	1603
4073	1602
4074	1604
4075	1605
4076	1606
4077	1605
4078	1607
4079	1606
4080	1606
4081	1607
4082	1608
4083	1607
4084	1609
4085	1608
4086	1609
4087	1607
4088	1610
4089	1607
4090	1611
4091	1610
4092	1611
4093	1607
4094	1605
4095	1612
4096	1567
4097	1613
4098	1567
4099	1564
4100	1613
4101	1613
4102	1564
4103	1614
4104	1564
4105	1563
4106	1614
4107	1614
4108	1563
4109	1615
4110	1616
4111	1618
4112	1617
4113	1574
4114	1619
4115	1570
4116	1619
4117	1620
4118	1570
4119	1570
4120	1620
4121	1572
4122	1620
4123	1621
4124	1572
4125	1572
4126	1621
4127	1622
4128	1622
4129	1623
4130	1572
4131	1624
4132	1625
4133	1626
4134	1625
4135	1627
4136	1626
4137	1628
4138	1629
4139	1630
4140	1631
4141	1632
4142	1633
4143	1632
4144	1634
4145	1633
4146	1634
4147	1632
4148	1635
4149	1632
4150	1636
4151	1635
4152	1635
4153	1636
4154	1637
4155	1637
4156	1638
4157	1635
4158	1635
4159	1638
4160	1639
4161	1638
4162	1640
4163	1639
4164	1639
4165	1641
4166	1635
4167	1641
4168	1634
4169	1635
4170	1642
4171	1643
4172	1644
4173	1645
4174	1647
4175	1646
4176	1648
4177	1650
4178	1649
4179	1649
4180	1650
4181	1651
4182	1650
4183	1652
4184	1651
4185	1651
4186	1652
4187	1653
4188	1652
4189	1654
4190	1653
4191	1654
4192	1652
4193	1655
4194	1656
4195	1658
4196	1657
4197	1657
4198	1658
4199	1659
4200	1660
4201	1662
4202	1661
4203	1663
4204	1664
4205	1665
4206	1666
4207	1668
4208	1667
4209	1667
4210	1668
4211	1669
4212	1670
4213	1672
4214	1671
4215	1671
4216	1672
4217	1673
4218	1672
4219	1674
4220	1673
4221	1673
4222	1674
4223	1675
4224	1676
4225	1671
4226	1677
4227	1677
4228	1671
4229	1678
4230	1671
4231	1679
4232	1678
4233	1679
4234	1671
4235	1673
4236	1673
4237	1680
4238	1679
4239	1679
4240	1680
4241	1681
4242	1682
4243	1684
4244	1683
4245	1683
4246	1684
4247	1685
4248	1684
4249	1686
4250	1685
4251	1685
4252	1686
4253	1687
4254	1686
4255	1688
4256	1687
4257	1687
4258	1688
4259	1689
4260	1690
4261	1692
4262	1691
4263	1691
4264	1692
4265	1693
4266	1692
4267	1694
4268	1693
4269	1693
4270	1694
4271	1695
4272	1695
4273	1696
4274	1693
4275	1693
4276	1696
4277	1697
4278	1697
4279	1698
4280	1693
4281	1693
4282	1698
4283	1691
4284	1699
4285	1700
4286	1673
4287	1700
4288	1701
4289	1673
4290	1673
4291	1701
4292	1680
4293	1649
4294	1651
4295	1702
4296	1702
4297	1651
4298	1653
4299	1653
4300	1703
4301	1702
4302	1702
4303	1703
4304	1704
4305	1704
4306	1649
4307	1702
4308	1705
4309	1707
4310	1706
4311	1706
4312	1707
4313	1708
4314	1707
4315	1709
4316	1708
4317	1708
4318	1709
4319	1710
4320	1709
4321	1711
4322	1710
4323	1711
4324	1709
4325	1707
4326	1707
4327	1712
4328	1711
4329	1712
4330	1707
4331	1713
4332	1707
4333	1714
4334	1713
4335	1713
4336	1714
4337	1715
4338	1716
4339	1718
4340	1717
4341	1717
4342	1718
4343	1719
4344	1718
4345	1720
4346	1719
4347	1719
4348	1720
4349	1721
4350	1720
4351	1722
4352	1721
4353	1721
4354	1722
4355	1723
4356	1723
4357	1724
4358	1721
4359	1724
4360	1723
4361	1725
4362	1725
4363	1726
4364	1724
4365	1724
4366	1726
4367	1727
4368	1726
4369	1728
4370	1727
4371	1729
4372	1730
4373	1731
4374	1730
4375	1732
4376	1731
4377	1732
4378	1730
4379	1733
4380	1730
4381	1734
4382	1733
4383	1733
4384	1734
4385	1735
4386	1734
4387	1736
4388	1735
4389	1737
4390	1739
4391	1738
4392	1738
4393	1739
4394	1740
4395	1739
4396	1741
4397	1740
4398	1742
4399	1743
4400	1744
4401	1745
4402	1747
4403	1746
4404	1746
4405	1747
4406	1748
4407	1749
4408	1751
4409	1750
4410	1750
4411	1751
4412	1752
4413	1752
4414	1753
4415	1750
4416	1750
4417	1753
4418	1754
4419	1755
4420	1757
4421	1756
4422	1756
4423	1757
4424	1758
4425	1757
4426	1759
4427	1758
4428	1760
4429	1761
4430	1762
4431	1761
4432	1763
4433	1762
4434	1762
4435	1763
4436	1764
4437	1764
4438	1765
4439	1762
4440	1766
4441	1767
4442	1768
4443	1767
4444	1769
4445	1768
4446	1769
4447	1767
4448	1770
4449	1767
4450	1771
4451	1770
4452	1772
4453	1773
4454	1774
4455	1773
4456	1775
4457	1774
4458	1774
4459	1775
4460	1776
4461	1777
4462	1732
4463	1778
4464	1732
4465	1733
4466	1778
4467	1778
4468	1733
4469	1734
4470	1733
4471	1778
4472	1734
4473	1779
4474	1780
4475	1712
4476	1712
4477	1780
4478	1711
4479	1780
4480	1781
4481	1711
4482	1711
4483	1781
4484	1782
4485	1782
4486	1783
4487	1711
4488	1711
4489	1783
4490	1784
4491	1783
4492	1785
4493	1784
4494	1784
4495	1785
4496	1786
4497	1786
4498	1787
4499	1784
4500	1784
4501	1787
4502	1711
4503	1787
4504	1788
4505	1711
4506	1711
4507	1788
4508	1789
4509	1789
4510	1710
4511	1711
4512	1710
4513	1789
4514	1708
4515	1789
4516	1790
4517	1708
4518	1708
4519	1790
4520	1791
4521	1791
4522	1706
4523	1708
4524	1706
4525	1791
4526	1792
4527	1792
4528	1705
4529	1706
4530	1705
4531	1792
4532	1793
4533	1794
4534	1796
4535	1795
4536	1797
4537	1717
4538	1798
4539	1798
4540	1717
4541	1799
4542	1799
4543	1800
4544	1798
4545	1798
4546	1800
4547	1801
4548	1800
4549	1802
4550	1801
4551	1801
4552	1802
4553	1803
4554	1803
4555	1804
4556	1801
4557	1805
4558	1806
4559	1807
4560	1806
4561	1808
4562	1807
4563	1809
4564	1811
4565	1810
4566	1810
4567	1811
4568	1812
4569	1811
4570	1813
4571	1812
4572	1814
4573	1815
4574	1816
4575	1815
4576	1817
4577	1816
4578	1816
4579	1817
4580	1718
4581	1817
4582	1720
4583	1718
4584	1720
4585	1817
4586	1818
4587	1818
4588	1722
4589	1720
4590	1815
4591	1819
4592	1817
4593	1819
4594	1818
4595	1817
4596	1762
4597	1764
4598	1765
4599	1764
4600	1762
4601	1763
4602	1762
4603	1820
4604	1765
4605	1756
4606	1758
4607	1821
4608	1822
4609	1823
4610	1727
4611	1823
4612	1824
4613	1727
4614	1727
4615	1824
4616	1724
4617	1824
4618	1721
4619	1724
4620	1721
4621	1824
4622	1719
4623	1824
4624	1825
4625	1719
4626	1825
4627	1824
4628	1823
4629	1803
4630	1826
4631	1827
4632	1826
4633	1828
4634	1827
4635	1828
4636	1826
4637	1825
4638	1826
4639	1719
4640	1825
4641	1719
4642	1826
4643	1717
4644	1826
4645	1829
4646	1717
4647	1717
4648	1829
4649	1799
4650	1829
4651	1826
4652	1799
4653	1799
4654	1826
4655	1830
4656	1790
4657	1789
4658	1831
4659	1831
4660	1789
4661	1832
4662	1789
4663	1788
4664	1832
4665	1832
4666	1788
4667	1833
4668	1788
4669	1787
4670	1833
4671	1833
4672	1787
4673	1834
4674	1787
4675	1786
4676	1834
4677	1785
4678	1783
4679	1835
4680	1783
4681	1836
4682	1835
4683	1836
4684	1783
4685	1837
4686	1783
4687	1782
4688	1837
4689	1837
4690	1782
4691	1838
4692	1839
4693	1841
4694	1840
4695	1840
4696	1841
4697	1842
4698	1841
4699	1843
4700	1842
4701	1842
4702	1843
4703	1844
4704	1844
4705	1845
4706	1842
4707	1845
4708	1844
4709	1846
4710	1846
4711	1847
4712	1845
4713	1845
4714	1847
4715	1848
4716	1848
4717	1849
4718	1845
4719	1845
4720	1849
4721	1850
4722	1850
4723	1842
4724	1845
4725	1842
4726	1850
4727	1851
4728	1851
4729	1840
4730	1842
4731	1852
4732	1799
4733	1803
4734	1853
4735	1855
4736	1854
4737	1854
4738	1855
4739	1856
4740	1857
4741	1859
4742	1858
4743	1860
4744	1861
4745	1862
4746	1861
4747	1863
4748	1862
4749	1863
4750	1861
4751	1864
4752	1861
4753	1865
4754	1864
4755	1866
4756	1868
4757	1867
4758	1867
4759	1868
4760	1869
4761	1868
4762	1870
4763	1869
4764	1869
4765	1870
4766	1871
4767	1870
4768	1872
4769	1871
4770	1873
4771	1874
4772	1875
4773	1874
4774	1876
4775	1875
4776	1875
4777	1876
4778	1877
4779	1877
4780	1878
4781	1875
4782	1875
4783	1878
4784	1879
4785	1879
4786	1880
4787	1875
4788	1875
4789	1880
4790	1881
4791	1880
4792	1882
4793	1881
4794	1881
4795	1882
4796	1883
4797	1884
4798	1886
4799	1885
4800	1885
4801	1886
4802	1887
4803	1886
4804	1888
4805	1887
4806	1887
4807	1888
4808	1889
4809	1888
4810	1890
4811	1889
4812	1889
4813	1890
4814	1891
4815	1892
4816	1894
4817	1893
4818	1893
4819	1894
4820	1895
4821	1896
4822	1898
4823	1897
4824	1897
4825	1898
4826	1899
4827	1898
4828	1900
4829	1899
4830	1899
4831	1900
4832	1901
4833	1901
4834	1902
4835	1899
4836	1899
4837	1902
4838	1903
4839	1903
4840	1904
4841	1899
4842	1899
4843	1904
4844	1897
4845	1905
4846	1906
4847	1907
4848	1906
4849	1908
4850	1907
4851	1907
4852	1908
4853	1909
4854	1908
4855	1910
4856	1909
4857	1910
4858	1908
4859	1911
4860	1908
4861	1912
4862	1911
4863	1913
4864	1914
4865	1915
4866	1914
4867	1916
4868	1915
4869	1915
4870	1916
4871	1917
4872	1917
4873	1918
4874	1915
4875	1919
4876	1920
4877	1921
4878	1922
4879	1923
4880	1924
4881	1923
4882	1925
4883	1924
4884	1925
4885	1923
4886	1926
4887	1923
4888	1927
4889	1926
4890	1926
4891	1927
4892	1928
4893	1927
4894	1929
4895	1928
4896	1928
4897	1929
4898	1930
4899	1929
4900	1931
4901	1930
4902	1931
4903	1929
4904	1932
4905	1929
4906	1933
4907	1932
4908	1932
4909	1933
4910	1934
4911	1934
4912	1935
4913	1932
4914	1932
4915	1935
4916	1931
4917	1935
4918	1936
4919	1931
4920	1923
4921	1937
4922	1927
4923	1927
4924	1937
4925	1929
4926	1937
4927	1933
4928	1929
4929	1938
4930	1939
4931	1940
4932	1939
4933	1941
4934	1940
4935	1940
4936	1941
4937	1942
4938	1941
4939	1943
4940	1942
4941	1942
4942	1943
4943	1944
4944	1944
4945	1945
4946	1942
4947	1945
4948	1944
4949	1946
4950	1946
4951	1947
4952	1945
4953	1945
4954	1947
4955	1948
4956	1948
4957	1949
4958	1945
4959	1945
4960	1949
4961	1950
4962	1949
4963	1948
4964	1950
4965	1950
4966	1948
4967	1951
4968	1948
4969	1952
4970	1951
4971	1940
4972	1942
4973	1953
4974	1953
4975	1942
4976	1950
4977	1942
4978	1945
4979	1950
4980	1953
4981	1950
4982	1886
4983	1950
4984	1888
4985	1886
4986	1888
4987	1950
4988	1954
4989	1950
4990	1951
4991	1954
4992	1882
4993	1880
4994	1955
4995	1954
4996	1956
4997	1888
4998	1888
4999	1956
5000	1890
5001	1957
5002	1959
5003	1958
5004	1958
5005	1959
5006	1960
5007	1959
5008	1961
5009	1960
5010	1961
5011	1959
5012	1962
