0	0.235
1	0.020
2	0.106
3	0.239
4	0.012
5	0.110
6	0.247
7	0.016
8	0.106
9	0.247
10	0.020
11	0.106
12	0.247
13	0.016
14	0.106
15	0.235
16	0.020
17	0.106
18	0.247
19	0.020
20	0.106
21	0.239
22	0.012
23	0.110
24	0.239
25	0.012
26	0.114
27	0.227
28	0.012
29	0.122
30	0.224
31	0.031
32	0.106
33	0.212
34	0.012
35	0.133
36	0.208
37	0.039
38	0.106
39	0.184
40	0.012
41	0.129
42	0.196
43	0.035
44	0.106
45	0.196
46	0.024
47	0.106
48	0.212
49	0.027
50	0.106
51	0.212
52	0.031
53	0.106
54	0.212
55	0.043
56	0.106
57	0.212
58	0.024
59	0.106
60	0.224
61	0.012
62	0.106
63	0.227
64	0.008
65	0.106
66	0.235
67	0.008
68	0.106
69	0.247
70	0.008
71	0.106
72	0.275
73	0.024
74	0.106
75	0.275
76	0.012
77	0.106
78	0.275
79	0.012
80	0.118
81	0.275
82	0.012
83	0.106
84	0.243
85	0.012
86	0.102
87	0.235
88	0.012
89	0.102
90	0.231
91	0.012
92	0.102
93	0.220
94	0.012
95	0.114
96	0.208
97	0.012
98	0.122
99	0.188
100	0.012
101	0.118
102	0.149
103	0.012
104	0.098
105	0.141
106	0.012
107	0.106
108	0.161
109	0.012
110	0.110
111	0.153
112	0.012
113	0.122
114	0.165
115	0.012
116	0.114
117	0.161
118	0.012
119	0.125
120	0.188
121	0.012
122	0.118
123	0.184
124	0.012
125	0.129
126	0.196
127	0.035
128	0.106
129	0.153
130	0.027
131	0.106
132	0.149
133	0.004
134	0.106
135	0.161
136	0.016
137	0.106
138	0.196
139	0.024
140	0.106
141	0.275
142	0.012
143	0.106
144	0.275
145	0.024
146	0.106
147	0.290
148	0.027
149	0.106
150	0.275
151	0.012
152	0.118
153	0.290
154	0.012
155	0.122
156	0.278
157	0.012
158	0.106
159	0.290
160	0.027
161	0.106
162	0.278
163	0.012
164	0.106
165	0.290
166	0.027
167	0.106
168	0.290
169	0.012
170	0.122
171	0.290
172	0.012
173	0.106
174	0.278
175	0.012
176	0.106
177	0.125
178	0.851
179	0.412
180	0.133
181	0.831
182	0.365
183	0.125
184	0.835
185	0.373
186	0.125
187	0.855
188	0.337
189	0.125
190	0.847
191	0.373
192	0.125
193	0.863
194	0.345
195	0.133
196	0.843
197	0.498
198	0.141
199	0.843
200	0.408
201	0.125
202	0.847
203	0.498
204	0.125
205	0.847
206	0.431
207	0.125
208	0.859
209	0.498
210	0.125
211	0.859
212	0.431
213	0.125
214	0.851
215	0.412
216	0.129
217	0.843
218	0.498
219	0.125
220	0.847
221	0.498
222	0.133
223	0.843
224	0.498
225	0.133
226	0.843
227	0.498
228	0.129
229	0.843
230	0.498
231	0.125
232	0.847
233	0.498
234	0.141
235	0.843
236	0.408
237	0.133
238	0.902
239	0.220
240	0.125
241	0.882
242	0.310
243	0.125
244	0.894
245	0.251
246	0.125
247	0.894
248	0.310
249	0.125
250	0.906
251	0.255
252	0.133
253	0.902
254	0.220
255	0.125
256	0.914
257	0.216
258	0.125
259	0.976
260	0.165
261	0.125
262	0.922
263	0.224
264	0.125
265	0.984
266	0.173
267	0.133
268	0.902
269	0.220
270	0.145
271	0.969
272	0.192
273	0.125
274	0.976
275	0.165
276	0.125
277	0.984
278	0.161
279	0.125
280	0.984
281	0.173
282	0.125
283	0.988
284	0.173
285	0.145
286	0.969
287	0.192
288	0.129
289	0.984
290	0.161
291	0.125
292	0.984
293	0.161
294	0.125
295	0.984
296	0.165
297	0.153
298	0.898
299	0.494
300	0.149
301	0.906
302	0.498
303	0.133
304	0.843
305	0.498
306	0.137
307	0.910
308	0.498
309	0.122
310	0.847
311	0.498
312	0.133
313	0.843
314	0.498
315	0.153
316	0.898
317	0.494
318	0.141
319	0.843
320	0.408
321	0.184
322	0.925
323	0.455
324	0.208
325	0.945
326	0.376
327	0.145
328	0.871
329	0.329
330	0.133
331	0.831
332	0.365
333	0.125
334	0.855
335	0.337
336	0.125
337	0.882
338	0.310
339	0.133
340	0.902
341	0.220
342	0.173
343	0.945
344	0.267
345	0.145
346	0.969
347	0.192
348	0.169
349	0.984
350	0.216
351	0.176
352	0.984
353	0.243
354	0.157
355	0.984
356	0.224
357	0.165
358	0.984
359	0.247
360	0.169
361	0.984
362	0.251
363	0.204
364	0.984
365	0.271
366	0.192
367	0.984
368	0.275
369	0.212
370	0.984
371	0.314
372	0.196
373	0.984
374	0.310
375	0.192
376	0.984
377	0.322
378	0.200
379	0.984
380	0.329
381	0.188
382	0.984
383	0.325
384	0.188
385	0.984
386	0.329
387	0.204
388	0.984
389	0.337
390	0.192
391	0.984
392	0.337
393	0.200
394	0.973
395	0.322
396	0.243
397	0.957
398	0.427
399	0.184
400	0.925
401	0.455
402	0.208
403	0.945
404	0.376
405	0.125
406	0.863
407	0.404
408	0.125
409	0.863
410	0.408
411	0.125
412	0.863
413	0.412
414	0.125
415	0.863
416	0.408
417	0.125
418	0.863
419	0.345
420	0.125
421	0.890
422	0.318
423	0.125
424	0.894
425	0.314
426	0.125
427	0.894
428	0.314
429	0.125
430	0.922
431	0.224
432	0.125
433	0.906
434	0.255
435	0.125
436	0.914
437	0.216
438	0.125
439	0.894
440	0.251
441	0.125
442	0.902
443	0.231
444	0.133
445	0.902
446	0.220
447	0.137
448	0.910
449	0.498
450	0.149
451	0.906
452	0.498
453	0.145
454	0.976
455	0.498
456	0.161
457	0.980
458	0.498
459	0.157
460	0.984
461	0.498
462	0.184
463	0.984
464	0.459
465	0.145
466	0.984
467	0.490
468	0.173
469	0.984
470	0.451
471	0.173
472	0.984
473	0.447
474	0.220
475	0.984
476	0.424
477	0.208
478	0.984
479	0.416
480	0.153
481	0.898
482	0.494
483	0.184
484	0.925
485	0.455
486	0.243
487	0.957
488	0.427
489	0.157
490	0.984
491	0.224
492	0.169
493	0.984
494	0.216
495	0.137
496	0.984
497	0.196
498	0.145
499	0.984
500	0.188
501	0.122
502	0.984
503	0.173
504	0.129
505	0.984
506	0.161
507	0.145
508	0.969
509	0.192
510	0.208
511	0.984
512	0.416
513	0.220
514	0.984
515	0.424
516	0.208
517	0.984
518	0.408
519	0.220
520	0.984
521	0.408
522	0.192
523	0.984
524	0.388
525	0.200
526	0.984
527	0.380
528	0.188
529	0.984
530	0.384
531	0.188
532	0.984
533	0.380
534	0.192
535	0.984
536	0.337
537	0.204
538	0.984
539	0.337
540	0.208
541	0.945
542	0.376
543	0.243
544	0.957
545	0.427
546	0.184
547	0.047
548	0.675
549	0.125
550	0.047
551	0.675
552	0.125
553	0.012
554	0.663
555	0.125
556	0.039
557	0.686
558	0.125
559	0.008
560	0.675
561	0.169
562	0.012
563	0.651
564	0.173
565	0.012
566	0.663
567	0.129
568	0.012
569	0.675
570	0.184
571	0.161
572	0.796
573	0.125
574	0.180
575	0.804
576	0.153
577	0.173
578	0.792
579	0.125
580	0.180
581	0.796
582	0.149
583	0.208
584	0.757
585	0.125
586	0.200
587	0.776
588	0.125
589	0.220
590	0.749
591	0.125
592	0.208
593	0.784
594	0.125
595	0.227
596	0.753
597	0.125
598	0.231
599	0.753
600	0.125
601	0.231
602	0.749
603	0.196
604	0.310
605	0.655
606	0.125
607	0.286
608	0.678
609	0.125
610	0.286
611	0.675
612	0.125
613	0.247
614	0.690
615	0.125
616	0.255
617	0.698
618	0.125
619	0.290
620	0.686
621	0.125
622	0.294
623	0.686
624	0.196
625	0.310
626	0.655
627	0.125
628	0.286
629	0.678
630	0.184
631	0.267
632	0.690
633	0.125
634	0.247
635	0.690
636	0.141
637	0.220
638	0.702
639	0.196
640	0.220
641	0.714
642	0.137
643	0.298
644	0.890
645	0.141
646	0.306
647	0.890
648	0.137
649	0.282
650	0.886
651	0.184
652	0.275
653	0.847
654	0.180
655	0.255
656	0.871
657	0.173
658	0.216
659	0.820
660	0.204
661	0.235
662	0.780
663	0.184
664	0.275
665	0.847
666	0.224
667	0.329
668	0.843
669	0.141
670	0.306
671	0.890
672	0.153
673	0.329
674	0.890
675	0.141
676	0.333
677	0.890
678	0.145
679	0.337
680	0.890
681	0.161
682	0.349
683	0.890
684	0.173
685	0.341
686	0.890
687	0.204
688	0.451
689	0.890
690	0.216
691	0.451
692	0.890
693	0.173
694	0.345
695	0.890
696	0.149
697	0.208
698	0.757
699	0.153
700	0.173
701	0.792
702	0.173
703	0.216
704	0.820
705	0.153
706	0.173
707	0.792
708	0.184
709	0.161
710	0.796
711	0.173
712	0.216
713	0.820
714	0.251
715	0.208
716	0.820
717	0.180
718	0.255
719	0.871
720	0.224
721	0.278
722	0.890
723	0.188
724	0.282
725	0.890
726	0.224
727	0.267
728	0.890
729	0.188
730	0.271
731	0.890
732	0.196
733	0.467
734	0.776
735	0.157
736	0.498
737	0.725
738	0.200
739	0.498
740	0.776
741	0.145
742	0.498
743	0.733
744	0.188
745	0.498
746	0.784
747	0.188
748	0.282
749	0.890
750	0.180
751	0.255
752	0.871
753	0.165
754	0.282
755	0.890
756	0.161
757	0.286
758	0.890
759	0.188
760	0.282
761	0.890
762	0.188
763	0.271
764	0.890
765	0.161
766	0.275
767	0.890
768	0.157
769	0.275
770	0.890
771	0.153
772	0.278
773	0.890
774	0.141
775	0.306
776	0.890
777	0.133
778	0.298
779	0.890
780	0.129
781	0.302
782	0.890
783	0.137
784	0.282
785	0.886
786	0.137
787	0.298
788	0.890
789	0.204
790	0.235
791	0.780
792	0.173
793	0.216
794	0.820
795	0.196
796	0.220
797	0.714
798	0.149
799	0.208
800	0.757
801	0.141
802	0.220
803	0.702
804	0.125
805	0.220
806	0.749
807	0.125
808	0.227
809	0.710
810	0.125
811	0.231
812	0.749
813	0.125
814	0.239
815	0.714
816	0.125
817	0.247
818	0.690
819	0.216
820	0.447
821	0.886
822	0.208
823	0.388
824	0.843
825	0.173
826	0.345
827	0.890
828	0.216
829	0.447
830	0.886
831	0.216
832	0.451
833	0.890
834	0.212
835	0.486
836	0.890
837	0.204
838	0.451
839	0.890
840	0.200
841	0.475
842	0.890
843	0.251
844	0.208
845	0.820
846	0.184
847	0.161
848	0.796
849	0.357
850	0.204
851	0.820
852	0.337
853	0.149
854	0.796
855	0.400
856	0.169
857	0.792
858	0.325
859	0.102
860	0.749
861	0.176
862	0.078
863	0.718
864	0.184
865	0.047
866	0.675
867	0.125
868	0.059
869	0.690
870	0.125
871	0.047
872	0.675
873	0.125
874	0.051
875	0.694
876	0.125
877	0.039
878	0.686
879	0.196
880	0.310
881	0.655
882	0.184
883	0.267
884	0.690
885	0.259
886	0.325
887	0.741
888	0.235
889	0.259
890	0.741
891	0.251
892	0.322
893	0.820
894	0.204
895	0.235
896	0.780
897	0.184
898	0.275
899	0.847
900	0.224
901	0.329
902	0.843
903	0.184
904	0.267
905	0.690
906	0.196
907	0.220
908	0.714
909	0.235
910	0.259
911	0.741
912	0.196
913	0.310
914	0.655
915	0.259
916	0.325
917	0.741
918	0.192
919	0.322
920	0.651
921	0.208
922	0.341
923	0.663
924	0.251
925	0.345
926	0.741
927	0.208
928	0.388
929	0.725
930	0.133
931	0.404
932	0.682
933	0.125
934	0.420
935	0.706
936	0.125
937	0.396
938	0.682
939	0.125
940	0.412
941	0.714
942	0.125
943	0.388
944	0.690
945	0.125
946	0.361
947	0.655
948	0.125
949	0.322
950	0.659
951	0.125
952	0.298
953	0.667
954	0.196
955	0.310
956	0.655
957	0.125
958	0.286
959	0.675
960	0.125
961	0.294
962	0.686
963	0.125
964	0.302
965	0.675
966	0.125
967	0.325
968	0.671
969	0.125
970	0.357
971	0.667
972	0.208
973	0.388
974	0.843
975	0.192
976	0.420
977	0.824
978	0.196
979	0.467
980	0.776
981	0.220
982	0.490
983	0.839
984	0.200
985	0.498
986	0.776
987	0.196
988	0.467
989	0.776
990	0.192
991	0.420
992	0.824
993	0.227
994	0.400
995	0.776
996	0.208
997	0.388
998	0.843
999	0.224
1000	0.329
1001	0.843
1002	0.259
1003	0.325
1004	0.741
1005	0.251
1006	0.345
1007	0.741
1008	0.235
1009	0.259
1010	0.741
1011	0.196
1012	0.220
1013	0.714
1014	0.204
1015	0.235
1016	0.780
1017	0.200
1018	0.498
1019	0.776
1020	0.200
1021	0.498
1022	0.788
1023	0.220
1024	0.490
1025	0.839
1026	0.216
1027	0.498
1028	0.820
1029	0.216
1030	0.498
1031	0.863
1032	0.200
1033	0.498
1034	0.788
1035	0.200
1036	0.498
1037	0.776
1038	0.212
1039	0.498
1040	0.820
1041	0.188
1042	0.498
1043	0.784
1044	0.200
1045	0.498
1046	0.820
1047	0.200
1048	0.498
1049	0.788
1050	0.216
1051	0.498
1052	0.820
1053	0.212
1054	0.498
1055	0.820
1056	0.216
1057	0.498
1058	0.863
1059	0.200
1060	0.498
1061	0.820
1062	0.204
1063	0.498
1064	0.863
1065	0.204
1066	0.498
1067	0.867
1068	0.251
1069	0.345
1070	0.741
1071	0.208
1072	0.388
1073	0.725
1074	0.227
1075	0.400
1076	0.776
1077	0.208
1078	0.443
1079	0.737
1080	0.196
1081	0.467
1082	0.776
1083	0.169
1084	0.455
1085	0.725
1086	0.216
1087	0.498
1088	0.863
1089	0.212
1090	0.498
1091	0.875
1092	0.204
1093	0.498
1094	0.867
1095	0.251
1096	0.322
1097	0.820
1098	0.251
1099	0.208
1100	0.820
1101	0.282
1102	0.247
1103	0.875
1104	0.357
1105	0.204
1106	0.820
1107	0.431
1108	0.216
1109	0.812
1110	0.400
1111	0.169
1112	0.792
1113	0.282
1114	0.247
1115	0.875
1116	0.349
1117	0.275
1118	0.890
1119	0.267
1120	0.271
1121	0.890
1122	0.404
1123	0.286
1124	0.890
1125	0.267
1126	0.259
1127	0.890
1128	0.408
1129	0.275
1130	0.890
1131	0.388
1132	0.267
1133	0.875
1134	0.349
1135	0.275
1136	0.890
1137	0.404
1138	0.286
1139	0.890
1140	0.388
1141	0.267
1142	0.875
1143	0.404
1144	0.282
1145	0.890
1146	0.404
1147	0.286
1148	0.890
1149	0.388
1150	0.012
1151	0.702
1152	0.412
1153	0.035
1154	0.671
1155	0.388
1156	0.086
1157	0.773
1158	0.420
1159	0.141
1160	0.784
1161	0.392
1162	0.157
1163	0.843
1164	0.388
1165	0.086
1166	0.773
1167	0.388
1168	0.012
1169	0.702
1170	0.416
1171	0.012
1172	0.757
1173	0.376
1174	0.012
1175	0.706
1176	0.404
1177	0.012
1178	0.761
1179	0.392
1180	0.157
1181	0.843
1182	0.408
1183	0.161
1184	0.890
1185	0.388
1186	0.086
1187	0.773
1188	0.408
1189	0.153
1190	0.890
1191	0.416
1192	0.145
1193	0.890
1194	0.404
1195	0.141
1196	0.890
1197	0.396
1198	0.157
1199	0.890
1200	0.392
1201	0.157
1202	0.843
1203	0.388
1204	0.267
1205	0.875
1206	0.424
1207	0.212
1208	0.859
1209	0.431
1210	0.243
1211	0.890
1212	0.420
1213	0.259
1214	0.890
1215	0.400
1216	0.271
1217	0.890
1218	0.392
1219	0.267
1220	0.890
1221	0.396
1222	0.282
1223	0.890
1224	0.400
1225	0.282
1226	0.890
1227	0.404
1228	0.282
1229	0.890
1230	0.424
1231	0.271
1232	0.890
1233	0.427
1234	0.267
1235	0.890
1236	0.431
1237	0.267
1238	0.890
1239	0.388
1240	0.267
1241	0.875
1242	0.392
1243	0.267
1244	0.890
1245	0.392
1246	0.157
1247	0.843
1248	0.392
1249	0.204
1250	0.890
1251	0.408
1252	0.161
1253	0.890
1254	0.396
1255	0.157
1256	0.890
1257	0.380
1258	0.200
1259	0.890
1260	0.380
1261	0.204
1262	0.890
1263	0.380
1264	0.267
1265	0.890
1266	0.412
1267	0.035
1268	0.671
1269	0.392
1270	0.012
1271	0.639
1272	0.420
1273	0.141
1274	0.784
1275	0.373
1276	0.051
1277	0.682
1278	0.353
1279	0.012
1280	0.655
1281	0.302
1282	0.012
1283	0.655
1284	0.302
1285	0.012
1286	0.667
1287	0.349
1288	0.012
1289	0.667
1290	0.353
1291	0.012
1292	0.667
1293	0.357
1294	0.012
1295	0.667
1296	0.380
1297	0.012
1298	0.651
1299	0.376
1300	0.012
1301	0.639
1302	0.384
1303	0.012
1304	0.647
1305	0.420
1306	0.141
1307	0.784
1308	0.392
1309	0.157
1310	0.843
1311	0.459
1312	0.169
1313	0.831
1314	0.424
1315	0.212
1316	0.859
1317	0.400
1318	0.169
1319	0.792
1320	0.420
1321	0.141
1322	0.784
1323	0.431
1324	0.216
1325	0.812
1326	0.459
1327	0.169
1328	0.831
1329	0.463
1330	0.180
1331	0.827
1332	0.439
1333	0.239
1334	0.855
1335	0.435
1336	0.255
1337	0.890
1338	0.439
1339	0.255
1340	0.890
1341	0.424
1342	0.212
1343	0.859
1344	0.439
1345	0.239
1346	0.855
1347	0.459
1348	0.169
1349	0.831
1350	0.463
1351	0.180
1352	0.827
1353	0.424
1354	0.212
1355	0.859
1356	0.431
1357	0.243
1358	0.890
1359	0.439
1360	0.255
1361	0.890
1362	0.431
1363	0.259
1364	0.890
1365	0.439
1366	0.255
1367	0.890
1368	0.435
1369	0.255
1370	0.890
1371	0.424
1372	0.212
1373	0.859
1374	0.439
1375	0.239
1376	0.855
1377	0.427
1378	0.290
1379	0.890
1380	0.427
1381	0.286
1382	0.890
1383	0.424
1384	0.286
1385	0.890
1386	0.439
1387	0.239
1388	0.855
1389	0.451
1390	0.259
1391	0.890
1392	0.427
1393	0.286
1394	0.890
1395	0.427
1396	0.263
1397	0.890
1398	0.416
1399	0.278
1400	0.890
1401	0.416
1402	0.282
1403	0.890
1404	0.416
1405	0.286
1406	0.890
1407	0.439
1408	0.239
1409	0.855
1410	0.427
1411	0.290
1412	0.890
1413	0.408
1414	0.275
1415	0.890
1416	0.416
1417	0.278
1418	0.890
1419	0.451
1420	0.259
1421	0.890
1422	0.435
1423	0.263
1424	0.890
1425	0.125
1426	0.063
1427	0.714
1428	0.125
1429	0.075
1430	0.710
1431	0.125
1432	0.071
1433	0.741
1434	0.125
1435	0.082
1436	0.737
1437	0.125
1438	0.071
1439	0.745
1440	0.125
1441	0.075
1442	0.745
1443	0.125
1444	0.090
1445	0.761
1446	0.125
1447	0.098
1448	0.753
1449	0.125
1450	0.094
1451	0.765
1452	0.125
1453	0.098
1454	0.765
1455	0.125
1456	0.102
1457	0.753
1458	0.125
1459	0.118
1460	0.788
1461	0.125
1462	0.125
1463	0.780
1464	0.125
1465	0.122
1466	0.792
1467	0.125
1468	0.176
1469	0.812
1470	0.125
1471	0.180
1472	0.804
1473	0.125
1474	0.188
1475	0.812
1476	0.125
1477	0.188
1478	0.812
1479	0.125
1480	0.192
1481	0.804
1482	0.125
1483	0.192
1484	0.800
1485	0.125
1486	0.255
1487	0.698
1488	0.125
1489	0.412
1490	0.714
1491	0.125
1492	0.420
1493	0.706
1494	0.125
1495	0.420
1496	0.722
1497	0.125
1498	0.427
1499	0.714
1500	0.125
1501	0.424
1502	0.722
1503	0.125
1504	0.427
1505	0.725
1506	0.125
1507	0.498
1508	0.729
1509	0.125
1510	0.498
1511	0.722
1512	0.149
1513	0.498
1514	0.722
1515	0.169
1516	0.455
1517	0.725
1518	0.208
1519	0.388
1520	0.725
1521	0.125
1522	0.498
1523	0.733
1524	0.149
1525	0.498
1526	0.733
1527	0.129
1528	0.302
1529	0.890
1530	0.129
1531	0.310
1532	0.890
1533	0.145
1534	0.486
1535	0.890
1536	0.145
1537	0.498
1538	0.890
1539	0.165
1540	0.482
1541	0.890
1542	0.169
1543	0.494
1544	0.890
1545	0.200
1546	0.475
1547	0.890
1548	0.212
1549	0.486
1550	0.890
1551	0.212
1552	0.498
1553	0.875
1554	0.145
1555	0.498
1556	0.878
1557	0.204
1558	0.498
1559	0.867
1560	0.145
1561	0.498
1562	0.725
1563	0.145
1564	0.498
1565	0.729
1566	0.149
1567	0.498
1568	0.725
1569	0.149
1570	0.498
1571	0.722
1572	0.157
1573	0.498
1574	0.722
1575	0.157
1576	0.498
1577	0.725
1578	0.153
1579	0.498
1580	0.725
1581	0.173
1582	0.012
1583	0.663
1584	0.169
1585	0.012
1586	0.651
1587	0.173
1588	0.012
1589	0.659
1590	0.184
1591	0.012
1592	0.651
1593	0.184
1594	0.012
1595	0.639
1596	0.212
1597	0.012
1598	0.643
1599	0.208
1600	0.012
1601	0.655
1602	0.251
1603	0.012
1604	0.655
1605	0.251
1606	0.012
1607	0.663
1608	0.251
1609	0.012
1610	0.667
1611	0.227
1612	0.267
1613	0.890
1614	0.243
1615	0.282
1616	0.890
1617	0.239
1618	0.271
1619	0.890
1620	0.282
1621	0.247
1622	0.875
1623	0.247
1624	0.278
1625	0.890
1626	0.239
1627	0.275
1628	0.890
1629	0.235
1630	0.271
1631	0.890
1632	0.239
1633	0.271
1634	0.890
1635	0.243
1636	0.267
1637	0.890
1638	0.263
1639	0.259
1640	0.890
1641	0.267
1642	0.271
1643	0.890
1644	0.267
1645	0.259
1646	0.890
1647	0.376
1648	0.012
1649	0.698
1650	0.388
1651	0.012
1652	0.702
1653	0.376
1654	0.012
1655	0.694
1656	0.392
1657	0.012
1658	0.694
1659	0.380
1660	0.012
1661	0.690
1662	0.392
1663	0.012
1664	0.690
1665	0.412
1666	0.035
1667	0.671
1668	0.392
1669	0.012
1670	0.639
1671	0.380
1672	0.012
1673	0.639
1674	0.392
1675	0.012
1676	0.627
1677	0.376
1678	0.012
1679	0.698
1680	0.380
1681	0.012
1682	0.635
1683	0.392
1684	0.012
1685	0.639
1686	0.380
1687	0.012
1688	0.635
1689	0.380
1690	0.012
1691	0.690
1692	0.392
1693	0.012
1694	0.702
1695	0.380
1696	0.012
1697	0.690
1698	0.392
1699	0.012
1700	0.694
1701	0.392
1702	0.012
1703	0.639
1704	0.380
1705	0.267
1706	0.890
1707	0.380
1708	0.275
1709	0.890
1710	0.384
1711	0.278
1712	0.890
1713	0.404
1714	0.129
1715	0.890
1716	0.416
1717	0.133
1718	0.890
1719	0.408
1720	0.129
1721	0.890
1722	0.420
1723	0.106
1724	0.890
1725	0.431
1726	0.110
1727	0.890
1728	0.431
1729	0.078
1730	0.890
1731	0.443
1732	0.082
1733	0.890
1734	0.447
1735	0.039
1736	0.890
1737	0.459
1738	0.043
1739	0.890
1740	0.455
1741	0.012
1742	0.855
1743	0.455
1744	0.012
1745	0.851
1746	0.443
1747	0.012
1748	0.820
1749	0.416
1750	0.012
1751	0.757
1752	0.404
1753	0.012
1754	0.761
1755	0.431
1756	0.012
1757	0.824
1758	0.431
1759	0.012
1760	0.827
1761	0.443
1762	0.012
1763	0.855
1764	0.447
1765	0.012
1766	0.863
1767	0.427
1768	0.259
1769	0.890
1770	0.439
1771	0.255
1772	0.890
1773	0.431
1774	0.263
1775	0.890
1776	0.435
1777	0.267
1778	0.890
1779	0.447
1780	0.012
1781	0.863
1782	0.455
1783	0.012
1784	0.855
1785	0.451
1786	0.012
1787	0.867
1788	0.482
1789	0.012
1790	0.871
1791	0.471
1792	0.012
1793	0.882
1794	0.494
1795	0.012
1796	0.890
1797	0.486
1798	0.012
1799	0.898
1800	0.459
1801	0.043
1802	0.890
1803	0.478
1804	0.031
1805	0.890
1806	0.486
1807	0.024
1808	0.890
1809	0.478
1810	0.016
1811	0.890
1812	0.471
1813	0.024
1814	0.890
1815	0.451
1816	0.031
1817	0.890
1818	0.451
1819	0.035
1820	0.890
1821	0.447
1822	0.039
1823	0.890
1824	0.259
1825	0.275
1826	0.890
1827	0.149
1828	0.498
1829	0.722
1830	0.125
1831	0.498
1832	0.722
1833	0.125
1834	0.518
1835	0.722
1836	0.125
1837	0.506
1838	0.733
1839	0.125
1840	0.498
1841	0.733
1842	0.145
1843	0.498
1844	0.733
1845	0.161
1846	0.498
1847	0.733
1848	0.153
1849	0.498
1850	0.741
1851	0.153
1852	0.506
1853	0.722
1854	0.125
1855	0.659
1856	0.722
1857	0.125
1858	0.612
1859	0.710
1860	0.145
1861	0.631
1862	0.718
1863	0.157
1864	0.600
1865	0.765
1866	0.161
1867	0.659
1868	0.769
1869	0.125
1870	0.659
1871	0.722
1872	0.125
1873	0.671
1874	0.741
1875	0.125
1876	0.659
1877	0.745
1878	0.125
1879	0.651
1880	0.733
1881	0.125
1882	0.612
1883	0.722
1884	0.125
1885	0.608
1886	0.725
1887	0.125
1888	0.600
1889	0.718
1890	0.125
1891	0.588
1892	0.753
1893	0.125
1894	0.576
1895	0.753
1896	0.161
1897	0.659
1898	0.769
1899	0.125
1900	0.671
1901	0.741
1902	0.125
1903	0.667
1904	0.769
1905	0.125
1906	0.659
1907	0.745
1908	0.125
1909	0.655
1910	0.765
1911	0.180
1912	0.816
1913	0.824
1914	0.239
1915	0.835
1916	0.808
1917	0.125
1918	0.827
1919	0.808
1920	0.208
1921	0.851
1922	0.808
1923	0.133
1924	0.843
1925	0.498
1926	0.125
1927	0.847
1928	0.498
1929	0.129
1930	0.843
1931	0.498
1932	0.129
1933	0.843
1934	0.498
1935	0.133
1936	0.843
1937	0.498
1938	0.125
1939	0.847
1940	0.498
1941	0.125
1942	0.863
1943	0.510
1944	0.125
1945	0.855
1946	0.486
1947	0.125
1948	0.867
1949	0.498
1950	0.200
1951	0.518
1952	0.776
1953	0.200
1954	0.498
1955	0.776
1956	0.153
1957	0.506
1958	0.722
1959	0.161
1960	0.498
1961	0.733
1962	0.153
1963	0.498
1964	0.741
1965	0.188
1966	0.498
1967	0.784
1968	0.200
1969	0.518
1970	0.776
1971	0.200
1972	0.498
1973	0.776
1974	0.216
1975	0.498
1976	0.820
1977	0.188
1978	0.498
1979	0.784
1980	0.204
1981	0.498
1982	0.824
1983	0.200
1984	0.518
1985	0.776
1986	0.212
1987	0.506
1988	0.867
1989	0.216
1990	0.498
1991	0.820
1992	0.212
1993	0.498
1994	0.878
1995	0.204
1996	0.498
1997	0.824
1998	0.200
1999	0.498
2000	0.867
2001	0.204
2002	0.937
2003	0.749
2004	0.200
2005	0.882
2006	0.800
2007	0.220
2008	0.925
2009	0.831
2010	0.208
2011	0.851
2012	0.808
2013	0.235
2014	0.886
2015	0.835
2016	0.235
2017	0.886
2018	0.835
2019	0.396
2020	0.890
2021	0.839
2022	0.208
2023	0.851
2024	0.808
2025	0.412
2026	0.843
2027	0.808
2028	0.239
2029	0.835
2030	0.808
2031	0.455
2032	0.820
2033	0.820
2034	0.498
2035	0.839
2036	0.804
2037	0.498
2038	0.827
2039	0.812
2040	0.498
2041	0.792
2042	0.851
2043	0.498
2044	0.800
2045	0.859
2046	0.498
2047	0.773
2048	0.886
2049	0.498
2050	0.765
2051	0.878
2052	0.498
2053	0.769
2054	0.898
2055	0.498
2056	0.757
2057	0.890
2058	0.498
2059	0.761
2060	0.902
2061	0.498
2062	0.757
2063	0.902
2064	0.498
2065	0.753
2066	0.902
2067	0.498
2068	0.753
2069	0.890
2070	0.427
2071	0.749
2072	0.890
2073	0.431
2074	0.761
2075	0.890
2076	0.486
2077	0.765
2078	0.890
2079	0.235
2080	0.886
2081	0.835
2082	0.396
2083	0.890
2084	0.839
2085	0.220
2086	0.925
2087	0.831
2088	0.408
2089	0.937
2090	0.820
2091	0.263
2092	0.984
2093	0.780
2094	0.427
2095	0.984
2096	0.765
2097	0.424
2098	0.984
2099	0.776
2100	0.263
2101	0.984
2102	0.792
2103	0.259
2104	0.984
2105	0.792
2106	0.212
2107	0.984
2108	0.780
2109	0.212
2110	0.984
2111	0.769
2112	0.204
2113	0.984
2114	0.776
2115	0.376
2116	0.757
2117	0.890
2118	0.310
2119	0.757
2120	0.890
2121	0.424
2122	0.753
2123	0.890
2124	0.314
2125	0.769
2126	0.890
2127	0.424
2128	0.765
2129	0.890
2130	0.427
2131	0.765
2132	0.890
2133	0.431
2134	0.761
2135	0.890
2136	0.376
2137	0.757
2138	0.890
2139	0.341
2140	0.788
2141	0.863
2142	0.310
2143	0.757
2144	0.890
2145	0.294
2146	0.780
2147	0.886
2148	0.290
2149	0.776
2150	0.890
2151	0.290
2152	0.773
2153	0.890
2154	0.298
2155	0.780
2156	0.890
2157	0.294
2158	0.784
2159	0.890
2160	0.376
2161	0.757
2162	0.890
2163	0.341
2164	0.788
2165	0.863
2166	0.424
2167	0.753
2168	0.890
2169	0.431
2170	0.757
2171	0.890
2172	0.408
2173	0.937
2174	0.820
2175	0.447
2176	0.961
2177	0.816
2178	0.427
2179	0.984
2180	0.765
2181	0.431
2182	0.984
2183	0.769
2184	0.424
2185	0.984
2186	0.776
2187	0.427
2188	0.984
2189	0.776
2190	0.431
2191	0.984
2192	0.780
2193	0.498
2194	0.984
2195	0.769
2196	0.498
2197	0.984
2198	0.780
2199	0.498
2200	0.957
2201	0.804
2202	0.498
2203	0.969
2204	0.808
2205	0.498
2206	0.992
2207	0.773
2208	0.145
2209	0.984
2210	0.490
2211	0.118
2212	0.984
2213	0.533
2214	0.153
2215	0.984
2216	0.498
2217	0.125
2218	0.984
2219	0.541
2220	0.161
2221	0.980
2222	0.498
2223	0.129
2224	0.969
2225	0.549
2226	0.149
2227	0.902
2228	0.498
2229	0.141
2230	0.867
2231	0.498
2232	0.137
2233	0.906
2234	0.498
2235	0.129
2236	0.871
2237	0.498
2238	0.122
2239	0.847
2240	0.498
2241	0.129
2242	0.871
2243	0.498
2244	0.133
2245	0.843
2246	0.498
2247	0.141
2248	0.867
2249	0.498
2250	0.129
2251	0.969
2252	0.549
2253	0.125
2254	0.941
2255	0.541
2256	0.125
2257	0.863
2258	0.510
2259	0.125
2260	0.867
2261	0.498
2262	0.125
2263	0.945
2264	0.529
2265	0.125
2266	0.490
2267	0.886
2268	0.125
2269	0.506
2270	0.835
2271	0.125
2272	0.502
2273	0.890
2274	0.125
2275	0.518
2276	0.839
2277	0.212
2278	0.506
2279	0.867
2280	0.125
2281	0.518
2282	0.831
2283	0.129
2284	0.525
2285	0.804
2286	0.200
2287	0.518
2288	0.776
2289	0.153
2290	0.506
2291	0.722
2292	0.125
2293	0.518
2294	0.722
2295	0.125
2296	0.525
2297	0.776
2298	0.125
2299	0.514
2300	0.776
2301	0.125
2302	0.506
2303	0.733
2304	0.125
2305	0.490
2306	0.890
2307	0.165
2308	0.486
2309	0.890
2310	0.165
2311	0.498
2312	0.890
2313	0.212
2314	0.498
2315	0.878
2316	0.161
2317	0.498
2318	0.878
2319	0.200
2320	0.498
2321	0.867
2322	0.125
2323	0.506
2324	0.835
2325	0.125
2326	0.518
2327	0.839
2328	0.125
2329	0.522
2330	0.792
2331	0.125
2332	0.533
2333	0.800
2334	0.125
2335	0.525
2336	0.788
2337	0.125
2338	0.529
2339	0.788
2340	0.125
2341	0.533
2342	0.792
2343	0.125
2344	0.518
2345	0.831
2346	0.129
2347	0.525
2348	0.804
2349	0.125
2350	0.525
2351	0.776
2352	0.125
2353	0.537
2354	0.800
2355	0.125
2356	0.533
2357	0.796
2358	0.125
2359	0.514
2360	0.776
2361	0.125
2362	0.514
2363	0.780
2364	0.125
2365	0.525
2366	0.792
2367	0.125
2368	0.835
2369	0.820
2370	0.125
2371	0.827
2372	0.808
2373	0.125
2374	0.776
2375	0.890
2376	0.125
2377	0.769
2378	0.886
2379	0.125
2380	0.776
2381	0.894
2382	0.125
2383	0.769
2384	0.898
2385	0.125
2386	0.761
2387	0.890
2388	0.153
2389	0.749
2390	0.890
2391	0.129
2392	0.773
2393	0.890
2394	0.157
2395	0.761
2396	0.890
2397	0.176
2398	0.737
2399	0.890
2400	0.180
2401	0.816
2402	0.824
2403	0.125
2404	0.949
2405	0.753
2406	0.125
2407	0.941
2408	0.749
2409	0.125
2410	0.941
2411	0.753
2412	0.200
2413	0.984
2414	0.671
2415	0.204
2416	0.937
2417	0.749
2418	0.125
2419	0.890
2420	0.800
2421	0.125
2422	0.898
2423	0.808
2424	0.125
2425	0.890
2426	0.816
2427	0.125
2428	0.882
2429	0.804
2430	0.200
2431	0.882
2432	0.800
2433	0.208
2434	0.851
2435	0.808
2436	0.125
2437	0.827
2438	0.808
2439	0.125
2440	0.835
2441	0.820
2442	0.125
2443	0.882
2444	0.816
2445	0.125
2446	0.886
2447	0.816
2448	0.125
2449	0.949
2450	0.761
2451	0.125
2452	0.953
2453	0.757
2454	0.125
2455	0.953
2456	0.753
2457	0.125
2458	0.996
2459	0.682
2460	0.125
2461	0.965
2462	0.737
2463	0.125
2464	0.984
2465	0.675
2466	0.125
2467	0.953
2468	0.733
2469	0.125
2470	0.961
2471	0.741
2472	0.125
2473	0.953
2474	0.753
2475	0.192
2476	0.984
2477	0.682
2478	0.125
2479	0.984
2480	0.686
2481	0.145
2482	0.976
2483	0.498
2484	0.176
2485	0.749
2486	0.890
2487	0.188
2488	0.741
2489	0.890
2490	0.184
2491	0.753
2492	0.890
2493	0.208
2494	0.769
2495	0.890
2496	0.212
2497	0.757
2498	0.890
2499	0.220
2500	0.784
2501	0.863
2502	0.204
2503	0.984
2504	0.776
2505	0.212
2506	0.984
2507	0.769
2508	0.200
2509	0.984
2510	0.773
2511	0.192
2512	0.984
2513	0.682
2514	0.200
2515	0.984
2516	0.671
2517	0.212
2518	0.984
2519	0.765
2520	0.204
2521	0.937
2522	0.749
2523	0.220
2524	0.925
2525	0.831
2526	0.212
2527	0.769
2528	0.890
2529	0.216
2530	0.769
2531	0.890
2532	0.294
2533	0.784
2534	0.890
2535	0.290
2536	0.773
2537	0.890
2538	0.286
2539	0.784
2540	0.890
2541	0.243
2542	0.753
2543	0.890
2544	0.243
2545	0.765
2546	0.890
2547	0.216
2548	0.769
2549	0.890
2550	0.212
2551	0.757
2552	0.890
2553	0.220
2554	0.784
2555	0.863
2556	0.290
2557	0.776
2558	0.890
2559	0.294
2560	0.780
2561	0.886
2562	0.310
2563	0.816
2564	0.827
2565	0.180
2566	0.816
2567	0.824
2568	0.431
2569	0.788
2570	0.859
2571	0.314
2572	0.769
2573	0.890
2574	0.494
2575	0.757
2576	0.890
2577	0.498
2578	0.835
2579	0.820
2580	0.498
2581	0.839
2582	0.820
2583	0.498
2584	0.839
2585	0.820
2586	0.498
2587	0.867
2588	0.835
2589	0.498
2590	0.839
2591	0.804
2592	0.498
2593	0.875
2594	0.824
2595	0.412
2596	0.843
2597	0.808
2598	0.498
2599	0.890
2600	0.835
2601	0.498
2602	0.894
2603	0.835
2604	0.498
2605	0.886
2606	0.847
2607	0.396
2608	0.890
2609	0.839
2610	0.498
2611	0.914
2612	0.835
2613	0.455
2614	0.929
2615	0.835
2616	0.408
2617	0.937
2618	0.820
2619	0.447
2620	0.961
2621	0.816
2622	0.498
2623	0.949
2624	0.816
2625	0.498
2626	0.957
2627	0.804
2628	0.498
2629	0.957
2630	0.824
2631	0.498
2632	0.965
2633	0.812
2634	0.498
2635	0.969
2636	0.808
2637	0.498
2638	0.922
2639	0.847
2640	0.498
2641	0.890
2642	0.847
2643	0.498
2644	0.894
2645	0.847
2646	0.498
2647	0.914
2648	0.847
2649	0.498
2650	0.918
2651	0.847
2652	0.498
2653	0.969
2654	0.804
2655	0.157
2656	0.600
2657	0.765
2658	0.125
2659	0.580
2660	0.776
2661	0.125
2662	0.576
2663	0.753
2664	0.125
2665	0.588
2666	0.753
2667	0.125
2668	0.592
2669	0.769
2670	0.125
2671	0.612
2672	0.804
2673	0.125
2674	0.616
2675	0.792
2676	0.125
2677	0.635
2678	0.804
2679	0.125
2680	0.631
2681	0.792
2682	0.125
2683	0.655
2684	0.765
2685	0.125
2686	0.667
2687	0.769
2688	0.161
2689	0.659
2690	0.769
2691	0.129
2692	0.969
2693	0.549
2694	0.125
2695	0.941
2696	0.541
2697	0.125
2698	0.976
2699	0.549
2700	0.125
2701	0.945
2702	0.529
2703	0.125
2704	0.973
2705	0.537
2706	0.125
2707	0.976
2708	0.533
2709	0.125
2710	0.984
2711	0.541
2712	0.498
2713	0.757
2714	0.890
2715	0.498
2716	0.753
2717	0.890
2718	0.537
2719	0.753
2720	0.890
2721	0.510
2722	0.765
2723	0.890
2724	0.537
2725	0.765
2726	0.890
2727	0.541
2728	0.765
2729	0.890
2730	0.584
2731	0.737
2732	0.890
2733	0.588
2734	0.749
2735	0.890
2736	0.498
2737	0.765
2738	0.878
2739	0.541
2740	0.796
2741	0.851
2742	0.498
2743	0.769
2744	0.878
2745	0.498
2746	0.827
2747	0.812
2748	0.498
2749	0.776
2750	0.886
2751	0.498
2752	0.835
2753	0.820
2754	0.498
2755	0.839
2756	0.804
2757	0.498
2758	0.839
2759	0.820
2760	0.498
2761	0.765
2762	0.878
2763	0.498
2764	0.769
2765	0.878
2766	0.498
2767	0.757
2768	0.890
2769	0.498
2770	0.765
2771	0.898
2772	0.498
2773	0.761
2774	0.902
2775	0.569
2776	0.839
2777	0.800
2778	0.604
2779	0.816
2780	0.808
2781	0.596
2782	0.733
2783	0.890
2784	0.596
2785	0.737
2786	0.890
2787	0.596
2788	0.733
2789	0.890
2790	0.588
2791	0.745
2792	0.890
2793	0.498
2794	0.984
2795	0.769
2796	0.525
2797	0.984
2798	0.769
2799	0.498
2800	0.957
2801	0.800
2802	0.498
2803	0.957
2804	0.804
2805	0.498
2806	0.984
2807	0.769
2808	0.498
2809	0.965
2810	0.808
2811	0.498
2812	0.992
2813	0.773
2814	0.518
2815	0.949
2816	0.816
2817	0.498
2818	0.949
2819	0.816
2820	0.498
2821	0.961
2822	0.820
2823	0.498
2824	0.957
2825	0.824
2826	0.549
2827	0.973
2828	0.808
2829	0.549
2830	0.918
2831	0.878
2832	0.592
2833	0.925
2834	0.831
2835	0.624
2836	0.914
2837	0.867
2838	0.592
2839	0.933
2840	0.890
2841	0.549
2842	0.933
2843	0.890
2844	0.592
2845	0.922
2846	0.890
2847	0.549
2848	0.922
2849	0.890
2850	0.541
2851	0.925
2852	0.890
2853	0.549
2854	0.973
2855	0.808
2856	0.549
2857	0.918
2858	0.878
2859	0.549
2860	0.984
2861	0.820
2862	0.549
2863	0.984
2864	0.890
2865	0.549
2866	0.933
2867	0.890
2868	0.537
2869	0.984
2870	0.890
2871	0.537
2872	0.984
2873	0.820
2874	0.537
2875	0.984
2876	0.812
2877	0.549
2878	0.973
2879	0.808
2880	0.580
2881	0.984
2882	0.788
2883	0.549
2884	0.984
2885	0.820
2886	0.541
2887	0.984
2888	0.808
2889	0.537
2890	0.984
2891	0.812
2892	0.592
2893	0.925
2894	0.831
2895	0.549
2896	0.973
2897	0.808
2898	0.588
2899	0.984
2900	0.788
2901	0.580
2902	0.984
2903	0.788
2904	0.580
2905	0.984
2906	0.780
2907	0.569
2908	0.839
2909	0.800
2910	0.612
2911	0.863
2912	0.784
2913	0.604
2914	0.816
2915	0.808
2916	0.573
2917	0.827
2918	0.867
2919	0.608
2920	0.882
2921	0.890
2922	0.573
2923	0.804
2924	0.890
2925	0.600
2926	0.886
2927	0.890
2928	0.561
2929	0.808
2930	0.890
2931	0.573
2932	0.827
2933	0.867
2934	0.620
2935	0.890
2936	0.890
2937	0.620
2938	0.859
2939	0.839
2940	0.620
2941	0.859
2942	0.839
2943	0.573
2944	0.827
2945	0.867
2946	0.604
2947	0.796
2948	0.851
2949	0.573
2950	0.804
2951	0.890
2952	0.600
2953	0.761
2954	0.890
2955	0.588
2956	0.757
2957	0.890
2958	0.561
2959	0.796
2960	0.890
2961	0.561
2962	0.804
2963	0.890
2964	0.561
2965	0.808
2966	0.890
2967	0.573
2968	0.827
2969	0.867
2970	0.608
2971	0.882
2972	0.890
2973	0.620
2974	0.890
2975	0.890
2976	0.612
2977	0.898
2978	0.890
2979	0.600
2980	0.890
2981	0.890
2982	0.600
2983	0.886
2984	0.890
2985	0.592
2986	0.925
2987	0.831
2988	0.588
2989	0.984
2990	0.788
2991	0.580
2992	0.902
2993	0.824
2994	0.584
2995	0.984
2996	0.757
2997	0.576
2998	0.984
2999	0.773
3000	0.576
3001	0.984
3002	0.776
3003	0.592
3004	0.925
3005	0.831
3006	0.612
3007	0.863
3008	0.784
3009	0.580
3010	0.902
3011	0.824
3012	0.569
3013	0.839
3014	0.800
3015	0.553
3016	0.894
3017	0.835
3018	0.498
3019	0.839
3020	0.804
3021	0.498
3022	0.894
3023	0.835
3024	0.498
3025	0.890
3026	0.847
3027	0.498
3028	0.839
3029	0.820
3030	0.612
3031	0.863
3032	0.784
3033	0.639
3034	0.898
3035	0.867
3036	0.592
3037	0.925
3038	0.831
3039	0.624
3040	0.914
3041	0.867
3042	0.604
3043	0.816
3044	0.808
3045	0.604
3046	0.796
3047	0.851
3048	0.612
3049	0.863
3050	0.784
3051	0.620
3052	0.859
3053	0.839
3054	0.612
3055	0.863
3056	0.784
3057	0.620
3058	0.859
3059	0.839
3060	0.639
3061	0.898
3062	0.867
3063	0.620
3064	0.890
3065	0.890
3066	0.667
3067	0.918
3068	0.890
3069	0.667
3070	0.922
3071	0.890
3072	0.647
3073	0.922
3074	0.890
3075	0.612
3076	0.902
3077	0.890
3078	0.612
3079	0.898
3080	0.890
3081	0.667
3082	0.918
3083	0.890
3084	0.639
3085	0.898
3086	0.867
3087	0.667
3088	0.922
3089	0.890
3090	0.659
3091	0.925
3092	0.890
3093	0.659
3094	0.922
3095	0.890
3096	0.659
3097	0.937
3098	0.890
3099	0.647
3100	0.925
3101	0.890
3102	0.647
3103	0.922
3104	0.890
3105	0.651
3106	0.918
3107	0.890
3108	0.655
3109	0.914
3110	0.890
3111	0.498
3112	0.753
3113	0.902
3114	0.498
3115	0.757
3116	0.902
3117	0.498
3118	0.761
3119	0.902
3120	0.502
3121	0.757
3122	0.890
3123	0.498
3124	0.776
3125	0.886
3126	0.498
3127	0.890
3128	0.847
3129	0.498
3130	0.894
3131	0.835
3132	0.498
3133	0.894
3134	0.847
3135	0.498
3136	0.914
3137	0.847
3138	0.498
3139	0.914
3140	0.835
3141	0.553
3142	0.894
3143	0.835
3144	0.518
3145	0.949
3146	0.816
3147	0.580
3148	0.902
3149	0.824
3150	0.525
3151	0.984
3152	0.769
3153	0.584
3154	0.984
3155	0.757
3156	0.576
3157	0.984
3158	0.773
3159	0.525
3160	0.984
3161	0.776
3162	0.498
3163	0.949
3164	0.816
3165	0.498
3166	0.922
3167	0.847
3168	0.498
3169	0.957
3170	0.824
3171	0.498
3172	0.918
3173	0.847
3174	0.498
3175	0.984
3176	0.780
3177	0.525
3178	0.984
3179	0.780
3180	0.537
3181	0.933
3182	0.890
3183	0.541
3184	0.925
3185	0.890
3186	0.573
3187	0.984
3188	0.780
3189	0.576
3190	0.984
3191	0.776
3192	0.580
3193	0.984
3194	0.776
3195	0.561
3196	0.749
3197	0.890
3198	0.596
3199	0.733
3200	0.890
3201	0.596
3202	0.749
3203	0.890
3204	0.604
3205	0.816
3206	0.808
3207	0.604
3208	0.796
3209	0.851
3210	0.600
3211	0.761
3212	0.890
3213	0.588
3214	0.757
3215	0.890
3216	0.584
3217	0.753
3218	0.890
3219	0.584
3220	0.749
3221	0.890
3222	0.000
3223	0.000
3224	0.000
3225	0.000
3226	0.000
3227	0.000
3228	0.000
3229	0.000
3230	0.000
3231	0.000
3232	0.000
3233	0.000
3234	0.000
3235	0.000
3236	0.000
3237	0.000
3238	0.000
3239	0.000
3240	0.000
3241	0.000
3242	0.000
3243	0.000
3244	0.000
3245	0.000
3246	0.000
3247	0.000
3248	0.000
3249	0.000
3250	0.000
3251	0.000
3252	0.000
3253	0.000
3254	0.000
3255	0.000
3256	0.000
3257	0.000
3258	0.000
3259	0.000
3260	0.000
3261	0.000
3262	0.000
3263	0.000
3264	0.000
3265	0.000
3266	0.000
3267	0.000
3268	0.000
3269	0.000
3270	0.000
3271	0.000
3272	0.000
3273	0.000
3274	0.000
3275	0.000
3276	0.000
3277	0.000
3278	0.000
3279	0.000
3280	0.000
3281	0.000
3282	0.000
3283	0.000
3284	0.000
3285	0.000
3286	0.000
3287	0.000
3288	0.000
3289	0.000
3290	0.000
3291	0.000
3292	0.000
3293	0.000
3294	0.000
3295	0.000
3296	0.000
3297	0.000
3298	0.000
3299	0.000
3300	0.000
3301	0.000
3302	0.000
3303	0.000
3304	0.000
3305	0.000
3306	0.000
3307	0.000
3308	0.000
3309	0.000
3310	0.000
3311	0.000
3312	0.000
3313	0.000
3314	0.000
3315	0.000
3316	0.000
3317	0.000
3318	0.000
3319	0.000
3320	0.000
3321	0.000
3322	0.000
3323	0.000
3324	0.000
3325	0.000
3326	0.000
3327	0.000
3328	0.000
3329	0.000
3330	0.000
3331	0.000
3332	0.000
3333	0.000
3334	0.000
3335	0.000
3336	0.000
3337	0.000
3338	0.000
3339	0.000
3340	0.000
3341	0.000
3342	0.000
3343	0.000
3344	0.000
3345	0.000
3346	0.000
3347	0.000
3348	0.000
3349	0.000
3350	0.000
3351	0.000
3352	0.000
3353	0.000
3354	0.000
3355	0.000
3356	0.000
3357	0.000
3358	0.000
3359	0.000
3360	0.000
3361	0.000
3362	0.000
3363	0.000
3364	0.000
3365	0.000
3366	0.000
3367	0.000
3368	0.000
3369	0.000
3370	0.000
3371	0.000
3372	0.000
3373	0.000
3374	0.000
3375	0.000
3376	0.000
3377	0.000
3378	0.000
3379	0.000
3380	0.000
3381	0.000
3382	0.000
3383	0.000
3384	0.000
3385	0.000
3386	0.000
3387	0.000
3388	0.000
3389	0.000
3390	0.000
3391	0.000
3392	0.000
3393	0.000
3394	0.000
3395	0.000
3396	0.000
3397	0.000
3398	0.000
3399	0.000
3400	0.000
3401	0.000
3402	0.000
3403	0.000
3404	0.000
3405	0.000
3406	0.000
3407	0.000
3408	0.000
3409	0.000
3410	0.000
3411	0.000
3412	0.000
3413	0.000
3414	0.000
3415	0.000
3416	0.000
3417	0.000
3418	0.000
3419	0.000
3420	0.000
3421	0.000
3422	0.000
3423	0.000
3424	0.000
3425	0.000
3426	0.000
3427	0.000
3428	0.000
3429	0.000
3430	0.000
3431	0.000
3432	0.000
3433	0.000
3434	0.000
3435	0.000
3436	0.000
3437	0.000
3438	0.000
3439	0.000
3440	0.000
3441	0.000
3442	0.000
3443	0.000
3444	0.000
3445	0.000
3446	0.000
3447	0.000
3448	0.000
3449	0.000
3450	0.000
3451	0.000
3452	0.000
3453	0.000
3454	0.000
3455	0.000
3456	0.000
3457	0.000
3458	0.000
3459	0.000
3460	0.000
3461	0.000
3462	0.000
3463	0.000
3464	0.000
3465	0.000
3466	0.000
3467	0.000
3468	0.000
3469	0.000
3470	0.000
3471	0.000
3472	0.000
3473	0.000
3474	0.000
3475	0.000
3476	0.000
3477	0.000
3478	0.000
3479	0.000
3480	0.000
3481	0.000
3482	0.000
3483	0.000
3484	0.000
3485	0.000
3486	0.000
3487	0.000
3488	0.000
3489	0.000
3490	0.000
3491	0.000
3492	0.000
3493	0.000
3494	0.000
3495	0.000
3496	0.000
3497	0.000
3498	0.000
3499	0.000
3500	0.000
3501	0.000
3502	0.000
3503	0.000
3504	0.000
3505	0.000
3506	0.000
3507	0.000
3508	0.000
3509	0.000
3510	0.000
3511	0.000
3512	0.000
3513	0.000
3514	0.000
3515	0.000
3516	0.000
3517	0.000
3518	0.000
3519	0.000
3520	0.000
3521	0.000
3522	0.000
3523	0.000
3524	0.000
3525	0.000
3526	0.000
3527	0.000
3528	0.000
3529	0.000
3530	0.000
3531	0.000
3532	0.000
3533	0.000
3534	0.000
3535	0.000
3536	0.000
3537	0.000
3538	0.000
3539	0.000
3540	0.000
3541	0.000
3542	0.000
3543	0.000
3544	0.000
3545	0.000
3546	0.000
3547	0.000
3548	0.000
3549	0.000
3550	0.000
3551	0.000
3552	0.000
3553	0.000
3554	0.000
3555	0.000
3556	0.000
3557	0.000
3558	0.000
3559	0.000
3560	0.000
3561	0.000
3562	0.000
3563	0.000
3564	0.000
3565	0.000
3566	0.000
3567	0.000
3568	0.000
3569	0.000
3570	0.000
3571	0.000
3572	0.000
3573	0.000
3574	0.000
3575	0.000
3576	0.000
3577	0.000
3578	0.000
3579	0.000
3580	0.000
3581	0.000
3582	0.000
3583	0.000
3584	0.000
3585	0.000
3586	0.000
3587	0.000
3588	0.000
3589	0.000
3590	0.000
3591	0.000
3592	0.000
3593	0.000
3594	0.000
3595	0.000
3596	0.000
3597	0.000
3598	0.000
3599	0.000
3600	0.000
3601	0.000
3602	0.000
3603	0.000
3604	0.000
3605	0.000
3606	0.000
3607	0.000
3608	0.000
3609	0.000
3610	0.000
3611	0.000
3612	0.000
3613	0.000
3614	0.000
3615	0.000
3616	0.000
3617	0.000
3618	0.000
3619	0.000
3620	0.000
3621	0.000
3622	0.000
3623	0.000
3624	0.000
3625	0.000
3626	0.000
3627	0.000
3628	0.000
3629	0.000
3630	0.000
3631	0.000
3632	0.000
3633	0.000
3634	0.000
3635	0.000
3636	0.000
3637	0.000
3638	0.000
3639	0.000
3640	0.000
3641	0.000
3642	0.000
3643	0.000
3644	0.000
3645	0.000
3646	0.000
3647	0.000
3648	0.000
3649	0.000
3650	0.000
3651	0.000
3652	0.000
3653	0.000
3654	0.000
3655	0.000
3656	0.000
3657	0.000
3658	0.000
3659	0.000
3660	0.000
3661	0.000
3662	0.000
3663	0.000
3664	0.000
3665	0.000
3666	0.000
3667	0.000
3668	0.000
3669	0.000
3670	0.000
3671	0.000
3672	0.000
3673	0.000
3674	0.000
3675	0.000
3676	0.000
3677	0.000
3678	0.000
3679	0.000
3680	0.000
3681	0.000
3682	0.000
3683	0.000
3684	0.000
3685	0.000
3686	0.000
3687	0.000
3688	0.000
3689	0.000
3690	0.000
3691	0.000
3692	0.000
3693	0.000
3694	0.000
3695	0.000
3696	0.000
3697	0.000
3698	0.000
3699	0.000
3700	0.000
3701	0.000
3702	0.000
3703	0.000
3704	0.000
3705	0.000
3706	0.000
3707	0.000
3708	0.000
3709	0.000
3710	0.000
3711	0.000
3712	0.000
3713	0.000
3714	0.000
3715	0.000
3716	0.000
3717	0.000
3718	0.000
3719	0.000
3720	0.000
3721	0.000
3722	0.000
3723	0.000
3724	0.000
3725	0.000
3726	0.000
3727	0.000
3728	0.000
3729	0.000
3730	0.000
3731	0.000
3732	0.000
3733	0.000
3734	0.000
3735	0.000
3736	0.000
3737	0.000
3738	0.000
3739	0.000
3740	0.000
3741	0.000
3742	0.000
3743	0.000
3744	0.000
3745	0.000
3746	0.000
3747	0.000
3748	0.000
3749	0.000
3750	0.000
3751	0.000
3752	0.000
3753	0.000
3754	0.000
3755	0.000
3756	0.000
3757	0.000
3758	0.000
3759	0.000
3760	0.000
3761	0.000
3762	0.000
3763	0.000
3764	0.000
3765	0.000
3766	0.000
3767	0.000
3768	0.000
3769	0.000
3770	0.000
3771	0.000
3772	0.000
3773	0.000
3774	0.000
3775	0.000
3776	0.000
3777	0.000
3778	0.000
3779	0.000
3780	0.000
3781	0.000
3782	0.000
3783	0.000
3784	0.000
3785	0.000
3786	0.000
3787	0.000
3788	0.000
3789	0.000
3790	0.000
3791	0.000
3792	0.000
3793	0.000
3794	0.000
3795	0.000
3796	0.000
3797	0.000
3798	0.000
3799	0.000
3800	0.000
3801	0.000
3802	0.000
3803	0.000
3804	0.000
3805	0.000
3806	0.000
3807	0.000
3808	0.000
3809	0.000
3810	0.000
3811	0.000
3812	0.000
3813	0.000
3814	0.000
3815	0.000
3816	0.000
3817	0.000
3818	0.000
3819	0.000
3820	0.000
3821	0.000
3822	0.000
3823	0.000
3824	0.000
3825	0.000
3826	0.000
3827	0.000
3828	0.000
3829	0.000
3830	0.000
3831	0.000
3832	0.000
3833	0.000
3834	0.000
3835	0.000
3836	0.000
3837	0.000
3838	0.000
3839	0.000
3840	0.000
3841	0.000
3842	0.000
3843	0.000
3844	0.000
3845	0.000
3846	0.000
3847	0.000
3848	0.000
3849	0.000
3850	0.000
3851	0.000
3852	0.000
3853	0.000
3854	0.000
3855	0.000
3856	0.000
3857	0.000
3858	0.000
3859	0.000
3860	0.000
3861	0.000
3862	0.000
3863	0.000
3864	0.000
3865	0.000
3866	0.000
3867	0.000
3868	0.000
3869	0.000
3870	0.000
3871	0.000
3872	0.000
3873	0.000
3874	0.000
3875	0.000
3876	0.000
3877	0.000
3878	0.000
3879	0.000
3880	0.000
3881	0.000
3882	0.000
3883	0.000
3884	0.000
3885	0.000
3886	0.000
3887	0.000
3888	0.000
3889	0.000
3890	0.000
3891	0.000
3892	0.000
3893	0.000
3894	0.000
3895	0.000
3896	0.000
3897	0.000
3898	0.000
3899	0.000
3900	0.000
3901	0.000
3902	0.000
3903	0.000
3904	0.000
3905	0.000
3906	0.000
3907	0.000
3908	0.000
3909	0.000
3910	0.000
3911	0.000
3912	0.000
3913	0.000
3914	0.000
3915	0.000
3916	0.000
3917	0.000
3918	0.000
3919	0.000
3920	0.000
3921	0.000
3922	0.000
3923	0.000
3924	0.000
3925	0.000
3926	0.000
3927	0.000
3928	0.000
3929	0.000
3930	0.000
3931	0.000
3932	0.000
3933	0.000
3934	0.000
3935	0.000
3936	0.000
3937	0.000
3938	0.000
3939	0.000
3940	0.000
3941	0.000
3942	0.000
3943	0.000
3944	0.000
3945	0.000
3946	0.000
3947	0.000
3948	0.000
3949	0.000
3950	0.000
3951	0.000
3952	0.000
3953	0.000
3954	0.000
3955	0.000
3956	0.000
3957	0.000
3958	0.000
3959	0.000
3960	0.000
3961	0.000
3962	0.000
3963	0.000
3964	0.000
3965	0.000
3966	0.000
3967	0.000
3968	0.000
3969	0.000
3970	0.000
3971	0.000
3972	0.000
3973	0.000
3974	0.000
3975	0.000
3976	0.000
3977	0.000
3978	0.000
3979	0.000
3980	0.000
3981	0.000
3982	0.000
3983	0.000
3984	0.000
3985	0.000
3986	0.000
3987	0.000
3988	0.000
3989	0.000
3990	0.000
3991	0.000
3992	0.000
3993	0.000
3994	0.000
3995	0.000
3996	0.000
3997	0.000
3998	0.000
3999	0.000
4000	0.000
4001	0.000
4002	0.000
4003	0.000
4004	0.000
4005	0.000
4006	0.000
4007	0.000
4008	0.000
4009	0.000
4010	0.000
4011	0.000
4012	0.000
4013	0.000
4014	0.000
4015	0.000
4016	0.000
4017	0.000
4018	0.000
4019	0.000
4020	0.000
4021	0.000
4022	0.000
4023	0.000
4024	0.000
4025	0.000
4026	0.000
4027	0.000
4028	0.000
4029	0.000
4030	0.000
4031	0.000
4032	0.000
4033	0.000
4034	0.000
4035	0.000
4036	0.000
4037	0.000
4038	0.000
4039	0.000
4040	0.000
4041	0.000
4042	0.000
4043	0.000
4044	0.000
4045	0.000
4046	0.000
4047	0.000
4048	0.000
4049	0.000
4050	0.000
4051	0.000
4052	0.000
4053	0.000
4054	0.000
4055	0.000
4056	0.000
4057	0.000
4058	0.000
4059	0.000
4060	0.000
4061	0.000
4062	0.000
4063	0.000
4064	0.000
4065	0.000
4066	0.000
4067	0.000
4068	0.000
4069	0.000
4070	0.000
4071	0.000
4072	0.000
4073	0.000
4074	0.000
4075	0.000
4076	0.000
4077	0.000
4078	0.000
4079	0.000
4080	0.000
4081	0.000
4082	0.000
4083	0.000
4084	0.000
4085	0.000
4086	0.000
4087	0.000
4088	0.000
4089	0.000
4090	0.000
4091	0.000
4092	0.000
4093	0.000
4094	0.000
4095	0.000
4096	0.000
4097	0.000
4098	0.000
4099	0.000
4100	0.000
4101	0.000
4102	0.000
4103	0.000
4104	0.000
4105	0.000
4106	0.000
4107	0.000
4108	0.000
4109	0.000
4110	0.000
4111	0.000
4112	0.000
4113	0.000
4114	0.000
4115	0.000
4116	0.000
4117	0.000
4118	0.000
4119	0.000
4120	0.000
4121	0.000
4122	0.000
4123	0.000
4124	0.000
4125	0.000
4126	0.000
4127	0.000
4128	0.000
4129	0.000
4130	0.000
4131	0.000
4132	0.000
4133	0.000
4134	0.000
4135	0.000
4136	0.000
4137	0.000
4138	0.000
4139	0.000
4140	0.000
4141	0.000
4142	0.000
4143	0.000
4144	0.000
4145	0.000
4146	0.000
4147	0.000
4148	0.000
4149	0.000
4150	0.000
4151	0.000
4152	0.000
4153	0.000
4154	0.000
4155	0.000
4156	0.000
4157	0.000
4158	0.000
4159	0.000
4160	0.000
4161	0.000
4162	0.000
4163	0.000
4164	0.000
4165	0.000
4166	0.000
4167	0.000
4168	0.000
4169	0.000
4170	0.000
4171	0.000
4172	0.000
4173	0.000
4174	0.000
4175	0.000
4176	0.000
4177	0.000
4178	0.000
4179	0.000
4180	0.000
4181	0.000
4182	0.000
4183	0.000
4184	0.000
4185	0.000
4186	0.000
4187	0.000
4188	0.000
4189	0.000
4190	0.000
4191	0.000
4192	0.000
4193	0.000
4194	0.000
4195	0.000
4196	0.000
4197	0.000
4198	0.000
4199	0.000
4200	0.000
4201	0.000
4202	0.000
4203	0.000
4204	0.000
4205	0.000
4206	0.000
4207	0.000
4208	0.000
4209	0.000
4210	0.000
4211	0.000
4212	0.000
4213	0.000
4214	0.000
4215	0.000
4216	0.000
4217	0.000
4218	0.000
4219	0.000
4220	0.000
4221	0.000
4222	0.000
4223	0.000
4224	0.000
4225	0.000
4226	0.000
4227	0.000
4228	0.000
4229	0.000
4230	0.000
4231	0.000
4232	0.000
4233	0.000
4234	0.000
4235	0.000
4236	0.000
4237	0.000
4238	0.000
4239	0.000
4240	0.000
4241	0.000
4242	0.000
4243	0.000
4244	0.000
4245	0.000
4246	0.000
4247	0.000
4248	0.000
4249	0.000
4250	0.000
4251	0.000
4252	0.000
4253	0.000
4254	0.000
4255	0.000
4256	0.000
4257	0.000
4258	0.000
4259	0.000
4260	0.000
4261	0.000
4262	0.000
4263	0.000
4264	0.000
4265	0.000
4266	0.000
4267	0.000
4268	0.000
4269	0.000
4270	0.000
4271	0.000
4272	0.000
4273	0.000
4274	0.000
4275	0.000
4276	0.000
4277	0.000
4278	0.000
4279	0.000
4280	0.000
4281	0.000
4282	0.000
4283	0.000
4284	0.000
4285	0.000
4286	0.000
4287	0.000
4288	0.000
4289	0.000
4290	0.000
4291	0.000
4292	0.000
4293	0.000
4294	0.000
4295	0.000
4296	0.084
4297	0.998
4298	0.084
4299	0.990
4300	0.092
4301	0.990
4302	0.896
4303	0.252
4304	0.893
4305	0.248
4306	0.889
4307	0.264
4308	0.889
4309	0.244
4310	0.885
4311	0.256
4312	0.881
4313	0.256
4314	0.869
4315	0.264
4316	0.889
4317	0.279
4318	0.854
4319	0.275
4320	0.885
4321	0.295
4322	0.846
4323	0.299
4324	0.877
4325	0.303
4326	0.877
4327	0.303
4328	0.885
4329	0.295
4330	0.889
4331	0.295
4332	0.889
4333	0.295
4334	0.889
4335	0.279
4336	0.889
4337	0.264
4338	0.889
4339	0.264
4340	0.889
4341	0.264
4342	0.889
4343	0.244
4344	0.881
4345	0.217
4346	0.881
4347	0.217
4348	0.865
4349	0.225
4350	0.865
4351	0.225
4352	0.881
4353	0.256
4354	0.881
4355	0.256
4356	0.881
4357	0.256
4358	0.869
4359	0.264
4360	0.854
4361	0.275
4362	0.846
4363	0.299
4364	0.537
4365	0.217
4366	0.537
4367	0.217
4368	0.557
4369	0.213
4370	0.557
4371	0.213
4372	0.564
4373	0.213
4374	0.564
4375	0.213
4376	0.588
4377	0.217
4378	0.588
4379	0.217
4380	0.588
4381	0.252
4382	0.549
4383	0.232
4384	0.537
4385	0.217
4386	0.549
4387	0.232
4388	0.588
4389	0.252
4390	0.088
4391	0.955
4392	0.088
4393	0.955
4394	0.072
4395	0.955
4396	0.092
4397	0.971
4398	0.076
4399	0.979
4400	0.092
4401	0.971
4402	0.865
4403	0.225
4404	0.865
4405	0.225
4406	0.998
4407	0.982
4408	0.982
4409	0.998
4410	0.982
4411	0.982
4412	0.982
4413	0.982
4414	0.271
4415	0.291
4416	0.314
4417	0.264
4418	0.303
4419	0.264
4420	0.318
4421	0.229
4422	0.303
4423	0.264
4424	0.318
4425	0.229
4426	0.010
4427	0.369
4428	0.045
4429	0.275
4430	0.002
4431	0.365
4432	0.021
4433	0.295
4434	0.002
4435	0.365
4436	0.021
4437	0.295
4438	0.025
4439	0.275
4440	0.064
4441	0.994
4442	0.061
4443	0.998
4444	0.068
4445	0.994
4446	0.072
4447	0.994
4448	0.076
4449	0.994
4450	0.080
4451	0.998
4452	0.287
4453	0.299
4454	0.092
4455	0.982
4456	0.002
4457	0.998
4458	0.061
4459	0.982
4460	0.002
4461	0.998
4462	0.061
4463	0.982
4464	0.295
4465	0.924
4466	0.311
4467	0.924
4468	0.373
4469	0.975
4470	0.311
4471	0.924
4472	0.373
4473	0.975
4474	0.635
4475	0.311
4476	0.705
4477	0.326
4478	0.725
4479	0.299
4480	0.732
4481	0.299
4482	0.732
4483	0.299
4484	0.732
4485	0.299
4486	0.627
4487	0.971
4488	0.611
4489	0.936
4490	0.607
4491	0.936
4492	0.611
4493	0.936
4494	0.678
4495	0.494
4496	0.686
4497	0.494
4498	0.643
4499	0.541
4500	0.686
4501	0.494
4502	0.643
4503	0.541
4504	0.666
4505	0.689
4506	0.623
4507	0.729
4508	0.717
4509	0.760
4510	0.619
4511	0.783
4512	0.646
4513	0.861
4514	0.748
4515	0.834
4516	0.756
4517	0.783
4518	0.768
4519	0.818
4520	0.768
4521	0.854
4522	0.807
4523	0.932
4524	0.732
4525	0.932
4526	0.779
4527	0.998
4528	0.744
4529	0.994
4530	0.729
4531	0.975
4532	0.744
4533	0.994
4534	0.729
4535	0.975
4536	0.729
4537	0.975
4538	0.693
4539	0.959
4540	0.693
4541	0.959
4542	0.662
4543	0.932
4544	0.662
4545	0.932
4546	0.654
4547	0.916
4548	0.654
4549	0.916
4550	0.654
4551	0.916
4552	0.654
4553	0.916
4554	0.646
4555	0.912
4556	0.646
4557	0.912
4558	0.670
4559	0.916
4560	0.416
4561	0.416
4562	0.400
4563	0.486
4564	0.354
4565	0.416
4566	0.271
4567	0.291
4568	0.271
4569	0.291
4570	0.025
4571	0.275
4572	0.025
4573	0.275
4574	0.768
4575	0.818
4576	0.768
4577	0.854
4578	0.768
4579	0.854
4580	0.002
4581	0.998
4582	0.689
4583	0.994
4584	0.729
4585	0.998
4586	0.689
4587	0.994
4588	0.729
4589	0.998
4590	0.709
4591	0.994
4592	0.701
4593	0.982
4594	0.545
4595	0.400
4596	0.545
4597	0.400
4598	0.475
4599	0.439
4600	0.479
4601	0.439
4602	0.475
4603	0.439
4604	0.494
4605	0.482
4606	0.475
4607	0.439
4608	0.494
4609	0.482
4610	0.494
4611	0.482
4612	0.510
4613	0.529
4614	0.510
4615	0.529
4616	0.553
4617	0.404
4618	0.549
4619	0.463
4620	0.545
4621	0.533
4622	0.631
4623	0.857
4624	0.631
4625	0.857
4626	0.623
4627	0.893
4628	0.623
4629	0.893
4630	0.615
4631	0.924
4632	0.615
4633	0.924
4634	0.639
4635	0.893
4636	0.299
4637	0.307
4638	0.299
4639	0.307
4640	0.283
4641	0.307
4642	0.283
4643	0.307
4644	0.252
4645	0.299
4646	0.252
4647	0.299
4648	0.252
4649	0.299
4650	0.252
4651	0.299
4652	0.209
4653	0.295
4654	0.209
4655	0.295
4656	0.244
4657	0.338
4658	0.303
4659	0.342
4660	0.322
4661	0.279
4662	0.381
4663	0.271
4664	0.377
4665	0.236
4666	0.381
4667	0.271
4668	0.377
4669	0.236
4670	0.334
4671	0.236
4672	0.334
4673	0.236
4674	0.377
4675	0.236
4676	0.010
4677	0.299
4678	0.002
4679	0.240
4680	0.014
4681	0.268
4682	0.010
4683	0.240
4684	0.061
4685	0.252
4686	0.037
4687	0.232
4688	0.068
4689	0.229
4690	0.037
4691	0.232
4692	0.068
4693	0.229
4694	0.068
4695	0.229
4696	0.068
4697	0.229
4698	0.299
4699	0.783
4700	0.322
4701	0.857
4702	0.318
4703	0.857
4704	0.334
4705	0.896
4706	0.334
4707	0.896
4708	0.318
4709	0.857
4710	0.318
4711	0.857
4712	0.158
4713	0.381
4714	0.158
4715	0.303
4716	0.111
4717	0.346
4718	0.123
4719	0.283
4720	0.088
4721	0.283
4722	0.057
4723	0.334
4724	0.959
4725	0.502
4726	0.951
4727	0.502
4728	0.975
4729	0.510
4730	0.959
4731	0.572
4732	0.990
4733	0.564
4734	0.994
4735	0.631
4736	0.943
4737	0.654
4738	0.002
4739	0.580
4740	0.061
4741	0.549
4742	0.033
4743	0.643
4744	0.057
4745	0.635
4746	0.057
4747	0.635
4748	0.057
4749	0.635
4750	0.072
4751	0.619
4752	0.072
4753	0.619
4754	0.182
4755	0.662
4756	0.182
4757	0.662
4758	0.076
4759	0.619
4760	0.646
4761	0.209
4762	0.596
4763	0.209
4764	0.607
4765	0.264
4766	0.912
4767	0.404
4768	0.881
4769	0.404
4770	0.908
4771	0.451
4772	0.842
4773	0.467
4774	0.920
4775	0.506
4776	0.893
4777	0.545
4778	0.924
4779	0.537
4780	0.893
4781	0.545
4782	0.924
4783	0.537
4784	0.357
4785	0.783
4786	0.330
4787	0.850
4788	0.326
4789	0.783
4790	0.330
4791	0.850
4792	0.326
4793	0.783
4794	0.006
4795	0.740
4796	0.002
4797	0.717
4798	0.021
4799	0.732
4800	0.025
4801	0.732
4802	0.002
4803	0.748
4804	0.002
4805	0.748
4806	0.025
4807	0.732
4808	0.025
4809	0.732
4810	0.025
4811	0.732
4812	0.045
4813	0.736
4814	0.045
4815	0.736
4816	0.045
4817	0.736
4818	0.037
4819	0.721
4820	0.045
4821	0.729
4822	0.572
4823	0.436
4824	0.615
4825	0.408
4826	0.568
4827	0.498
4828	0.623
4829	0.471
4830	0.615
4831	0.525
4832	0.646
4833	0.486
4834	0.635
4835	0.525
4836	0.646
4837	0.486
4838	0.635
4839	0.525
4840	0.635
4841	0.553
4842	0.186
4843	0.596
4844	0.119
4845	0.561
4846	0.689
4847	0.502
4848	0.639
4849	0.564
4850	0.635
4851	0.564
4852	0.611
4853	0.588
4854	0.635
4855	0.564
4856	0.611
4857	0.588
4858	0.623
4859	0.842
4860	0.584
4861	0.768
4862	0.600
4863	0.943
4864	0.545
4865	0.912
4866	0.545
4867	0.979
4868	0.482
4869	0.889
4870	0.475
4871	0.736
4872	0.420
4873	0.732
4874	0.451
4875	0.678
4876	0.432
4877	0.674
4878	0.451
4879	0.678
4880	0.432
4881	0.674
4882	0.002
4883	0.771
4884	0.041
4885	0.811
4886	0.092
4887	0.721
4888	0.107
4889	0.787
4890	0.166
4891	0.709
4892	0.154
4893	0.811
4894	0.221
4895	0.771
4896	0.201
4897	0.709
4898	0.537
4899	0.229
4900	0.482
4901	0.229
4902	0.498
4903	0.287
4904	0.900
4905	0.650
4906	0.779
4907	0.658
4908	0.904
4909	0.666
4910	0.877
4911	0.678
4912	0.783
4913	0.682
4914	0.818
4915	0.736
4916	0.900
4917	0.779
4918	0.896
4919	0.807
4920	0.912
4921	0.779
4922	0.896
4923	0.807
4924	0.912
4925	0.779
4926	0.939
4927	0.740
4928	0.963
4929	0.705
4930	0.979
4931	0.686
4932	0.908
4933	0.654
4934	0.986
4935	0.674
4936	0.986
4937	0.674
4938	0.979
4939	0.686
4940	0.963
4941	0.705
4942	0.939
4943	0.740
4944	0.705
4945	0.545
4946	0.705
4947	0.584
4948	0.705
4949	0.646
4950	0.643
4951	0.623
4952	0.686
4953	0.670
4954	0.975
4955	0.932
4956	0.932
4957	0.982
4958	0.900
4959	0.928
4960	0.896
4961	0.998
4962	0.834
4963	0.998
4964	0.822
4965	0.893
4966	0.842
4967	0.893
4968	0.896
4969	0.229
4970	0.916
4971	0.287
4972	0.951
4973	0.229
4974	0.357
4975	0.979
4976	0.369
4977	0.979
4978	0.420
4979	0.998
4980	0.404
4981	0.986
4982	0.443
4983	0.994
4984	0.951
4985	0.986
4986	0.963
4987	0.986
4988	0.920
4989	0.998
4990	0.963
4991	0.986
4992	0.920
4993	0.998
4994	0.967
4995	0.998
4996	0.982
4997	0.967
4998	0.979
4999	0.967
5000	0.982
5001	0.924
5002	0.979
5003	0.967
5004	0.982
5005	0.924
5006	0.982
5007	0.924
5008	0.744
5009	0.768
5010	0.717
5011	0.713
5012	0.771
5013	0.705
5014	0.732
5015	0.658
5016	0.771
5017	0.631
5018	0.713
5019	0.623
5020	0.623
5021	0.611
5022	0.615
5023	0.604
5024	0.623
5025	0.611
5026	0.811
5027	0.971
5028	0.662
5029	0.682
5030	0.588
5031	0.697
5032	0.600
5033	0.596
5034	0.553
5035	0.537
5036	0.611
5037	0.537
5038	0.674
5039	0.967
5040	0.604
5041	0.986
5042	0.686
5043	0.998
5044	0.549
5045	0.986
5046	0.686
5047	0.998
5048	0.549
5049	0.986
5050	0.502
5051	0.643
5052	0.521
5053	0.678
5054	0.475
5055	0.650
5056	0.514
5057	0.619
5058	0.486
5059	0.619
5060	0.482
5061	0.619
5062	0.311
5063	0.498
5064	0.338
5065	0.463
5066	0.389
5067	0.564
5068	0.451
5069	0.564
5070	0.463
5071	0.631
5072	0.736
5073	0.311
5074	0.799
5075	0.229
5076	0.736
5077	0.229
5078	0.799
5079	0.229
5080	0.736
5081	0.229
5082	0.318
5083	0.521
5084	0.322
5085	0.572
5086	0.248
5087	0.455
5088	0.314
5089	0.572
5090	0.307
5091	0.580
5092	0.307
5093	0.580
5094	0.322
5095	0.572
5096	0.807
5097	0.518
5098	0.850
5099	0.408
5100	0.795
5101	0.451
5102	0.795
5103	0.404
5104	0.814
5105	0.396
5106	0.838
5107	0.393
5108	0.846
5109	0.393
5110	0.838
5111	0.393
5112	0.838
5113	0.393
5114	0.838
5115	0.393
5116	0.814
5117	0.396
5118	0.814
5119	0.396
5120	0.814
5121	0.396
5122	0.979
5123	0.701
5124	0.994
5125	0.701
5126	0.947
5127	0.811
5128	0.994
5129	0.764
5130	0.998
5131	0.811
5132	0.998
5133	0.811
5134	0.994
5135	0.764
5136	0.994
5137	0.764
5138	0.994
5139	0.701
5140	0.365
5141	0.955
5142	0.330
5143	0.928
5144	0.514
5145	0.998
5146	0.393
5147	0.920
5148	0.350
5149	0.893
5150	0.357
5151	0.842
5152	0.357
5153	0.842
5154	0.350
5155	0.893
5156	0.350
5157	0.893
5158	0.350
5159	0.893
5160	0.334
5161	0.912
5162	0.334
5163	0.912
5164	0.330
5165	0.928
5166	0.393
5167	0.338
5168	0.459
5169	0.338
5170	0.424
5171	0.279
5172	0.486
5173	0.279
5174	0.146
5175	0.447
5176	0.174
5177	0.428
5178	0.096
5179	0.416
5180	0.135
5181	0.373
5182	0.123
5183	0.373
5184	0.053
5185	0.389
5186	0.408
5187	0.596
5188	0.404
5189	0.596
5190	0.420
5191	0.650
5192	0.393
5193	0.635
5194	0.404
5195	0.709
5196	0.393
5197	0.701
5198	0.865
5199	0.803
5200	0.834
5201	0.771
5202	0.818
5203	0.771
5204	0.818
5205	0.771
5206	0.943
5207	0.756
5208	0.939
5209	0.756
5210	0.928
5211	0.811
5212	0.350
5213	0.990
5214	0.299
5215	0.955
5216	0.303
5217	0.955
5218	0.299
5219	0.955
5220	0.709
5221	0.721
5222	0.701
5223	0.678
5224	0.666
5225	0.678
5226	0.666
5227	0.678
5228	0.666
5229	0.678
5230	0.666
5231	0.678
5232	0.666
5233	0.678
5234	0.506
5235	0.553
5236	0.467
5237	0.600
5238	0.482
5239	0.619
5240	0.482
5241	0.619
5242	0.393
5243	0.592
5244	0.404
5245	0.596
5246	0.475
5247	0.686
5248	0.475
5249	0.686
5250	0.502
5251	0.689
5252	0.502
5253	0.689
5254	0.502
5255	0.689
5256	0.502
5257	0.689
5258	0.521
5259	0.693
5260	0.521
5261	0.693
5262	0.521
5263	0.693
5264	0.521
5265	0.693
5266	0.525
5267	0.693
5268	0.561
5269	0.701
5270	0.561
5271	0.701
5272	0.561
5273	0.701
5274	0.619
5275	0.717
5276	0.619
5277	0.717
5278	0.619
5279	0.717
5280	0.002
5281	0.240
5282	0.002
5283	0.240
5284	0.010
5285	0.240
5286	0.635
5287	0.553
5288	0.314
5289	0.295
5290	0.314
5291	0.295
5292	0.326
5293	0.295
5294	0.326
5295	0.295
5296	0.326
5297	0.295
5298	0.326
5299	0.295
5300	0.396
5301	0.283
5302	0.396
5303	0.283
5304	0.400
5305	0.307
5306	0.361
5307	0.334
5308	0.307
5309	0.385
5310	0.396
5311	0.283
5312	0.400
5313	0.307
5314	0.033
5315	0.643
5316	0.033
5317	0.643
5318	0.002
5319	0.959
5320	0.002
5321	0.959
5322	0.025
5323	0.959
5324	0.025
5325	0.959
5326	0.068
5327	0.959
5328	0.068
5329	0.959
5330	0.068
5331	0.979
5332	0.002
5333	0.959
5334	0.068
5335	0.979
5336	0.330
5337	0.850
5338	0.330
5339	0.850
5340	0.717
5341	0.580
5342	0.709
5343	0.576
5344	0.717
5345	0.580
5346	0.721
5347	0.580
5348	0.717
5349	0.580
5350	0.381
5351	0.705
5352	0.381
5353	0.705
5354	0.369
5355	0.721
5356	0.369
5357	0.721
5358	0.369
5359	0.721
5360	0.365
5361	0.748
5362	0.365
5363	0.748
5364	0.365
5365	0.791
5366	0.365
5367	0.791
5368	0.365
5369	0.791
5370	0.893
5371	0.545
5372	0.877
5373	0.553
5374	0.893
5375	0.545
5376	0.830
5377	0.533
5378	0.873
5379	0.553
5380	0.877
5381	0.553
5382	0.873
5383	0.553
5384	0.873
5385	0.553
5386	0.873
5387	0.553
5388	0.854
5389	0.553
5390	0.854
5391	0.553
5392	0.854
5393	0.553
5394	0.127
5395	0.693
5396	0.127
5397	0.693
5398	0.127
5399	0.693
5400	0.135
5401	0.689
5402	0.135
5403	0.689
5404	0.139
5405	0.689
5406	0.170
5407	0.705
5408	0.182
5409	0.666
5410	0.182
5411	0.666
5412	0.182
5413	0.666
5414	0.799
5415	0.229
5416	0.182
5417	0.666
5418	0.994
5419	0.904
5420	0.982
5421	0.904
5422	0.998
5423	0.955
5424	0.139
5425	0.689
5426	0.611
5427	0.756
5428	0.600
5429	0.756
5430	0.615
5431	0.807
5432	0.846
5433	0.393
5434	0.846
5435	0.393
5436	0.838
5437	0.393
5438	0.295
5439	0.580
5440	0.295
5441	0.580
5442	0.295
5443	0.580
5444	0.268
5445	0.584
5446	0.268
5447	0.584
5448	0.236
5449	0.588
5450	0.236
5451	0.588
5452	0.193
5453	0.592
5454	0.193
5455	0.592
5456	0.162
5457	0.557
5458	0.162
5459	0.553
5460	0.162
5461	0.518
5462	0.166
5463	0.447
5464	0.166
5465	0.447
5466	0.162
5467	0.518
5468	0.162
5469	0.518
5470	0.162
5471	0.557
5472	0.162
5473	0.557
5474	0.295
5475	0.979
5476	0.291
5477	0.990
5478	0.291
5479	0.979
5480	0.287
5481	0.979
5482	0.408
5483	0.283
5484	0.408
5485	0.283
5486	0.408
5487	0.283
5488	0.436
5489	0.260
5490	0.436
5491	0.260
5492	0.447
5493	0.236
5494	0.447
5495	0.236
5496	0.393
5497	0.232
5498	0.420
5499	0.232
5500	0.432
5501	0.232
5502	0.432
5503	0.232
5504	0.420
5505	0.232
5506	0.393
5507	0.232
5508	0.393
5509	0.232
5510	0.393
5511	0.232
5512	0.861
5513	0.553
5514	0.170
5515	0.635
5516	0.162
5517	0.615
5518	0.178
5519	0.607
5520	0.162
5521	0.615
5522	0.162
5523	0.615
5524	0.170
5525	0.635
5526	0.174
5527	0.650
5528	0.174
5529	0.650
5530	0.178
5531	0.635
5532	0.662
5533	0.330
5534	0.611
5535	0.314
5536	0.627
5537	0.342
5538	0.572
5539	0.369
5540	0.623
5541	0.404
5542	0.658
5543	0.354
5544	0.662
5545	0.377
5546	0.662
5547	0.377
5548	0.658
5549	0.354
5550	0.611
5551	0.314
5552	0.596
5553	0.314
5554	0.596
5555	0.314
5556	0.557
5557	0.330
5558	0.557
5559	0.330
5560	0.475
5561	0.580
5562	0.447
5563	0.545
5564	0.475
5565	0.545
5566	0.447
5567	0.545
5568	0.475
5569	0.545
5570	0.725
5571	0.365
5572	0.764
5573	0.314
5574	0.666
5575	0.373
5576	0.729
5577	0.314
5578	0.072
5579	0.994
5580	0.080
5581	0.998
5582	0.076
5583	0.994
5584	0.799
5585	0.975
5586	0.803
5587	0.975
5588	0.795
5589	0.979
5590	0.795
5591	0.998
5592	0.795
5593	0.979
5594	0.795
5595	0.998
5596	0.010
5597	0.693
5598	0.002
5599	0.678
5600	0.068
5601	0.650
5602	0.053
5603	0.650
5604	0.053
5605	0.650
5606	0.002
5607	0.678
5608	0.443
5609	0.623
5610	0.424
5611	0.623
5612	0.424
5613	0.670
5614	0.424
5615	0.623
5616	0.424
5617	0.670
5618	0.002
5619	0.381
5620	0.088
5621	0.350
5622	0.053
5623	0.381
5624	0.100
5625	0.350
5626	0.053
5627	0.381
5628	0.100
5629	0.350
5630	0.885
5631	0.307
5632	0.811
5633	0.330
5634	0.838
5635	0.381
5636	0.779
5637	0.330
5638	0.795
5639	0.377
5640	0.271
5641	0.990
5642	0.111
5643	0.998
5644	0.299
5645	0.943
5646	0.096
5647	0.943
5648	0.268
5649	0.928
5650	0.053
5651	0.920
5652	0.014
5653	0.947
5654	0.014
5655	0.936
5656	0.006
5657	0.885
5658	0.006
5659	0.885
5660	0.002
5661	0.846
5662	0.002
5663	0.846
5664	0.002
5665	0.830
5666	0.002
5667	0.830
5668	0.002
5669	0.830
5670	0.002
5671	0.830
5672	0.002
5673	0.826
5674	0.002
5675	0.826
5676	0.072
5677	0.818
5678	0.072
5679	0.818
5680	0.002
5681	0.826
5682	0.221
5683	0.725
5684	0.377
5685	0.697
5686	0.201
5687	0.689
5688	0.381
5689	0.646
5690	0.232
5691	0.607
5692	0.389
5693	0.572
5694	0.389
5695	0.572
5696	0.232
5697	0.607
5698	0.232
5699	0.607
5700	0.182
5701	0.607
5702	0.182
5703	0.607
5704	0.182
5705	0.607
5706	0.342
5707	0.994
5708	0.275
5709	0.998
5710	0.389
5711	0.994
5712	0.275
5713	0.998
5714	0.389
5715	0.994
5716	0.389
5717	0.994
5718	0.389
5719	0.994
5720	0.631
5721	0.303
5722	0.678
5723	0.271
5724	0.639
5725	0.236
5726	0.662
5727	0.221
5728	0.658
5729	0.217
5730	0.654
5731	0.217
5732	0.654
5733	0.217
5734	0.654
5735	0.217
5736	0.127
5737	0.822
5738	0.162
5739	0.861
5740	0.080
5741	0.818
5742	0.072
5743	0.818
5744	0.186
5745	0.428
5746	0.209
5747	0.393
5748	0.162
5749	0.361
5750	0.166
5751	0.361
5752	0.162
5753	0.361
5754	0.166
5755	0.361
5756	0.166
5757	0.361
5758	0.217
5759	0.318
5760	0.217
5761	0.318
5762	0.244
5763	0.354
5764	0.244
5765	0.354
5766	0.217
5767	0.318
5768	0.100
5769	0.650
5770	0.123
5771	0.693
5772	0.100
5773	0.650
5774	0.123
5775	0.693
5776	0.092
5777	0.650
5778	0.111
5779	0.705
5780	0.029
5781	0.693
5782	0.002
5783	0.713
5784	0.029
5785	0.693
5786	0.002
5787	0.713
5788	0.268
5789	0.783
5790	0.252
5791	0.803
5792	0.268
5793	0.783
5794	0.252
5795	0.803
5796	0.143
5797	0.830
5798	0.166
5799	0.814
5800	0.244
5801	0.783
5802	0.244
5803	0.783
5804	0.166
5805	0.814
5806	0.928
5807	0.549
5808	0.877
5809	0.561
5810	0.928
5811	0.549
5812	0.877
5813	0.561
5814	0.924
5815	0.639
5816	0.869
5817	0.561
5818	0.842
5819	0.568
5820	0.830
5821	0.646
5822	0.764
5823	0.611
5824	0.760
5825	0.580
5826	0.814
5827	0.568
5828	0.814
5829	0.568
5830	0.760
5831	0.580
5832	0.928
5833	0.549
5834	0.939
5835	0.588
5836	0.939
5837	0.588
5838	0.939
5839	0.635
5840	0.939
5841	0.588
5842	0.939
5843	0.635
5844	0.943
5845	0.490
5846	0.943
5847	0.490
5848	0.932
5849	0.529
5850	0.932
5851	0.529
5852	0.932
5853	0.529
5854	0.932
5855	0.529
5856	0.932
5857	0.529
5858	0.943
5859	0.498
5860	0.939
5861	0.525
5862	0.939
5863	0.553
5864	0.928
5865	0.529
5866	0.928
5867	0.529
5868	0.939
5869	0.553
5870	0.939
5871	0.553
5872	0.928
5873	0.529
5874	0.994
5875	0.412
5876	0.994
5877	0.412
5878	0.967
5879	0.318
5880	0.967
5881	0.318
5882	0.967
5883	0.318
5884	0.967
5885	0.318
5886	0.963
5887	0.311
5888	0.936
5889	0.311
5890	0.963
5891	0.311
5892	0.936
5893	0.311
5894	0.908
5895	0.311
5896	0.936
5897	0.408
5898	0.912
5899	0.814
5900	0.912
5901	0.814
5902	0.908
5903	0.814
5904	0.990
5905	0.900
5906	0.900
5907	0.893
5908	0.838
5909	0.807
5910	0.838
5911	0.807
5912	0.830
5913	0.807
5914	0.830
5915	0.807
5916	0.826
5917	0.881
5918	0.795
5919	0.885
5920	0.775
5921	0.803
5922	0.775
5923	0.803
5924	0.830
5925	0.807
5926	0.830
5927	0.807
5928	0.908
5929	0.814
5930	0.908
5931	0.814
5932	0.908
5933	0.814
5934	0.998
5935	0.826
5936	0.932
5937	0.818
5938	0.998
5939	0.826
5940	0.932
5941	0.818
5942	0.932
5943	0.818
5944	0.912
5945	0.814
5946	0.990
5947	0.900
5948	0.998
5949	0.826
5950	0.100
5951	0.650
5952	0.908
5953	0.311
5954	0.896
5955	0.318
5956	0.896
5957	0.318
5958	0.877
5959	0.338
5960	0.877
5961	0.338
5962	0.881
5963	0.377
5964	0.748
5965	0.545
5966	0.748
5967	0.545
5968	0.748
5969	0.545
5970	0.846
5971	0.557
5972	0.846
5973	0.557
5974	0.752
5975	0.545
5976	0.768
5977	0.498
5978	0.686
5979	0.486
5980	0.877
5981	0.338
5982	0.877
5983	0.338
5984	0.213
5985	0.826
5986	0.213
5987	0.826
5988	0.213
5989	0.826
5990	0.264
5991	0.811
5992	0.264
5993	0.811
5994	0.295
5995	0.814
5996	0.295
5997	0.814
5998	0.287
5999	0.854
6000	0.213
6001	0.830
6002	0.209
6003	0.834
6004	0.197
6005	0.904
6006	0.330
6007	0.904
6008	0.072
6009	0.869
6010	0.639
6011	0.236
6012	0.002
6013	0.826
6014	0.014
6015	0.936
6016	0.014
6017	0.947
6018	0.002
6019	0.541
6020	0.049
6021	0.545
6022	0.002
6023	0.541
6024	0.049
6025	0.545
6026	0.018
6027	0.443
6028	0.064
6029	0.533
6030	0.068
6031	0.533
6032	0.068
6033	0.533
6034	0.076
6035	0.432
6036	0.088
6037	0.537
6038	0.107
6039	0.494
6040	0.127
6041	0.447
6042	0.146
6043	0.490
6044	0.131
6045	0.541
6046	0.146
6047	0.545
6048	0.131
6049	0.541
6050	0.146
6051	0.545
6052	0.146
6053	0.545
6054	0.088
6055	0.537
6056	0.068
6057	0.533
6058	0.068
6059	0.533
6060	0.088
6061	0.537
6062	0.088
6063	0.537
6064	0.244
6065	0.354
6066	0.842
6067	0.275
6068	0.834
6069	0.236
6070	0.857
6071	0.236
6072	0.857
6073	0.236
6074	0.834
6075	0.236
6076	0.795
6077	0.252
6078	0.795
6079	0.252
6080	0.779
6081	0.271
6082	0.779
6083	0.271
6084	0.768
6085	0.318
6086	0.768
6087	0.318
6088	0.803
6089	0.322
6090	0.584
6091	0.971
6092	0.604
6093	0.955
6094	0.576
6095	0.971
6096	0.604
6097	0.955
6098	0.576
6099	0.971
6100	0.568
6101	0.979
6102	0.568
6103	0.979
6104	0.775
6105	0.482
6106	0.779
6107	0.482
6108	0.775
6109	0.443
6110	0.779
6111	0.482
6112	0.775
6113	0.443
6114	0.775
6115	0.443
6116	0.787
6117	0.396
6118	0.787
6119	0.396
6120	0.760
6121	0.482
6122	0.717
6123	0.439
6124	0.756
6125	0.482
6126	0.666
6127	0.482
6128	0.756
6129	0.482
6130	0.666
6131	0.482
6132	0.650
6133	0.482
6134	0.650
6135	0.482
6136	0.811
6137	0.986
6138	0.807
6139	0.986
6140	0.818
6141	0.998
6142	0.818
6143	0.998
6144	0.818
6145	0.998
6146	0.650
6147	0.412
6148	0.674
6149	0.377
6150	0.787
6151	0.381
6152	0.787
6153	0.385
6154	0.791
6155	0.385
6156	0.791
6157	0.385
6158	0.229
6159	0.248
6160	0.236
6161	0.221
6162	0.268
6163	0.260
6164	0.271
6165	0.260
6166	0.236
6167	0.287
6168	0.271
6169	0.260
6170	0.236
6171	0.287
6172	0.291
6173	0.244
6174	0.287
6175	0.264
6176	0.287
6177	0.264
6178	0.287
6179	0.264
6180	0.502
6181	0.549
6182	0.424
6183	0.518
6184	0.479
6185	0.490
6186	0.451
6187	0.451
6188	0.416
6189	0.475
6190	0.408
6191	0.514
6192	0.416
6193	0.475
6194	0.408
6195	0.514
6196	0.408
6197	0.514
6198	0.998
6199	0.318
6200	0.998
6201	0.232
6202	0.982
6203	0.318
6204	0.939
6205	0.264
6206	0.979
6207	0.232
6208	0.939
6209	0.264
6210	0.982
6211	0.318
6212	0.982
6213	0.318
6214	0.748
6215	0.564
6216	0.756
6217	0.604
6218	0.732
6219	0.564
6220	0.732
6221	0.564
6222	0.732
6223	0.564
6224	0.768
6225	0.799
6226	0.814
6227	0.748
6228	0.775
6229	0.725
6230	0.783
6231	0.725
6232	0.775
6233	0.725
6234	0.045
6235	0.385
6236	0.025
6237	0.432
6238	0.002
6239	0.385
6240	0.705
6241	0.229
6242	0.729
6243	0.295
6244	0.674
6245	0.229
6246	0.729
6247	0.295
6248	0.674
6249	0.229
6250	0.154
6251	0.291
6252	0.205
6253	0.229
6254	0.146
6255	0.229
6256	0.314
6257	0.393
6258	0.369
6259	0.357
6260	0.381
6261	0.404
6262	0.404
6263	0.357
6264	0.436
6265	0.400
6266	0.436
6267	0.400
6268	0.404
6269	0.357
6270	0.404
6271	0.357
6272	0.404
6273	0.357
6274	0.686
6275	0.963
6276	0.627
6277	0.928
6278	0.611
6279	0.928
6280	0.611
6281	0.928
6282	0.627
6283	0.928
6284	0.627
6285	0.928
6286	0.197
6287	0.252
6288	0.162
6289	0.314
6290	0.225
6291	0.252
6292	0.174
6293	0.342
6294	0.174
6295	0.342
6296	0.162
6297	0.314
6298	0.354
6299	0.432
6300	0.295
6301	0.486
6302	0.326
6303	0.432
6304	0.260
6305	0.447
6306	0.311
6307	0.404
6308	0.229
6309	0.385
6310	0.283
6311	0.354
6312	0.283
6313	0.354
6314	0.229
6315	0.385
6316	0.998
6317	0.521
6318	0.990
6319	0.424
6320	0.936
6321	0.463
6322	0.967
6323	0.424
6324	0.588
6325	0.256
6326	0.537
6327	0.256
6328	0.627
6329	0.291
6330	0.572
6331	0.311
6332	0.217
6333	0.732
6334	0.264
6335	0.768
6336	0.314
6337	0.748
6338	0.326
6339	0.779
6340	0.354
6341	0.732
6342	0.357
6343	0.732
6344	0.357
6345	0.732
6346	0.326
6347	0.779
6348	0.326
6349	0.779
6350	0.447
6351	0.404
6352	0.467
6353	0.439
6354	0.443
6355	0.404
6356	0.439
6357	0.412
6358	0.443
6359	0.404
6360	0.428
6361	0.412
6362	0.428
6363	0.412
6364	0.439
6365	0.412
6366	0.439
6367	0.412
6368	0.439
6369	0.412
6370	0.779
6371	0.482
6372	0.775
6373	0.482
6374	0.775
6375	0.482
6376	0.779
6377	0.482
6378	0.807
6379	0.986
6380	0.455
6381	0.404
6382	0.455
6383	0.404
6384	0.455
6385	0.404
6386	0.455
6387	0.385
6388	0.455
6389	0.385
6390	0.510
6391	0.404
6392	0.475
6393	0.346
6394	0.537
6395	0.393
6396	0.494
6397	0.291
6398	0.553
6399	0.291
6400	0.553
6401	0.291
6402	0.494
6403	0.291
6404	0.455
6405	0.346
6406	0.455
6407	0.385
6408	0.455
6409	0.346
6410	0.455
6411	0.385
6412	0.236
6413	0.287
6414	0.236
6415	0.221
6416	0.979
6417	0.232
6418	0.979
6419	0.232
6420	0.756
6421	0.604
6422	0.756
6423	0.604
6424	0.756
6425	0.604
6426	0.779
6427	0.420
6428	0.123
6429	0.236
6430	0.107
6431	0.236
6432	0.041
6433	0.318
6434	0.061
6435	0.275
6436	0.096
6437	0.236
6438	0.096
6439	0.236
6440	0.107
6441	0.236
6442	0.107
6443	0.236
