0	0
1	1
2	2
3	3
4	5
5	4
6	4
7	5
8	6
9	5
10	7
11	6
12	7
13	5
14	8
15	9
16	11
17	10
18	10
19	11
20	12
21	12
22	13
23	10
24	13
25	12
26	14
27	12
28	15
29	14
30	15
31	12
32	16
33	12
34	11
35	16
36	16
37	11
38	17
39	11
40	18
41	17
42	18
43	11
44	19
45	20
46	22
47	21
48	21
49	22
50	23
51	22
52	24
53	23
54	24
55	22
56	25
57	26
58	28
59	27
60	29
61	30
62	31
63	30
64	32
65	31
66	33
67	35
68	34
69	34
70	35
71	36
72	35
73	37
74	36
75	36
76	37
77	38
78	39
79	41
80	40
81	40
82	41
83	42
84	43
85	45
86	44
87	44
88	45
89	46
90	45
91	47
92	46
93	48
94	49
95	50
96	49
97	51
98	50
99	52
100	53
101	54
102	53
103	55
104	54
105	54
106	55
107	56
108	56
109	57
110	54
111	54
112	57
113	58
114	57
115	59
116	58
117	58
118	59
119	60
120	55
121	53
122	61
123	61
124	53
125	62
126	63
127	65
128	64
129	66
130	67
131	68
132	69
133	71
134	70
135	70
136	71
137	72
138	71
139	73
140	72
141	74
142	75
143	76
144	75
145	77
146	76
147	76
148	77
149	78
150	77
151	79
152	78
153	79
154	77
155	80
156	77
157	75
158	80
159	7
160	81
161	6
162	81
163	82
164	6
165	14
166	83
167	13
168	83
169	84
170	13
171	85
172	87
173	86
174	86
175	87
176	88
177	87
178	89
179	88
180	88
181	90
182	86
183	90
184	91
185	86
186	86
187	91
188	92
189	92
190	93
191	86
192	94
193	96
194	95
195	95
196	96
197	97
198	96
199	98
200	97
201	97
202	98
203	99
204	98
205	100
206	99
207	99
208	100
209	101
210	95
211	97
212	102
213	102
214	97
215	103
216	97
217	104
218	103
219	104
220	97
221	99
222	105
223	107
224	106
225	106
226	107
227	108
228	107
229	109
230	108
231	108
232	109
233	110
234	109
235	111
236	110
237	111
238	109
239	112
240	109
241	107
242	112
243	113
244	114
245	115
246	116
247	118
248	117
249	119
250	121
251	120
252	120
253	121
254	122
255	121
256	123
257	122
258	124
259	125
260	126
261	125
262	127
263	126
264	126
265	127
266	128
267	127
268	129
269	128
270	128
271	129
272	130
273	129
274	131
275	130
276	130
277	131
278	132
279	132
280	133
281	130
282	130
283	133
284	134
285	134
286	128
287	130
288	128
289	134
290	135
291	134
292	133
293	135
294	135
295	133
296	136
297	125
298	137
299	127
300	127
301	137
302	138
303	137
304	139
305	138
306	138
307	140
308	127
309	140
310	141
311	127
312	127
313	141
314	129
315	141
316	142
317	129
318	129
319	142
320	131
321	143
322	145
323	144
324	146
325	147
326	148
327	149
328	151
329	150
330	150
331	151
332	152
333	151
334	153
335	152
336	154
337	155
338	156
339	155
340	157
341	156
342	156
343	157
344	158
345	157
346	159
347	158
348	158
349	159
350	160
351	155
352	161
353	157
354	161
355	162
356	157
357	157
358	162
359	163
360	163
361	164
362	157
363	157
364	164
365	159
366	165
367	167
368	166
369	166
370	167
371	168
372	167
373	169
374	168
375	169
376	167
377	170
378	171
379	172
380	173
381	172
382	174
383	173
384	173
385	174
386	175
387	174
388	176
389	175
390	175
391	176
392	177
393	178
394	179
395	180
396	179
397	181
398	180
399	181
400	179
401	182
402	182
403	183
404	181
405	183
406	182
407	184
408	182
409	185
410	184
411	184
412	185
413	186
414	185
415	187
416	186
417	186
418	187
419	188
420	189
421	190
422	191
423	190
424	192
425	191
426	191
427	192
428	193
429	194
430	196
431	195
432	195
433	196
434	197
435	197
436	198
437	195
438	195
439	198
440	199
441	198
442	200
443	199
444	201
445	202
446	203
447	202
448	204
449	203
450	203
451	204
452	205
453	204
454	206
455	205
456	205
457	206
458	207
459	206
460	208
461	207
462	208
463	206
464	209
465	206
466	210
467	209
468	210
469	206
470	211
471	206
472	204
473	211
474	211
475	204
476	212
477	204
478	202
479	212
480	213
481	214
482	215
483	214
484	216
485	215
486	215
487	216
488	217
489	216
490	218
491	217
492	217
493	218
494	219
495	218
496	220
497	219
498	219
499	220
500	221
501	220
502	222
503	221
504	222
505	220
506	223
507	220
508	214
509	223
510	223
511	214
512	224
513	217
514	219
515	225
516	225
517	219
518	226
519	219
520	221
521	226
522	195
523	199
524	227
525	228
526	230
527	229
528	229
529	230
530	231
531	230
532	232
533	231
534	205
535	207
536	233
537	207
538	234
539	233
540	233
541	234
542	235
543	235
544	236
545	233
546	236
547	235
548	237
549	235
550	238
551	237
552	238
553	235
554	239
555	235
556	234
557	239
558	239
559	234
560	240
561	234
562	241
563	240
564	242
565	243
566	244
567	243
568	245
569	244
570	244
571	245
572	246
573	245
574	247
575	246
576	248
577	120
578	249
579	120
580	122
581	249
582	249
583	122
584	250
585	187
586	185
587	251
588	251
589	185
590	252
591	185
592	182
593	252
594	252
595	182
596	253
597	253
598	254
599	252
600	252
601	254
602	255
603	255
604	256
605	252
606	252
607	256
608	251
609	142
610	141
611	257
612	257
613	141
614	258
615	259
616	173
617	260
618	260
619	173
620	261
621	173
622	175
623	261
624	262
625	263
626	264
627	263
628	265
629	264
630	264
631	265
632	266
633	266
634	267
635	264
636	264
637	267
638	268
639	267
640	269
641	268
642	268
643	269
644	264
645	269
646	270
647	264
648	270
649	269
650	271
651	269
652	272
653	271
654	272
655	269
656	273
657	269
658	274
659	273
660	273
661	274
662	275
663	274
664	276
665	275
666	276
667	274
668	277
669	274
670	278
671	277
672	277
673	278
674	279
675	279
676	276
677	277
678	276
679	279
680	280
681	279
682	281
683	280
684	267
685	278
686	269
687	278
688	274
689	269
690	275
691	282
692	273
693	282
694	283
695	273
696	273
697	283
698	284
699	283
700	285
701	284
702	284
703	285
704	286
705	285
706	283
707	287
708	287
709	283
710	288
711	283
712	282
713	288
714	288
715	282
716	289
717	282
718	290
719	289
720	291
721	293
722	292
723	292
724	293
725	294
726	294
727	295
728	292
729	292
730	295
731	296
732	296
733	297
734	292
735	292
736	297
737	298
738	297
739	299
740	298
741	298
742	299
743	300
744	299
745	301
746	300
747	300
748	301
749	302
750	302
751	303
752	300
753	300
754	303
755	304
756	304
757	291
758	300
759	300
760	291
761	298
762	291
763	292
764	298
765	305
766	306
767	307
768	306
769	308
770	307
771	307
772	308
773	309
774	309
775	310
776	307
777	307
778	310
779	311
780	311
781	312
782	307
783	307
784	312
785	305
786	312
787	313
788	305
789	305
790	313
791	314
792	315
793	317
794	316
795	316
796	317
797	318
798	317
799	319
800	318
801	318
802	319
803	320
804	321
805	323
806	322
807	324
808	325
809	326
810	325
811	327
812	326
813	327
814	325
815	328
816	328
817	329
818	327
819	327
820	329
821	330
822	330
823	331
824	327
825	331
826	330
827	332
828	332
829	333
830	331
831	331
832	333
833	334
834	334
835	335
836	331
837	331
838	335
839	327
840	335
841	336
842	327
843	327
844	336
845	326
846	336
847	337
848	326
849	326
850	337
851	338
852	337
853	339
854	338
855	338
856	339
857	340
858	336
859	335
860	337
861	337
862	335
863	341
864	335
865	334
866	341
867	341
868	334
869	342
870	343
871	345
872	344
873	344
874	345
875	346
876	345
877	347
878	346
879	348
880	349
881	350
882	349
883	351
884	350
885	350
886	351
887	352
888	339
889	337
890	353
891	353
892	337
893	354
894	337
895	355
896	354
897	355
898	337
899	341
900	319
901	317
902	356
903	356
904	317
905	357
906	358
907	359
908	307
909	307
910	359
911	305
912	360
913	361
914	328
915	328
916	361
917	329
918	362
919	364
920	363
921	363
922	364
923	365
924	364
925	366
926	365
927	365
928	366
929	367
930	366
931	368
932	367
933	367
934	368
935	369
936	368
937	370
938	369
939	370
940	368
941	371
942	368
943	372
944	371
945	371
946	372
947	373
948	372
949	374
950	373
951	374
952	372
953	375
954	372
955	376
956	375
957	375
958	376
959	377
960	376
961	378
962	377
963	378
964	376
965	379
966	376
967	380
968	379
969	380
970	376
971	381
972	376
973	382
974	381
975	381
976	382
977	383
978	382
979	384
980	383
981	383
982	384
983	385
984	385
985	386
986	383
987	386
988	385
989	387
990	385
991	366
992	387
993	387
994	366
995	364
996	385
997	384
998	366
999	384
1000	368
1001	366
1002	368
1003	384
1004	372
1005	384
1006	382
1007	372
1008	372
1009	382
1010	376
1011	388
1012	389
1013	390
1014	389
1015	391
1016	390
1017	390
1018	391
1019	392
1020	391
1021	393
1022	392
1023	392
1024	393
1025	394
1026	394
1027	395
1028	392
1029	395
1030	394
1031	396
1032	394
1033	397
1034	396
1035	396
1036	397
1037	398
1038	389
1039	399
1040	391
1041	391
1042	399
1043	393
1044	399
1045	400
1046	393
1047	393
1048	400
1049	401
1050	401
1051	394
1052	393
1053	394
1054	401
1055	397
1056	402
1057	404
1058	403
1059	403
1060	404
1061	405
1062	404
1063	406
1064	405
1065	405
1066	406
1067	407
1068	407
1069	408
1070	405
1071	405
1072	408
1073	409
1074	409
1075	403
1076	405
1077	410
1078	411
1079	355
1080	411
1081	354
1082	355
1083	412
1084	413
1085	414
1086	413
1087	415
1088	414
1089	414
1090	415
1091	416
1092	416
1093	417
1094	414
1095	414
1096	417
1097	418
1098	419
1099	420
1100	421
1101	420
1102	422
1103	421
1104	421
1105	422
1106	423
1107	424
1108	426
1109	425
1110	425
1111	426
1112	427
1113	426
1114	428
1115	427
1116	429
1117	431
1118	430
1119	430
1120	431
1121	432
1122	431
1123	433
1124	432
1125	432
1126	433
1127	434
1128	433
1129	435
1130	434
1131	434
1132	435
1133	436
1134	435
1135	437
1136	436
1137	438
1138	439
1139	440
1140	439
1141	441
1142	440
1143	440
1144	441
1145	442
1146	441
1147	443
1148	442
1149	442
1150	443
1151	444
1152	444
1153	445
1154	442
1155	442
1156	445
1157	446
1158	446
1159	447
1160	442
1161	442
1162	447
1163	440
1164	447
1165	448
1166	440
1167	440
1168	448
1169	449
1170	448
1171	450
1172	449
1173	450
1174	448
1175	451
1176	448
1177	452
1178	451
1179	451
1180	452
1181	453
1182	452
1183	454
1184	453
1185	454
1186	452
1187	455
1188	452
1189	456
1190	455
1191	456
1192	452
1193	457
1194	457
1195	458
1196	456
1197	458
1198	457
1199	459
1200	457
1201	460
1202	459
1203	460
1204	457
1205	447
1206	457
1207	452
1208	447
1209	447
1210	452
1211	448
1212	446
1213	461
1214	447
1215	447
1216	461
1217	460
1218	462
1219	463
1220	420
1221	420
1222	463
1223	422
1224	464
1225	416
1226	465
1227	465
1228	416
1229	415
1230	415
1231	413
1232	465
1233	465
1234	413
1235	466
1236	466
1237	467
1238	465
1239	465
1240	467
1241	468
1242	436
1243	469
1244	434
1245	469
1246	470
1247	434
1248	434
1249	470
1250	432
1251	470
1252	471
1253	432
1254	472
1255	473
1256	474
1257	473
1258	475
1259	474
1260	474
1261	475
1262	476
1263	475
1264	477
1265	476
1266	476
1267	477
1268	478
1269	479
1270	480
1271	481
1272	480
1273	482
1274	481
1275	481
1276	482
1277	483
1278	484
1279	485
1280	486
1281	485
1282	487
1283	486
1284	486
1285	487
1286	488
1287	487
1288	489
1289	488
1290	488
1291	489
1292	490
1293	489
1294	491
1295	490
1296	491
1297	489
1298	492
1299	489
1300	493
1301	492
1302	494
1303	496
1304	495
1305	495
1306	496
1307	497
1308	496
1309	498
1310	497
1311	497
1312	498
1313	499
1314	499
1315	500
1316	497
1317	497
1318	500
1319	501
1320	500
1321	502
1322	501
1323	501
1324	502
1325	503
1326	503
1327	504
1328	501
1329	501
1330	504
1331	505
1332	504
1333	506
1334	505
1335	505
1336	506
1337	507
1338	506
1339	508
1340	507
1341	509
1342	510
1343	511
1344	510
1345	512
1346	511
1347	511
1348	512
1349	513
1350	514
1351	515
1352	516
1353	515
1354	517
1355	516
1356	516
1357	517
1358	518
1359	517
1360	519
1361	518
1362	520
1363	521
1364	522
1365	521
1366	523
1367	522
1368	522
1369	523
1370	524
1371	524
1372	525
1373	522
1374	515
1375	526
1376	517
1377	526
1378	527
1379	517
1380	517
1381	527
1382	528
1383	529
1384	530
1385	531
1386	530
1387	532
1388	531
1389	531
1390	532
1391	533
1392	532
1393	534
1394	533
1395	533
1396	534
1397	535
1398	536
1399	538
1400	537
1401	537
1402	538
1403	539
1404	540
1405	542
1406	541
1407	541
1408	542
1409	543
1410	544
1411	546
1412	545
1413	545
1414	546
1415	547
1416	546
1417	548
1418	547
1419	549
1420	550
1421	551
1422	552
1423	553
1424	554
1425	553
1426	555
1427	554
1428	554
1429	555
1430	556
1431	555
1432	553
1433	556
1434	556
1435	553
1436	557
1437	553
1438	558
1439	557
1440	558
1441	553
1442	559
1443	526
1444	560
1445	527
1446	527
1447	560
1448	561
1449	560
1450	562
1451	561
1452	561
1453	562
1454	563
1455	562
1456	564
1457	563
1458	564
1459	562
1460	565
1461	562
1462	560
1463	565
1464	565
1465	560
1466	566
1467	567
1468	569
1469	568
1470	568
1471	569
1472	570
1473	570
1474	571
1475	568
1476	568
1477	571
1478	572
1479	573
1480	575
1481	574
1482	574
1483	575
1484	576
1485	575
1486	577
1487	576
1488	578
1489	579
1490	580
1491	581
1492	582
1493	583
1494	582
1495	584
1496	583
1497	583
1498	584
1499	585
1500	586
1501	587
1502	588
1503	587
1504	589
1505	588
1506	589
1507	587
1508	507
1509	587
1510	590
1511	507
1512	507
1513	590
1514	505
1515	590
1516	501
1517	505
1518	501
1519	590
1520	591
1521	590
1522	587
1523	591
1524	591
1525	587
1526	495
1527	495
1528	497
1529	591
1530	591
1531	497
1532	501
1533	592
1534	593
1535	594
1536	593
1537	595
1538	594
1539	594
1540	595
1541	596
1542	597
1543	598
1544	599
1545	598
1546	600
1547	599
1548	599
1549	600
1550	601
1551	598
1552	602
1553	600
1554	602
1555	603
1556	600
1557	600
1558	603
1559	604
1560	605
1561	607
1562	606
1563	606
1564	607
1565	608
1566	607
1567	609
1568	608
1569	609
1570	607
1571	610
1572	611
1573	613
1574	612
1575	612
1576	613
1577	614
1578	472
1579	615
1580	473
1581	473
1582	615
1583	616
1584	616
1585	617
1586	473
1587	473
1588	617
1589	618
1590	618
1591	619
1592	473
1593	473
1594	619
1595	475
1596	619
1597	477
1598	475
1599	473
1600	472
1601	620
1602	621
1603	486
1604	622
1605	486
1606	488
1607	622
1608	622
1609	488
1610	623
1611	488
1612	624
1613	623
1614	624
1615	488
1616	490
1617	625
1618	626
1619	499
1620	499
1621	626
1622	500
1623	626
1624	627
1625	500
1626	500
1627	627
1628	502
1629	628
1630	545
1631	547
1632	555
1633	554
1634	629
1635	630
1636	631
1637	632
1638	631
1639	633
1640	632
1641	632
1642	633
1643	634
1644	633
1645	635
1646	634
1647	634
1648	635
1649	636
1650	636
1651	637
1652	634
1653	634
1654	637
1655	638
1656	638
1657	639
1658	634
1659	634
1660	639
1661	638
1662	639
1663	640
1664	638
1665	638
1666	640
1667	641
1668	641
1669	634
1670	638
1671	634
1672	641
1673	642
1674	642
1675	632
1676	634
1677	643
1678	639
1679	644
1680	639
1681	638
1682	644
1683	645
1684	600
1685	602
1686	646
1687	647
1688	602
1689	602
1690	647
1691	603
1692	648
1693	650
1694	649
1695	649
1696	650
1697	651
1698	650
1699	652
1700	651
1701	651
1702	652
1703	653
1704	652
1705	564
1706	653
1707	564
1708	652
1709	563
1710	652
1711	561
1712	563
1713	561
1714	652
1715	650
1716	654
1717	655
1718	638
1719	655
1720	656
1721	638
1722	638
1723	656
1724	641
1725	656
1726	657
1727	641
1728	641
1729	657
1730	658
1731	659
1732	661
1733	660
1734	660
1735	661
1736	662
1737	661
1738	663
1739	662
1740	664
1741	660
1742	665
1743	660
1744	662
1745	665
1746	666
1747	667
1748	668
1749	669
1750	670
1751	671
1752	670
1753	672
1754	671
1755	672
1756	670
1757	673
1758	670
1759	674
1760	673
1761	673
1762	674
1763	675
1764	674
1765	676
1766	675
1767	675
1768	676
1769	677
1770	676
1771	678
1772	677
1773	678
1774	676
1775	679
1776	676
1777	680
1778	679
1779	680
1780	676
1781	681
1782	676
1783	674
1784	681
1785	681
1786	674
1787	670
1788	670
1789	682
1790	681
1791	682
1792	670
1793	683
1794	670
1795	684
1796	683
1797	683
1798	684
1799	685
1800	684
1801	686
1802	685
1803	685
1804	686
1805	687
1806	686
1807	688
1808	687
1809	687
1810	688
1811	689
1812	688
1813	690
1814	689
1815	691
1816	692
1817	693
1818	692
1819	694
1820	693
1821	693
1822	694
1823	695
1824	694
1825	696
1826	695
1827	696
1828	694
1829	697
1830	694
1831	692
1832	697
1833	697
1834	692
1835	698
1836	692
1837	699
1838	698
1839	699
1840	692
1841	700
1842	692
1843	701
1844	700
1845	700
1846	701
1847	702
1848	702
1849	703
1850	700
1851	700
1852	703
1853	704
1854	703
1855	705
1856	704
1857	696
1858	697
1859	706
1860	697
1861	707
1862	706
1863	707
1864	697
1865	708
1866	697
1867	698
1868	708
1869	709
1870	710
1871	711
1872	710
1873	712
1874	711
1875	711
1876	712
1877	713
1878	712
1879	714
1880	713
1881	715
1882	717
1883	716
1884	716
1885	717
1886	718
1887	717
1888	719
1889	718
1890	682
1891	683
1892	720
1893	683
1894	685
1895	720
1896	720
1897	685
1898	721
1899	685
1900	722
1901	721
1902	721
1903	722
1904	723
1905	724
1906	725
1907	726
1908	725
1909	727
1910	726
1911	726
1912	727
1913	728
1914	727
1915	729
1916	728
1917	729
1918	727
1919	730
1920	731
1921	732
1922	733
1923	732
1924	734
1925	733
1926	733
1927	734
1928	735
1929	735
1930	736
1931	733
1932	736
1933	735
1934	737
1935	735
1936	738
1937	737
1938	738
1939	735
1940	739
1941	735
1942	740
1943	739
1944	739
1945	740
1946	741
1947	740
1948	742
1949	741
1950	741
1951	742
1952	743
1953	742
1954	744
1955	743
1956	744
1957	742
1958	745
1959	742
1960	675
1961	745
1962	745
1963	675
1964	746
1965	675
1966	747
1967	746
1968	747
1969	675
1970	748
1971	675
1972	677
1973	748
1974	740
1975	735
1976	742
1977	742
1978	735
1979	749
1980	735
1981	734
1982	749
1983	749
1984	734
1985	750
1986	750
1987	751
1988	749
1989	749
1990	751
1991	742
1992	751
1993	675
1994	742
1995	675
1996	751
1997	673
1998	751
1999	672
2000	673
2001	672
2002	751
2003	752
2004	751
2005	753
2006	752
2007	752
2008	753
2009	754
2010	754
2011	672
2012	752
2013	711
2014	713
2015	755
2016	755
2017	713
2018	756
2019	713
2020	757
2021	756
2022	756
2023	757
2024	758
2025	758
2026	759
2027	756
2028	756
2029	759
2030	760
2031	760
2032	761
2033	756
2034	756
2035	761
2036	762
2037	761
2038	763
2039	762
2040	762
2041	763
2042	764
2043	764
2044	755
2045	762
2046	762
2047	755
2048	756
2049	765
2050	767
2051	766
2052	766
2053	767
2054	768
2055	767
2056	769
2057	768
2058	768
2059	769
2060	770
2061	704
2062	699
2063	700
2064	771
2065	773
2066	772
2067	772
2068	773
2069	774
2070	773
2071	775
2072	774
2073	775
2074	773
2075	776
2076	776
2077	777
2078	775
2079	775
2080	777
2081	778
2082	777
2083	779
2084	778
2085	775
2086	778
2087	774
2088	778
2089	780
2090	774
2091	774
2092	780
2093	781
2094	782
2095	783
2096	710
2097	710
2098	783
2099	712
2100	783
2101	784
2102	712
2103	722
2104	685
2105	785
2106	685
2107	786
2108	785
2109	786
2110	685
2111	787
2112	685
2113	687
2114	787
2115	787
2116	687
2117	788
2118	687
2119	789
2120	788
2121	789
2122	687
2123	689
2124	790
2125	792
2126	791
2127	791
2128	792
2129	793
2130	792
2131	794
2132	793
2133	793
2134	794
2135	795
2136	794
2137	796
2138	795
2139	795
2140	796
2141	797
2142	796
2143	798
2144	797
2145	798
2146	796
2147	799
2148	796
2149	800
2150	799
2151	800
2152	796
2153	801
2154	796
2155	794
2156	801
2157	801
2158	794
2159	802
2160	794
2161	792
2162	802
2163	729
2164	803
2165	728
2166	803
2167	804
2168	728
2169	759
2170	758
2171	805
2172	758
2173	806
2174	805
2175	807
2176	734
2177	808
2178	734
2179	732
2180	808
2181	808
2182	732
2183	809
2184	809
2185	810
2186	808
2187	808
2188	810
2189	811
2190	811
2191	812
2192	808
2193	808
2194	812
2195	807
2196	813
2197	815
2198	814
2199	814
2200	815
2201	816
2202	815
2203	817
2204	816
2205	818
2206	819
2207	820
2208	821
2209	823
2210	822
2211	822
2212	823
2213	824
2214	825
2215	827
2216	826
2217	828
2218	829
2219	830
2220	831
2221	833
2222	832
2223	832
2224	833
2225	834
2226	833
2227	835
2228	834
2229	834
2230	835
2231	836
2232	835
2233	837
2234	836
2235	837
2236	835
2237	838
2238	835
2239	839
2240	838
2241	839
2242	835
2243	833
2244	840
2245	841
2246	842
2247	841
2248	843
2249	842
2250	842
2251	843
2252	844
2253	844
2254	845
2255	842
2256	842
2257	845
2258	846
2259	847
2260	849
2261	848
2262	848
2263	849
2264	850
2265	849
2266	851
2267	850
2268	852
2269	854
2270	853
2271	853
2272	854
2273	855
2274	854
2275	856
2276	855
2277	855
2278	856
2279	857
2280	857
2281	858
2282	855
2283	855
2284	858
2285	859
2286	859
2287	860
2288	855
2289	855
2290	860
2291	853
2292	860
2293	861
2294	853
2295	862
2296	863
2297	864
2298	863
2299	865
2300	864
2301	865
2302	863
2303	866
2304	863
2305	867
2306	866
2307	868
2308	837
2309	869
2310	837
2311	870
2312	869
2313	869
2314	870
2315	871
2316	870
2317	872
2318	871
2319	872
2320	870
2321	873
2322	870
2323	874
2324	873
2325	873
2326	874
2327	875
2328	874
2329	876
2330	875
2331	875
2332	876
2333	877
2334	876
2335	874
2336	839
2337	839
2338	874
2339	838
2340	874
2341	870
2342	838
2343	838
2344	870
2345	837
2346	878
2347	880
2348	879
2349	879
2350	880
2351	881
2352	880
2353	882
2354	881
2355	881
2356	882
2357	883
2358	884
2359	885
2360	886
2361	885
2362	887
2363	886
2364	886
2365	887
2366	888
2367	889
2368	891
2369	890
2370	890
2371	891
2372	892
2373	891
2374	893
2375	892
2376	893
2377	891
2378	894
2379	814
2380	816
2381	895
2382	896
2383	897
2384	898
2385	897
2386	899
2387	898
2388	898
2389	899
2390	900
2391	899
2392	901
2393	900
2394	901
2395	899
2396	902
2397	902
2398	903
2399	901
2400	897
2401	904
2402	899
2403	904
2404	902
2405	899
2406	905
2407	848
2408	906
2409	906
2410	848
2411	907
2412	848
2413	850
2414	907
2415	908
2416	910
2417	909
2418	909
2419	910
2420	911
2421	910
2422	912
2423	911
2424	911
2425	912
2426	913
2427	912
2428	914
2429	913
2430	913
2431	914
2432	915
2433	914
2434	916
2435	915
2436	915
2437	916
2438	917
2439	917
2440	918
2441	915
2442	915
2443	918
2444	919
2445	919
2446	920
2447	915
2448	915
2449	920
2450	913
2451	920
2452	911
2453	913
2454	911
2455	920
2456	921
2457	921
2458	909
2459	911
2460	922
2461	923
2462	924
2463	923
2464	925
2465	924
2466	924
2467	925
2468	926
2469	925
2470	927
2471	926
2472	926
2473	927
2474	928
2475	928
2476	929
2477	926
2478	926
2479	929
2480	924
2481	928
2482	930
2483	929
2484	929
2485	930
2486	931
2487	887
2488	885
2489	932
2490	932
2491	885
2492	933
2493	885
2494	934
2495	933
2496	882
2497	880
2498	935
2499	891
2500	936
2501	890
2502	890
2503	936
2504	937
2505	938
2506	940
2507	939
2508	941
2509	943
2510	942
2511	942
2512	943
2513	944
2514	943
2515	945
2516	944
2517	945
2518	943
2519	946
2520	943
2521	947
2522	946
2523	948
2524	950
2525	949
2526	949
2527	950
2528	951
2529	950
2530	952
2531	951
2532	951
2533	952
2534	953
2535	953
2536	954
2537	951
2538	951
2539	954
2540	955
2541	955
2542	956
2543	951
2544	951
2545	956
2546	949
2547	956
2548	957
2549	949
2550	958
2551	959
2552	960
2553	959
2554	961
2555	960
2556	950
2557	962
2558	952
2559	952
2560	962
2561	963
2562	962
2563	964
2564	963
2565	964
2566	965
2567	950
2568	966
2569	968
2570	967
2571	969
2572	971
2573	970
2574	970
2575	971
2576	972
2577	971
2578	973
2579	972
2580	974
2581	975
2582	976
2583	975
2584	977
2585	976
2586	976
2587	977
2588	978
2589	977
2590	979
2591	978
2592	979
2593	977
2594	980
2595	977
2596	975
2597	980
2598	981
2599	982
2600	983
2601	982
2602	984
2603	983
2604	983
2605	984
2606	985
2607	984
2608	986
2609	985
2610	985
2611	986
2612	987
2613	986
2614	988
2615	987
2616	989
2617	991
2618	990
2619	990
2620	991
2621	992
2622	991
2623	993
2624	992
2625	992
2626	993
2627	994
2628	993
2629	995
2630	994
2631	994
2632	995
2633	996
2634	995
2635	997
2636	996
2637	991
2638	998
2639	993
2640	998
2641	999
2642	993
2643	993
2644	999
2645	995
2646	1000
2647	1001
2648	1002
2649	1001
2650	1003
2651	1002
2652	1002
2653	1003
2654	963
2655	1003
2656	1004
2657	963
2658	963
2659	1004
2660	1005
2661	1004
2662	1006
2663	1005
2664	1005
2665	1006
2666	952
2667	952
2668	963
2669	1005
2670	1001
2671	1007
2672	1003
2673	1007
2674	1008
2675	1003
2676	1003
2677	1008
2678	1009
2679	1008
2680	1010
2681	1009
2682	1009
2683	1010
2684	1011
2685	1010
2686	1012
2687	1011
2688	1011
2689	1012
2690	1004
2691	1012
2692	1013
2693	1004
2694	1004
2695	1013
2696	1014
2697	1011
2698	1004
2699	1009
2700	1009
2701	1004
2702	1003
2703	1015
2704	1016
2705	1017
2706	1016
2707	1018
2708	1017
2709	1017
2710	1018
2711	1019
2712	1020
2713	1022
2714	1021
2715	1021
2716	1022
2717	1023
2718	1023
2719	1024
2720	1021
2721	1021
2722	1024
2723	1025
2724	1026
2725	1028
2726	1027
2727	1029
2728	1030
2729	1031
2730	1032
2731	1034
2732	1033
2733	1035
2734	1036
2735	1037
2736	1036
2737	1038
2738	1037
2739	1037
2740	1038
2741	1039
2742	1040
2743	1042
2744	1041
2745	1043
2746	1045
2747	1044
2748	1044
2749	1045
2750	1046
2751	1045
2752	1047
2753	1046
2754	1046
2755	1047
2756	1048
2757	1049
2758	1051
2759	1050
2760	1050
2761	1051
2762	1052
2763	1053
2764	1055
2765	1054
2766	1054
2767	1055
2768	1056
2769	1055
2770	1057
2771	1056
2772	1056
2773	1057
2774	1058
2775	1057
2776	1059
2777	1058
2778	1054
2779	1056
2780	1060
2781	1056
2782	1061
2783	1060
2784	1060
2785	1061
2786	1062
2787	1061
2788	1063
2789	1062
2790	1062
2791	1063
2792	1064
2793	1063
2794	1065
2795	1064
2796	1065
2797	1063
2798	1066
2799	1066
2800	1067
2801	1065
2802	1067
2803	1066
2804	1068
2805	1066
2806	1069
2807	1068
2808	1069
2809	1066
2810	1070
2811	1056
2812	1058
2813	1061
2814	1061
2815	1058
2816	1071
2817	1058
2818	1072
2819	1071
2820	1073
2821	1074
2822	1075
2823	1074
2824	1076
2825	1075
2826	1075
2827	1076
2828	1077
2829	1076
2830	1078
2831	1077
2832	1078
2833	1076
2834	1079
2835	1076
2836	1080
2837	1079
2838	1080
2839	1076
2840	1074
2841	1081
2842	1038
2843	1082
2844	1082
2845	1038
2846	1036
2847	1071
2848	1083
2849	1061
2850	1061
2851	1083
2852	1084
2853	1085
2854	1087
2855	1086
2856	1086
2857	1087
2858	1088
2859	1087
2860	1089
2861	1088
2862	1088
2863	1089
2864	1090
2865	1090
2866	1091
2867	1088
2868	1092
2869	1094
2870	1093
2871	1093
2872	1094
2873	1095
2874	1094
2875	1096
2876	1095
2877	1096
2878	1094
2879	1097
2880	1094
2881	1098
2882	1097
2883	1097
2884	1098
2885	1099
2886	1098
2887	1100
2888	1099
2889	1099
2890	1100
2891	1101
2892	1101
2893	1102
2894	1099
2895	1099
2896	1102
2897	1103
2898	1102
2899	1104
2900	1103
2901	1103
2902	1105
2903	1099
2904	1105
2905	1106
2906	1099
2907	1099
2908	1106
2909	1097
2910	1106
2911	1096
2912	1097
2913	1096
2914	1106
2915	1107
2916	1108
2917	1109
2918	1110
2919	1109
2920	1111
2921	1110
2922	1110
2923	1111
2924	1112
2925	1111
2926	1113
2927	1112
2928	1110
2929	1112
2930	1114
2931	1114
2932	1112
2933	1115
2934	1112
2935	1116
2936	1115
2937	1117
2938	1118
2939	1119
2940	1118
2941	1120
2942	1119
2943	1120
2944	1118
2945	1121
2946	1121
2947	1122
2948	1120
2949	1120
2950	1122
2951	1123
2952	1122
2953	1124
2954	1123
2955	1123
2956	1124
2957	1125
2958	1126
2959	1128
2960	1127
2961	1127
2962	1128
2963	1129
2964	1130
2965	1131
2966	1132
2967	1131
2968	1133
2969	1132
2970	1132
2971	1133
2972	1134
2973	1135
2974	1137
2975	1136
2976	1136
2977	1137
2978	1138
2979	1137
2980	1139
2981	1138
2982	1138
2983	1139
2984	1140
2985	1140
2986	1141
2987	1138
2988	1138
2989	1141
2990	1142
2991	1141
2992	1143
2993	1142
2994	1142
2995	1143
2996	1144
2997	1144
2998	1145
2999	1142
3000	1142
3001	1145
3002	1136
3003	1136
3004	1138
3005	1142
3006	1144
3007	1146
3008	1145
3009	1146
3010	1147
3011	1145
3012	1147
3013	1146
3014	1148
3015	1146
3016	1149
3017	1148
3018	1148
3019	1149
3020	1150
3021	1149
3022	1151
3023	1150
3024	1150
3025	1151
3026	1152
3027	1152
3028	1153
3029	1150
3030	1150
3031	1153
3032	1154
3033	1154
3034	1148
3035	1150
3036	1155
3037	1156
3038	1157
3039	1156
3040	1158
3041	1157
3042	1157
3043	1158
3044	1159
3045	1158
3046	1160
3047	1159
3048	1160
3049	1158
3050	1161
3051	1158
3052	1162
3053	1161
3054	1161
3055	1162
3056	1163
3057	1163
3058	1164
3059	1161
3060	1161
3061	1164
3062	1165
3063	1165
3064	1166
3065	1161
3066	1161
3067	1166
3068	1167
3069	1167
3070	1160
3071	1161
3072	1152
3073	1168
3074	1153
3075	1168
3076	1169
3077	1153
3078	1093
3079	1170
3080	1098
3081	1170
3082	1171
3083	1098
3084	1098
3085	1171
3086	1100
3087	1115
3088	1172
3089	1114
3090	1114
3091	1172
3092	1173
3093	1124
3094	1122
3095	1174
3096	1174
3097	1122
3098	1175
3099	1122
3100	1176
3101	1175
3102	1176
3103	1122
3104	1177
3105	1122
3106	1178
3107	1177
3108	1178
3109	1122
3110	1121
3111	1121
3112	1179
3113	1178
3114	1178
3115	1179
3116	1180
3117	1181
3118	1183
3119	1182
3120	1182
3121	1183
3122	1184
3123	1184
3124	1185
3125	1182
3126	1182
3127	1185
3128	1186
3129	1185
3130	1187
3131	1186
3132	1187
3133	1185
3134	1188
3135	1185
3136	1189
3137	1188
3138	1188
3139	1189
3140	1190
3141	1189
3142	1191
3143	1190
3144	1190
3145	1191
3146	1192
3147	1191
3148	1193
3149	1192
3150	1192
3151	1193
3152	1194
3153	1193
3154	1195
3155	1194
3156	1195
3157	1193
3158	1196
3159	1193
3160	1191
3161	1196
3162	1196
3163	1191
3164	1184
3165	1191
3166	1189
3167	1184
3168	1184
3169	1189
3170	1185
3171	1197
3172	1199
3173	1198
3174	1198
3175	1199
3176	1200
3177	1201
3178	1203
3179	1202
3180	1202
3181	1203
3182	1204
3183	1205
3184	1207
3185	1206
3186	1208
3187	1209
3188	1210
3189	1211
3190	1212
3191	1213
3192	1212
3193	1214
3194	1213
3195	1213
3196	1214
3197	1215
3198	1216
3199	1218
3200	1217
3201	1217
3202	1218
3203	1219
3204	1218
3205	1220
3206	1219
3207	1221
3208	1223
3209	1222
3210	1222
3211	1223
3212	1224
3213	1223
3214	1225
3215	1224
3216	1226
3217	1228
3218	1227
3219	1227
3220	1228
3221	1229
3222	1228
3223	1230
3224	1229
3225	1230
3226	1228
3227	1231
3228	1228
3229	1232
3230	1231
3231	1233
3232	1234
3233	1235
3234	1234
3235	1236
3236	1235
3237	1236
3238	1234
3239	1237
3240	1234
3241	1238
3242	1237
3243	1239
3244	1240
3245	1241
3246	1242
3247	1244
3248	1243
3249	1243
3250	1244
3251	1245
3252	1244
3253	1246
3254	1245
3255	1245
3256	1246
3257	1247
3258	1246
3259	1248
3260	1247
3261	1249
3262	1250
3263	1251
3264	1250
3265	1252
3266	1251
3267	1251
3268	1252
3269	1253
3270	1252
3271	1254
3272	1253
3273	1253
3274	1254
3275	1255
3276	1256
3277	1181
3278	1257
3279	1181
3280	1182
3281	1257
3282	1257
3283	1182
3284	1258
3285	1182
3286	1186
3287	1258
3288	1181
3289	1259
3290	1183
3291	1259
3292	1260
3293	1183
3294	1261
3295	1262
3296	1263
3297	1262
3298	1264
3299	1263
3300	1263
3301	1264
3302	1265
3303	1262
3304	1266
3305	1264
3306	1264
3307	1266
3308	1267
3309	1266
3310	1268
3311	1267
3312	1267
3313	1268
3314	1269
3315	1268
3316	1270
3317	1269
3318	1271
3319	1272
3320	1273
3321	1272
3322	1274
3323	1273
3324	1273
3325	1274
3326	1275
3327	1275
3328	1276
3329	1273
3330	1276
3331	1275
3332	1277
3333	1275
3334	1278
3335	1277
3336	1278
3337	1275
3338	1279
3339	1275
3340	1280
3341	1279
3342	1280
3343	1275
3344	1281
3345	1275
3346	1282
3347	1281
3348	1281
3349	1282
3350	1283
3351	1283
3352	1280
3353	1281
3354	1280
3355	1283
3356	1284
3357	1283
3358	1285
3359	1284
3360	1286
3361	1264
3362	1269
3363	1264
3364	1267
3365	1269
3366	1287
3367	1289
3368	1288
3369	1288
3370	1289
3371	1290
3372	1289
3373	1291
3374	1290
3375	1290
3376	1291
3377	1292
3378	1291
3379	1253
3380	1292
3381	1292
3382	1253
3383	1293
3384	1289
3385	1294
3386	1291
3387	1291
3388	1294
3389	1295
3390	1294
3391	1296
3392	1295
3393	1253
3394	1291
3395	1251
3396	1291
3397	1295
3398	1251
3399	1251
3400	1295
3401	1297
3402	1295
3403	1298
3404	1297
3405	1297
3406	1298
3407	1299
3408	1219
3409	1300
3410	1217
3411	1298
3412	1295
3413	1301
3414	1302
3415	1280
3416	1303
3417	1303
3418	1280
3419	1284
3420	1247
3421	1304
3422	1245
3423	1304
3424	1305
3425	1245
3426	1245
3427	1305
3428	1243
3429	1306
3430	1307
3431	1283
3432	1307
3433	1308
3434	1309
3435	1308
3436	1310
3437	1309
3438	1309
3439	1310
3440	1311
3441	1310
3442	1312
3443	1311
3444	1311
3445	1312
3446	1313
3447	1312
3448	1314
3449	1313
3450	1313
3451	1314
3452	1315
3453	1314
3454	1316
3455	1315
3456	1316
3457	1314
3458	1317
3459	1314
3460	1318
3461	1317
3462	1317
3463	1318
3464	1319
3465	1318
3466	1320
3467	1319
3468	1320
3469	1318
3470	1321
3471	1318
3472	1282
3473	1321
3474	1282
3475	1318
3476	1310
3477	1318
3478	1312
3479	1310
3480	1312
3481	1318
3482	1314
3483	1282
3484	1310
3485	1283
3486	1310
3487	1308
3488	1283
3489	1283
3490	1308
3491	1322
3492	1323
3493	1325
3494	1324
3495	1324
3496	1325
3497	1326
3498	1325
3499	1327
3500	1326
3501	1327
3502	1325
3503	1328
3504	1327
3505	1329
3506	1326
3507	1326
3508	1329
3509	1330
3510	1329
3511	1331
3512	1330
3513	1330
3514	1332
3515	1326
3516	1332
3517	1333
3518	1326
3519	1326
3520	1333
3521	1334
3522	1335
3523	1337
3524	1336
3525	1336
3526	1337
3527	1338
3528	1337
3529	1339
3530	1338
3531	1338
3532	1339
3533	1340
3534	1339
3535	1341
3536	1340
3537	1342
3538	1343
3539	1344
3540	1343
3541	1345
3542	1344
3543	1344
3544	1345
3545	1346
3546	1345
3547	1347
3548	1346
3549	1347
3550	1345
3551	1348
3552	1348
3553	1349
3554	1347
3555	1347
3556	1349
3557	1350
3558	1350
3559	1351
3560	1347
3561	1347
3562	1351
3563	1352
3564	1352
3565	1346
3566	1347
3567	1346
3568	1352
3569	1353
3570	1352
3571	1354
3572	1353
3573	1355
3574	1356
3575	1357
3576	1356
3577	1358
3578	1357
3579	1357
3580	1358
3581	1359
3582	1359
3583	1360
3584	1357
3585	1361
3586	1362
3587	1363
3588	1364
3589	1366
3590	1365
3591	1365
3592	1366
3593	1367
3594	1366
3595	1368
3596	1367
3597	1369
3598	1371
3599	1370
3600	1370
3601	1371
3602	1372
3603	1371
3604	1373
3605	1372
3606	1372
3607	1373
3608	1374
3609	1374
3610	1375
3611	1372
3612	1372
3613	1375
3614	1370
3615	1375
3616	1376
3617	1370
3618	1376
3619	1375
3620	1377
3621	1378
3622	1379
3623	1380
3624	1379
3625	1359
3626	1380
3627	1380
3628	1359
3629	1381
3630	1359
3631	1358
3632	1381
3633	1381
3634	1358
3635	1382
3636	1382
3637	1383
3638	1381
3639	1381
3640	1383
3641	1384
3642	1383
3643	1385
3644	1384
3645	1386
3646	1388
3647	1387
3648	1387
3649	1388
3650	1389
3651	1388
3652	1390
3653	1389
3654	1389
3655	1390
3656	1391
3657	1390
3658	1392
3659	1391
3660	1392
3661	1390
3662	1393
3663	1390
3664	1394
3665	1393
3666	1394
3667	1390
3668	1395
3669	1390
3670	1388
3671	1395
3672	1396
3673	1397
3674	1398
3675	1397
3676	1399
3677	1398
3678	1398
3679	1399
3680	1400
3681	1400
3682	1393
3683	1398
3684	1398
3685	1393
3686	1394
3687	1394
3688	1401
3689	1398
3690	1402
3691	1403
3692	1404
3693	1403
3694	1405
3695	1404
3696	1405
3697	1403
3698	1406
3699	1403
3700	1407
3701	1406
3702	1406
3703	1407
3704	1408
3705	1403
3706	1409
3707	1407
3708	1407
3709	1409
3710	1410
3711	1409
3712	1411
3713	1410
3714	1410
3715	1411
3716	1412
3717	1411
3718	1413
3719	1412
3720	1412
3721	1413
3722	1414
3723	1410
3724	1412
3725	1407
3726	1407
3727	1412
3728	1415
3729	1384
3730	1416
3731	1381
3732	1416
3733	1417
3734	1381
3735	1381
3736	1417
3737	1418
3738	1418
3739	1419
3740	1381
3741	1381
3742	1419
3743	1380
3744	1420
3745	1414
3746	1407
3747	1421
3748	1422
3749	1423
3750	1422
3751	1424
3752	1423
3753	1423
3754	1424
3755	1425
3756	1425
3757	1426
3758	1423
3759	1423
3760	1426
3761	1427
3762	1427
3763	1428
3764	1423
3765	1423
3766	1428
3767	1421
3768	1429
3769	1430
3770	1431
3771	1431
3772	1432
3773	1429
3774	1429
3775	1432
3776	1433
3777	1432
3778	1434
3779	1433
3780	1434
3781	1432
3782	1435
3783	1432
3784	1436
3785	1435
3786	1436
3787	1432
3788	1437
3789	1432
3790	1431
3791	1437
3792	1437
3793	1431
3794	1438
3795	1439
3796	1441
3797	1440
3798	1440
3799	1441
3800	1442
3801	1442
3802	1443
3803	1440
3804	1440
3805	1443
3806	1444
3807	1444
3808	1445
3809	1440
3810	1445
3811	1444
3812	1446
3813	1444
3814	1447
3815	1446
3816	1446
3817	1447
3818	1448
3819	1447
3820	1449
3821	1448
3822	1448
3823	1449
3824	1450
3825	1449
3826	1451
3827	1450
3828	1452
3829	1454
3830	1453
3831	1453
3832	1454
3833	1455
3834	1454
3835	1456
3836	1455
3837	1455
3838	1456
3839	1457
3840	1456
3841	1458
3842	1457
3843	1457
3844	1458
3845	1459
3846	1444
3847	1443
3848	1447
3849	1443
3850	1460
3851	1447
3852	1447
3853	1460
3854	1449
3855	1461
3856	1463
3857	1462
3858	1462
3859	1463
3860	1464
3861	1465
3862	1467
3863	1466
3864	1466
3865	1467
3866	1468
3867	1467
3868	1469
3869	1468
3870	1468
3871	1469
3872	1470
3873	1469
3874	1467
3875	1470
3876	1470
3877	1467
3878	1471
3879	1471
3880	1472
3881	1470
3882	1470
3883	1472
3884	1473
3885	1472
3886	1474
3887	1473
3888	1474
3889	1472
3890	1475
3891	1472
3892	1476
3893	1475
3894	1475
3895	1476
3896	1477
3897	1476
3898	1478
3899	1477
3900	1477
3901	1478
3902	1479
3903	1478
3904	1480
3905	1479
3906	1480
3907	1478
3908	1481
3909	1478
3910	1482
3911	1481
3912	1482
3913	1478
3914	1476
3915	1476
3916	1471
3917	1482
3918	1471
3919	1476
3920	1472
3921	1483
3922	1485
3923	1484
3924	1486
3925	1487
3926	1488
3927	1487
3928	1489
3929	1488
3930	1488
3931	1489
3932	1490
3933	1491
3934	1493
3935	1492
3936	1492
3937	1493
3938	1494
3939	1493
3940	1495
3941	1494
3942	1471
3943	1496
3944	1482
3945	1496
3946	1497
3947	1482
3948	1482
3949	1497
3950	1481
3951	1497
3952	1498
3953	1481
3954	1481
3955	1498
3956	1499
3957	1499
3958	1480
3959	1481
3960	1480
3961	1499
3962	1500
3963	1501
3964	1430
3965	1429
3966	1502
3967	1503
3968	1504
3969	1503
3970	1505
3971	1504
3972	1504
3973	1505
3974	1506
3975	1506
3976	1507
3977	1504
3978	1504
3979	1507
3980	1508
3981	1507
3982	1509
3983	1508
3984	1509
3985	1507
3986	1506
3987	1510
3988	1512
3989	1511
3990	1513
3991	1514
3992	1515
3993	1454
3994	1516
3995	1456
3996	1456
3997	1516
3998	1458
3999	1517
4000	1518
4001	1519
4002	1518
4003	1520
4004	1519
4005	1519
4006	1520
4007	1521
4008	1520
4009	1522
4010	1521
4011	1521
4012	1523
4013	1519
4014	1523
4015	1524
4016	1519
4017	1524
4018	1523
4019	1525
4020	1523
4021	1526
4022	1525
4023	1526
4024	1523
4025	1527
4026	1523
4027	1528
4028	1527
4029	1527
4030	1528
4031	1529
4032	1528
4033	1530
4034	1529
4035	1530
4036	1528
4037	1531
4038	1532
4039	1533
4040	1534
4041	1533
4042	1535
4043	1534
4044	1534
4045	1535
4046	1536
4047	1535
4048	1537
4049	1536
4050	1537
4051	1535
4052	1538
4053	1535
4054	1539
4055	1538
4056	1538
4057	1539
4058	1540
4059	1541
4060	1468
4061	1542
4062	1468
4063	1470
4064	1542
4065	1542
4066	1470
4067	1473
4068	1533
4069	1543
4070	1535
4071	1535
4072	1543
4073	1539
4074	1544
4075	1545
4076	1487
4077	1487
4078	1545
4079	1489
4080	1546
4081	1548
4082	1547
4083	1547
4084	1548
4085	1549
4086	1548
4087	1550
4088	1549
4089	1549
4090	1550
4091	1547
4092	1550
4093	1551
4094	1547
4095	1547
4096	1551
4097	1552
4098	1553
4099	1555
4100	1554
4101	1554
4102	1555
4103	1550
4104	1550
4105	1548
4106	1554
4107	1554
4108	1548
4109	1556
4110	1548
4111	1557
4112	1556
4113	1556
4114	1557
4115	1558
4116	1557
4117	1559
4118	1558
4119	1558
4120	1559
4121	1560
4122	1561
4123	1563
4124	1562
4125	1564
4126	1565
4127	1566
4128	1565
4129	1567
4130	1566
4131	1566
4132	1567
4133	1568
4134	1568
4135	1569
4136	1566
4137	1569
4138	1568
4139	1570
4140	1568
4141	1571
4142	1570
4143	1572
4144	1573
4145	1574
4146	1573
4147	1575
4148	1574
4149	1574
4150	1575
4151	1576
4152	1575
4153	1577
4154	1576
4155	1577
4156	1575
4157	1578
4158	1575
4159	1579
4160	1578
4161	1579
4162	1575
4163	1573
4164	1580
4165	1582
4166	1581
4167	1581
4168	1582
4169	1583
4170	1582
4171	1584
4172	1583
4173	1583
4174	1584
4175	1585
4176	1584
4177	1586
4178	1585
4179	1585
4180	1586
4181	1587
4182	1587
4183	1588
4184	1585
4185	1585
4186	1588
4187	1589
4188	1588
4189	1590
4190	1589
4191	1589
4192	1590
4193	1591
4194	1591
4195	1592
4196	1589
4197	1589
4198	1592
4199	1593
4200	1592
4201	1594
4202	1593
4203	1594
4204	1592
4205	1595
4206	1581
4207	1583
4208	1596
4209	1596
4210	1583
4211	1589
4212	1583
4213	1585
4214	1589
4215	1589
4216	1593
4217	1596
4218	1596
4219	1593
4220	1597
4221	1593
4222	1594
4223	1597
4224	1548
4225	1598
4226	1557
4227	1598
4228	1599
4229	1557
4230	1557
4231	1599
4232	1600
4233	1600
4234	1559
4235	1557
4236	1601
4237	1569
4238	1602
4239	1602
4240	1569
4241	1603
4242	1569
4243	1568
4244	1603
4245	1603
4246	1568
4247	1604
4248	1568
4249	1605
4250	1604
4251	1606
4252	1607
4253	1608
4254	1607
4255	1609
4256	1608
4257	1610
4258	1611
4259	1612
4260	1611
4261	1613
4262	1612
4263	1612
4264	1613
4265	1614
4266	1614
4267	1615
4268	1612
4269	1612
4270	1615
4271	1616
4272	1616
4273	1610
4274	1612
4275	1610
4276	1616
4277	1617
4278	1617
4279	1618
4280	1610
4281	1610
4282	1618
4283	1619
4284	1619
4285	1620
4286	1610
4287	1610
4288	1620
4289	1611
4290	1620
4291	1621
4292	1611
4293	1611
4294	1621
4295	1613
4296	1622
4297	1624
4298	1623
4299	1625
4300	1627
4301	1626
4302	1626
4303	1627
4304	1628
4305	1627
4306	1629
4307	1628
4308	1628
4309	1629
4310	1630
4311	1631
4312	1632
4313	1633
4314	1632
4315	1634
4316	1633
4317	1633
4318	1634
4319	1635
4320	1636
4321	1638
4322	1637
4323	1639
4324	1640
4325	1641
4326	1640
4327	1642
4328	1641
4329	1641
4330	1642
4331	1643
4332	1643
4333	1644
4334	1641
4335	1634
4336	1632
4337	1645
4338	1645
4339	1632
4340	1646
4341	1632
4342	1647
4343	1646
4344	1646
4345	1647
4346	1648
4347	1647
4348	1649
4349	1648
4350	1648
4351	1649
4352	1650
4353	1650
4354	1651
4355	1648
4356	1648
4357	1651
4358	1652
4359	1651
4360	1653
4361	1652
4362	1652
4363	1653
4364	1654
4365	1654
4366	1655
4367	1652
4368	1652
4369	1655
4370	1656
4371	1656
4372	1645
4373	1652
4374	1652
4375	1645
4376	1648
4377	1645
4378	1646
4379	1648
4380	1657
4381	1658
4382	1659
4383	1658
4384	1660
4385	1659
4386	1659
4387	1660
4388	1661
4389	1660
4390	1662
4391	1661
4392	1662
4393	1660
4394	1663
4395	1660
4396	1664
4397	1663
4398	1663
4399	1664
4400	1665
4401	1665
4402	1666
4403	1663
4404	1667
4405	1668
4406	1669
4407	1668
4408	1670
4409	1669
4410	1669
4411	1670
4412	1671
4413	1670
4414	1672
4415	1671
4416	1673
4417	1674
4418	1675
4419	1676
4420	1677
4421	1678
4422	1677
4423	1679
4424	1678
4425	1679
4426	1677
4427	1680
4428	1680
4429	1681
4430	1679
4431	1679
4432	1681
4433	1682
4434	1682
4435	1678
4436	1679
4437	1678
4438	1682
4439	1683
4440	1682
4441	1684
4442	1683
4443	1684
4444	1682
4445	1685
4446	1682
4447	1681
4448	1685
4449	1685
4450	1681
4451	1686
4452	1681
4453	1687
4454	1686
4455	1687
4456	1681
4457	1688
4458	1681
4459	1689
4460	1688
4461	1688
4462	1689
4463	1690
4464	1689
4465	1691
4466	1690
4467	1691
4468	1689
4469	1692
4470	1692
4471	1693
4472	1691
4473	1694
4474	1695
4475	1680
4476	1680
4477	1695
4478	1696
4479	1695
4480	1692
4481	1696
4482	1696
4483	1692
4484	1689
4485	1689
4486	1697
4487	1696
4488	1696
4489	1697
4490	1680
4491	1697
4492	1681
4493	1680
4494	1681
4495	1697
4496	1689
4497	1664
4498	1660
4499	1698
4500	1698
4501	1660
4502	1658
4503	1658
4504	1699
4505	1698
4506	1699
4507	1658
4508	1700
4509	1658
4510	1701
4511	1700
4512	1700
4513	1701
4514	1702
4515	1701
4516	1703
4517	1702
4518	1666
4519	1662
4520	1704
4521	1610
4522	1705
4523	1611
4524	1611
4525	1705
4526	1706
4527	1707
4528	1709
4529	1708
4530	1708
4531	1709
4532	1710
4533	1710
4534	1711
4535	1708
4536	1708
4537	1711
4538	1712
4539	1711
4540	1713
4541	1712
4542	1713
4543	1711
4544	1656
4545	1656
4546	1655
4547	1713
4548	1713
4549	1655
4550	1654
4551	1654
4552	1714
4553	1713
4554	1713
4555	1714
4556	1712
4557	1714
4558	1715
4559	1712
4560	1712
4561	1715
4562	1708
4563	1715
4564	1716
4565	1708
4566	1717
4567	1718
4568	1719
4569	1718
4570	1720
4571	1719
4572	1719
4573	1720
4574	1721
4575	1720
4576	1722
4577	1721
4578	1721
4579	1722
4580	1723
4581	1723
4582	1724
4583	1721
4584	1721
4585	1724
4586	1725
4587	1725
4588	1726
4589	1721
4590	1721
4591	1726
4592	1727
4593	1727
4594	1719
4595	1721
4596	1728
4597	1699
4598	1729
4599	1699
4600	1700
4601	1729
4602	1729
4603	1700
4604	1702
4605	1730
4606	1732
4607	1731
4608	1731
4609	1732
4610	1733
4611	1732
4612	1734
4613	1733
4614	1735
4615	1736
4616	1737
4617	1736
4618	1738
4619	1737
4620	1738
4621	1736
4622	1739
4623	1739
4624	1740
4625	1738
4626	1738
4627	1740
4628	1741
4629	1740
4630	1742
4631	1741
4632	1743
4633	1744
4634	1745
4635	1744
4636	1746
4637	1745
4638	1745
4639	1746
4640	1747
4641	1746
4642	1748
4643	1747
4644	1747
4645	1748
4646	1749
4647	1748
4648	1750
4649	1749
4650	1750
4651	1748
4652	1751
4653	1748
4654	1746
4655	1751
4656	1751
4657	1746
4658	1752
4659	1746
4660	1753
4661	1752
4662	1752
4663	1753
4664	1754
4665	1753
4666	1755
4667	1754
4668	1755
4669	1753
4670	1756
4671	1756
4672	1757
4673	1755
4674	1757
4675	1756
4676	1758
4677	1756
4678	1759
4679	1758
4680	1759
4681	1756
4682	1760
4683	1756
4684	1753
4685	1760
4686	1760
4687	1753
4688	1746
4689	1746
4690	1744
4691	1760
4692	1760
4693	1744
4694	1761
4695	1761
4696	1762
4697	1760
4698	1760
4699	1762
4700	1763
4701	1763
4702	1759
4703	1760
4704	1750
4705	1751
4706	1764
4707	1751
4708	1752
4709	1764
4710	1764
4711	1752
4712	1754
4713	1765
4714	1731
4715	1766
4716	1766
4717	1731
4718	1733
