0	0.776
1	0.310
2	0.302
3	0.769
4	0.333
5	0.271
6	0.761
7	0.314
8	0.294
9	0.788
10	0.192
11	0.443
12	0.765
13	0.161
14	0.431
15	0.773
16	0.212
17	0.455
18	0.780
19	0.145
20	0.443
21	0.765
22	0.161
23	0.431
24	0.769
25	0.153
26	0.455
27	0.780
28	0.227
29	0.471
30	0.765
31	0.220
32	0.486
33	0.788
34	0.220
35	0.486
36	0.769
37	0.224
38	0.498
39	0.784
40	0.224
41	0.498
42	0.769
43	0.220
44	0.498
45	0.773
46	0.243
47	0.216
48	0.784
49	0.227
50	0.216
51	0.765
52	0.235
53	0.196
54	0.780
55	0.216
56	0.204
57	0.780
58	0.227
59	0.318
60	0.765
61	0.243
62	0.333
63	0.769
64	0.220
65	0.337
66	0.773
67	0.271
68	0.357
69	0.765
70	0.263
71	0.388
72	0.784
73	0.286
74	0.376
75	0.776
76	0.259
77	0.408
78	0.765
79	0.278
80	0.459
81	0.769
82	0.247
83	0.443
84	0.784
85	0.271
86	0.471
87	0.784
88	0.341
89	0.388
90	0.773
91	0.306
92	0.400
93	0.765
94	0.325
95	0.384
96	0.773
97	0.373
98	0.310
99	0.765
100	0.349
101	0.294
102	0.765
103	0.365
104	0.329
105	0.780
106	0.349
107	0.278
108	0.773
109	0.373
110	0.310
111	0.765
112	0.349
113	0.294
114	0.765
115	0.467
116	0.224
117	0.773
118	0.443
119	0.231
120	0.776
121	0.475
122	0.235
123	0.773
124	0.467
125	0.243
126	0.788
127	0.486
128	0.357
129	0.788
130	0.498
131	0.345
132	0.765
133	0.482
134	0.345
135	0.784
136	0.498
137	0.337
138	0.765
139	0.498
140	0.329
141	0.788
142	0.498
143	0.325
144	0.788
145	0.498
146	0.333
147	0.765
148	0.482
149	0.345
150	0.788
151	0.486
152	0.357
153	0.776
154	0.482
155	0.322
156	0.788
157	0.498
158	0.325
159	0.800
160	0.027
161	0.282
162	0.769
163	0.031
164	0.275
165	0.769
166	0.031
167	0.314
168	0.784
169	0.055
170	0.173
171	0.784
172	0.110
173	0.173
174	0.769
175	0.094
176	0.196
177	0.780
178	0.145
179	0.443
180	0.769
181	0.129
182	0.467
183	0.769
184	0.153
185	0.455
186	0.788
187	0.141
188	0.176
189	0.769
190	0.149
191	0.176
192	0.792
193	0.161
194	0.161
195	0.769
196	0.180
197	0.412
198	0.784
199	0.216
200	0.427
201	0.773
202	0.231
203	0.443
204	0.769
205	0.239
206	0.361
207	0.792
208	0.212
209	0.337
210	0.769
211	0.220
212	0.337
213	0.769
214	0.247
215	0.443
216	0.773
217	0.251
218	0.475
219	0.784
220	0.271
221	0.471
222	0.769
223	0.263
224	0.161
225	0.788
226	0.251
227	0.149
228	0.792
229	0.271
230	0.141
231	0.769
232	0.263
233	0.161
234	0.788
235	0.251
236	0.149
237	0.776
238	0.263
239	0.133
240	0.769
241	0.263
242	0.161
243	0.792
244	0.271
245	0.141
246	0.776
247	0.263
248	0.133
249	0.776
250	0.294
251	0.235
252	0.769
253	0.278
254	0.251
255	0.769
256	0.306
257	0.267
258	0.769
259	0.306
260	0.267
261	0.780
262	0.286
263	0.263
264	0.769
265	0.278
266	0.251
267	0.808
268	0.278
269	0.251
270	0.773
271	0.251
272	0.290
273	0.769
274	0.278
275	0.314
276	0.784
277	0.243
278	0.298
279	0.784
280	0.286
281	0.322
282	0.769
283	0.298
284	0.114
285	0.784
286	0.306
287	0.114
288	0.804
289	0.278
290	0.114
291	0.788
292	0.310
293	0.106
294	0.804
295	0.282
296	0.106
297	0.788
298	0.286
299	0.106
300	0.784
301	0.290
302	0.106
303	0.780
304	0.392
305	0.153
306	0.792
307	0.373
308	0.145
309	0.769
310	0.376
311	0.137
312	0.824
313	0.047
314	0.478
315	0.773
316	0.043
317	0.478
318	0.827
319	0.027
320	0.498
321	0.776
322	0.024
323	0.498
324	0.816
325	0.039
326	0.498
327	0.773
328	0.035
329	0.498
330	0.769
331	0.031
332	0.498
333	0.773
334	0.106
335	0.392
336	0.773
337	0.086
338	0.373
339	0.784
340	0.114
341	0.388
342	0.808
343	0.090
344	0.376
345	0.816
346	0.122
347	0.380
348	0.824
349	0.078
350	0.373
351	0.796
352	0.278
353	0.353
354	0.784
355	0.286
356	0.376
357	0.773
358	0.271
359	0.357
360	0.784
361	0.333
362	0.216
363	0.792
364	0.325
365	0.188
366	0.773
367	0.325
368	0.196
369	0.792
370	0.369
371	0.227
372	0.788
373	0.369
374	0.200
375	0.773
376	0.392
377	0.220
378	0.769
379	0.376
380	0.196
381	0.776
382	0.357
383	0.188
384	0.788
385	0.353
386	0.176
387	0.776
388	0.263
389	0.133
390	0.792
391	0.271
392	0.141
393	0.788
394	0.251
395	0.149
396	0.780
397	0.227
398	0.318
399	0.780
400	0.263
401	0.337
402	0.784
403	0.243
404	0.298
405	0.784
406	0.286
407	0.322
408	0.804
409	0.349
410	0.259
411	0.780
412	0.349
413	0.278
414	0.780
415	0.365
416	0.263
417	0.780
418	0.349
419	0.278
420	0.804
421	0.333
422	0.255
423	0.804
424	0.349
425	0.259
426	0.827
427	0.337
428	0.255
429	0.812
430	0.361
431	0.286
432	0.780
433	0.365
434	0.263
435	0.812
436	0.361
437	0.286
438	0.824
439	0.380
440	0.278
441	0.780
442	0.365
443	0.263
444	0.816
445	0.384
446	0.259
447	0.796
448	0.404
449	0.294
450	0.780
451	0.404
452	0.306
453	0.780
454	0.420
455	0.286
456	0.800
457	0.337
458	0.427
459	0.784
460	0.322
461	0.412
462	0.792
463	0.318
464	0.447
465	0.784
466	0.333
467	0.216
468	0.792
469	0.325
470	0.188
471	0.788
472	0.361
473	0.212
474	0.788
475	0.353
476	0.176
477	0.788
478	0.369
479	0.200
480	0.784
481	0.404
482	0.247
483	0.788
484	0.369
485	0.239
486	0.788
487	0.408
488	0.267
489	0.800
490	0.165
491	0.192
492	0.788
493	0.141
494	0.176
495	0.792
496	0.153
497	0.173
498	0.792
499	0.161
500	0.161
501	0.812
502	0.161
503	0.161
504	0.788
505	0.141
506	0.176
507	0.792
508	0.153
509	0.173
510	0.800
511	0.165
512	0.192
513	0.792
514	0.161
515	0.161
516	0.808
517	0.325
518	0.231
519	0.788
520	0.333
521	0.231
522	0.816
523	0.337
524	0.220
525	0.784
526	0.333
527	0.216
528	0.788
529	0.361
530	0.212
531	0.831
532	0.357
533	0.224
534	0.808
535	0.325
536	0.231
537	0.788
538	0.341
539	0.165
540	0.800
541	0.082
542	0.318
543	0.831
544	0.075
545	0.310
546	0.792
547	0.098
548	0.278
549	0.835
550	0.094
551	0.267
552	0.816
553	0.153
554	0.180
555	0.792
556	0.153
557	0.173
558	0.812
559	0.161
560	0.161
561	0.800
562	0.165
563	0.192
564	0.816
565	0.153
566	0.180
567	0.792
568	0.153
569	0.173
570	0.792
571	0.161
572	0.161
573	0.800
574	0.165
575	0.192
576	0.812
577	0.161
578	0.161
579	0.816
580	0.153
581	0.180
582	0.808
583	0.090
584	0.376
585	0.824
586	0.078
587	0.373
588	0.796
589	0.090
590	0.353
591	0.800
592	0.016
593	0.396
594	0.804
595	0.016
596	0.369
597	0.820
598	0.012
599	0.388
600	0.824
601	0.012
602	0.376
603	0.816
604	0.012
605	0.380
606	0.800
607	0.082
608	0.318
609	0.831
610	0.075
611	0.310
612	0.800
613	0.063
614	0.349
615	0.835
616	0.055
617	0.333
618	0.831
619	0.035
620	0.345
621	0.800
622	0.337
623	0.427
624	0.804
625	0.369
626	0.455
627	0.808
628	0.322
629	0.443
630	0.804
631	0.353
632	0.475
633	0.800
634	0.439
635	0.302
636	0.800
637	0.459
638	0.278
639	0.800
640	0.463
641	0.341
642	0.808
643	0.494
644	0.306
645	0.800
646	0.459
647	0.278
648	0.827
649	0.451
650	0.271
651	0.808
652	0.494
653	0.306
654	0.827
655	0.494
656	0.306
657	0.804
658	0.012
659	0.361
660	0.808
661	0.012
662	0.380
663	0.808
664	0.325
665	0.231
666	0.831
667	0.357
668	0.224
669	0.827
670	0.325
671	0.235
672	0.847
673	0.337
674	0.243
675	0.812
676	0.478
677	0.227
678	0.808
679	0.498
680	0.204
681	0.812
682	0.490
683	0.180
684	0.808
685	0.498
686	0.180
687	0.800
688	0.498
689	0.180
690	0.788
691	0.498
692	0.184
693	0.788
694	0.498
695	0.180
696	0.855
697	0.482
698	0.216
699	0.812
700	0.478
701	0.227
702	0.855
703	0.490
704	0.212
705	0.808
706	0.498
707	0.204
708	0.855
709	0.498
710	0.200
711	0.843
712	0.498
713	0.212
714	0.808
715	0.498
716	0.216
717	0.800
718	0.498
719	0.216
720	0.835
721	0.086
722	0.239
723	0.820
724	0.063
725	0.251
726	0.816
727	0.094
728	0.227
729	0.808
730	0.082
731	0.239
732	0.792
733	0.071
734	0.235
735	0.816
736	0.373
737	0.137
738	0.816
739	0.376
740	0.106
741	0.816
742	0.400
743	0.106
744	0.804
745	0.376
746	0.106
747	0.804
748	0.400
749	0.106
750	0.851
751	0.455
752	0.114
753	0.824
754	0.439
755	0.106
756	0.827
757	0.443
758	0.106
759	0.847
760	0.447
761	0.106
762	0.851
763	0.455
764	0.114
765	0.855
766	0.447
767	0.106
768	0.847
769	0.455
770	0.106
771	0.827
772	0.059
773	0.220
774	0.827
775	0.051
776	0.173
777	0.831
778	0.039
779	0.220
780	0.827
781	0.059
782	0.220
783	0.827
784	0.051
785	0.173
786	0.831
787	0.039
788	0.220
789	0.827
790	0.471
791	0.243
792	0.827
793	0.451
794	0.271
795	0.827
796	0.498
797	0.267
798	0.827
799	0.494
800	0.306
801	0.827
802	0.498
803	0.298
804	0.816
805	0.498
806	0.286
807	0.816
808	0.498
809	0.267
810	0.816
811	0.498
812	0.259
813	0.847
814	0.471
815	0.239
816	0.827
817	0.471
818	0.243
819	0.855
820	0.490
821	0.255
822	0.827
823	0.498
824	0.267
825	0.843
826	0.498
827	0.263
828	0.824
829	0.498
830	0.255
831	0.816
832	0.498
833	0.259
834	0.851
835	0.459
836	0.106
837	0.855
838	0.459
839	0.106
840	0.851
841	0.486
842	0.129
843	0.855
844	0.498
845	0.149
846	0.851
847	0.498
848	0.141
849	0.843
850	0.498
851	0.141
852	0.855
853	0.447
854	0.106
855	0.843
856	0.459
857	0.106
858	0.847
859	0.471
860	0.106
861	0.859
862	0.467
863	0.106
864	0.761
865	0.482
866	0.498
867	0.769
868	0.475
869	0.498
870	0.769
871	0.486
872	0.498
873	0.820
874	0.475
875	0.498
876	0.808
877	0.486
878	0.498
879	0.820
880	0.498
881	0.475
882	0.769
883	0.498
884	0.467
885	0.769
886	0.498
887	0.478
888	0.761
889	0.498
890	0.475
891	0.800
892	0.498
893	0.482
894	0.796
895	0.498
896	0.208
897	0.800
898	0.498
899	0.216
900	0.804
901	0.498
902	0.475
903	0.804
904	0.498
905	0.482
906	0.816
907	0.498
908	0.482
909	0.804
910	0.498
911	0.486
912	0.820
913	0.498
914	0.498
915	0.808
916	0.498
917	0.502
918	0.808
919	0.486
920	0.498
921	0.820
922	0.475
923	0.498
924	0.808
925	0.498
926	0.498
927	0.820
928	0.498
929	0.475
930	0.808
931	0.498
932	0.478
933	0.820
934	0.451
935	0.106
936	0.843
937	0.459
938	0.106
939	0.847
940	0.459
941	0.106
942	0.839
943	0.498
944	0.251
945	0.851
946	0.498
947	0.259
948	0.843
949	0.498
950	0.247
951	0.847
952	0.498
953	0.247
954	0.855
955	0.498
956	0.247
957	0.855
958	0.498
959	0.263
960	0.851
961	0.498
962	0.255
963	0.773
964	0.624
965	0.439
966	0.761
967	0.631
968	0.455
969	0.769
970	0.655
971	0.443
972	0.761
973	0.706
974	0.325
975	0.769
976	0.714
977	0.357
978	0.776
979	0.702
980	0.329
981	0.769
982	0.686
983	0.353
984	0.765
985	0.737
986	0.349
987	0.761
988	0.706
989	0.325
990	0.776
991	0.733
992	0.337
993	0.776
994	0.702
995	0.329
996	0.769
997	0.792
998	0.125
999	0.788
1000	0.812
1001	0.125
1002	0.761
1003	0.808
1004	0.114
1005	0.773
1006	0.816
1007	0.106
1008	0.765
1009	0.816
1010	0.106
1011	0.765
1012	0.820
1013	0.106
1014	0.757
1015	0.827
1016	0.106
1017	0.765
1018	0.831
1019	0.106
1020	0.773
1021	0.827
1022	0.106
1023	0.788
1024	0.820
1025	0.106
1026	0.788
1027	0.831
1028	0.106
1029	0.776
1030	0.827
1031	0.106
1032	0.761
1033	0.871
1034	0.129
1035	0.765
1036	0.847
1037	0.153
1038	0.780
1039	0.867
1040	0.122
1041	0.776
1042	0.839
1043	0.153
1044	0.761
1045	0.894
1046	0.200
1047	0.761
1048	0.918
1049	0.169
1050	0.776
1051	0.898
1052	0.200
1053	0.773
1054	0.925
1055	0.169
1056	0.765
1057	0.925
1058	0.133
1059	0.761
1060	0.902
1061	0.145
1062	0.765
1063	0.894
1064	0.137
1065	0.761
1066	0.918
1067	0.169
1068	0.773
1069	0.925
1070	0.169
1071	0.761
1072	0.910
1073	0.153
1074	0.788
1075	0.910
1076	0.157
1077	0.765
1078	0.925
1079	0.133
1080	0.761
1081	0.910
1082	0.153
1083	0.788
1084	0.933
1085	0.141
1086	0.788
1087	0.910
1088	0.157
1089	0.769
1090	0.949
1091	0.388
1092	0.788
1093	0.929
1094	0.388
1095	0.761
1096	0.933
1097	0.380
1098	0.773
1099	0.639
1100	0.478
1101	0.765
1102	0.624
1103	0.486
1104	0.788
1105	0.631
1106	0.498
1107	0.769
1108	0.616
1109	0.498
1110	0.780
1111	0.639
1112	0.498
1113	0.761
1114	0.624
1115	0.498
1116	0.757
1117	0.620
1118	0.498
1119	0.780
1120	0.620
1121	0.208
1122	0.796
1123	0.647
1124	0.165
1125	0.765
1126	0.635
1127	0.184
1128	0.765
1129	0.682
1130	0.216
1131	0.765
1132	0.682
1133	0.251
1134	0.780
1135	0.698
1136	0.216
1137	0.765
1138	0.706
1139	0.200
1140	0.792
1141	0.718
1142	0.196
1143	0.780
1144	0.690
1145	0.188
1146	0.800
1147	0.698
1148	0.196
1149	0.765
1150	0.706
1151	0.200
1152	0.780
1153	0.690
1154	0.188
1155	0.780
1156	0.706
1157	0.208
1158	0.800
1159	0.698
1160	0.196
1161	0.769
1162	0.741
1163	0.376
1164	0.765
1165	0.737
1166	0.349
1167	0.788
1168	0.737
1169	0.384
1170	0.796
1171	0.722
1172	0.361
1173	0.773
1174	0.780
1175	0.314
1176	0.765
1177	0.765
1178	0.298
1179	0.776
1180	0.753
1181	0.298
1182	0.765
1183	0.741
1184	0.302
1185	0.769
1186	0.722
1187	0.286
1188	0.776
1189	0.718
1190	0.282
1191	0.773
1192	0.804
1193	0.294
1194	0.773
1195	0.780
1196	0.314
1197	0.765
1198	0.769
1199	0.282
1200	0.776
1201	0.753
1202	0.298
1203	0.765
1204	0.780
1205	0.118
1206	0.776
1207	0.792
1208	0.106
1209	0.769
1210	0.792
1211	0.125
1212	0.761
1213	0.808
1214	0.114
1215	0.765
1216	0.816
1217	0.106
1218	0.780
1219	0.792
1220	0.106
1221	0.769
1222	0.800
1223	0.106
1224	0.753
1225	0.808
1226	0.106
1227	0.765
1228	0.784
1229	0.373
1230	0.765
1231	0.800
1232	0.357
1233	0.780
1234	0.784
1235	0.373
1236	0.776
1237	0.812
1238	0.365
1239	0.765
1240	0.800
1241	0.259
1242	0.776
1243	0.792
1244	0.251
1245	0.769
1246	0.773
1247	0.220
1248	0.780
1249	0.765
1250	0.235
1251	0.765
1252	0.800
1253	0.357
1254	0.776
1255	0.812
1256	0.365
1257	0.765
1258	0.847
1259	0.388
1260	0.800
1261	0.835
1262	0.376
1263	0.780
1264	0.847
1265	0.396
1266	0.765
1267	0.843
1268	0.106
1269	0.765
1270	0.816
1271	0.141
1272	0.788
1273	0.831
1274	0.106
1275	0.773
1276	0.804
1277	0.145
1278	0.788
1279	0.812
1280	0.125
1281	0.765
1282	0.863
1283	0.118
1284	0.765
1285	0.816
1286	0.141
1287	0.776
1288	0.839
1289	0.153
1290	0.765
1291	0.871
1292	0.184
1293	0.776
1294	0.839
1295	0.153
1296	0.765
1297	0.847
1298	0.153
1299	0.765
1300	0.847
1301	0.388
1302	0.780
1303	0.824
1304	0.424
1305	0.780
1306	0.847
1307	0.396
1308	0.800
1309	0.827
1310	0.400
1311	0.800
1312	0.835
1313	0.376
1314	0.765
1315	0.925
1316	0.133
1317	0.792
1318	0.906
1319	0.118
1320	0.765
1321	0.894
1322	0.137
1323	0.788
1324	0.894
1325	0.141
1326	0.769
1327	0.949
1328	0.388
1329	0.765
1330	0.937
1331	0.439
1332	0.788
1333	0.929
1334	0.388
1335	0.776
1336	0.941
1337	0.435
1338	0.765
1339	0.957
1340	0.467
1341	0.765
1342	0.937
1343	0.439
1344	0.780
1345	0.937
1346	0.455
1347	0.773
1348	0.925
1349	0.459
1350	0.765
1351	0.957
1352	0.467
1353	0.776
1354	0.949
1355	0.486
1356	0.780
1357	0.937
1358	0.455
1359	0.796
1360	0.949
1361	0.475
1362	0.765
1363	0.957
1364	0.467
1365	0.776
1366	0.973
1367	0.463
1368	0.776
1369	0.949
1370	0.486
1371	0.796
1372	0.949
1373	0.475
1374	0.765
1375	0.957
1376	0.467
1377	0.780
1378	0.937
1379	0.455
1380	0.776
1381	0.973
1382	0.463
1383	0.776
1384	0.965
1385	0.353
1386	0.765
1387	0.976
1388	0.373
1389	0.808
1390	0.984
1391	0.353
1392	0.776
1393	0.984
1394	0.380
1395	0.780
1396	0.984
1397	0.384
1398	0.808
1399	0.984
1400	0.369
1401	0.788
1402	0.984
1403	0.392
1404	0.780
1405	0.984
1406	0.396
1407	0.765
1408	0.976
1409	0.373
1410	0.776
1411	0.965
1412	0.353
1413	0.765
1414	0.984
1415	0.337
1416	0.769
1417	0.529
1418	0.278
1419	0.804
1420	0.514
1421	0.278
1422	0.788
1423	0.529
1424	0.302
1425	0.812
1426	0.541
1427	0.302
1428	0.788
1429	0.553
1430	0.310
1431	0.788
1432	0.553
1433	0.310
1434	0.788
1435	0.529
1436	0.302
1437	0.769
1438	0.529
1439	0.278
1440	0.780
1441	0.608
1442	0.463
1443	0.769
1444	0.600
1445	0.455
1446	0.792
1447	0.612
1448	0.447
1449	0.784
1450	0.584
1451	0.439
1452	0.796
1453	0.596
1454	0.424
1455	0.792
1456	0.647
1457	0.251
1458	0.769
1459	0.667
1460	0.235
1461	0.796
1462	0.675
1463	0.243
1464	0.792
1465	0.667
1466	0.220
1467	0.769
1468	0.667
1469	0.235
1470	0.796
1471	0.643
1472	0.231
1473	0.792
1474	0.667
1475	0.220
1476	0.769
1477	0.686
1478	0.353
1479	0.788
1480	0.698
1481	0.345
1482	0.776
1483	0.702
1484	0.329
1485	0.788
1486	0.698
1487	0.345
1488	0.788
1489	0.671
1490	0.337
1491	0.769
1492	0.686
1493	0.353
1494	0.780
1495	0.765
1496	0.235
1497	0.776
1498	0.792
1499	0.251
1500	0.769
1501	0.753
1502	0.243
1503	0.780
1504	0.765
1505	0.235
1506	0.769
1507	0.773
1508	0.220
1509	0.784
1510	0.773
1511	0.216
1512	0.769
1513	0.773
1514	0.220
1515	0.784
1516	0.773
1517	0.216
1518	0.769
1519	0.804
1520	0.239
1521	0.776
1522	0.824
1523	0.231
1524	0.788
1525	0.812
1526	0.125
1527	0.773
1528	0.804
1529	0.145
1530	0.769
1531	0.792
1532	0.125
1533	0.776
1534	0.929
1535	0.208
1536	0.769
1537	0.914
1538	0.208
1539	0.784
1540	0.925
1541	0.216
1542	0.776
1543	0.898
1544	0.200
1545	0.792
1546	0.902
1547	0.208
1548	0.773
1549	0.937
1550	0.192
1551	0.769
1552	0.914
1553	0.208
1554	0.773
1555	0.925
1556	0.169
1557	0.776
1558	0.898
1559	0.200
1560	0.769
1561	0.914
1562	0.208
1563	0.800
1564	0.929
1565	0.200
1566	0.773
1567	0.937
1568	0.192
1569	0.808
1570	0.953
1571	0.188
1572	0.784
1573	0.957
1574	0.176
1575	0.788
1576	0.984
1577	0.471
1578	0.800
1579	0.973
1580	0.482
1581	0.769
1582	0.976
1583	0.478
1584	0.800
1585	0.973
1586	0.482
1587	0.769
1588	0.976
1589	0.478
1590	0.804
1591	0.973
1592	0.498
1593	0.792
1594	0.976
1595	0.498
1596	0.796
1597	0.988
1598	0.498
1599	0.792
1600	0.988
1601	0.498
1602	0.765
1603	0.988
1604	0.498
1605	0.765
1606	0.976
1607	0.498
1608	0.757
1609	0.984
1610	0.498
1611	0.773
1612	0.643
1613	0.412
1614	0.788
1615	0.620
1616	0.396
1617	0.788
1618	0.627
1619	0.427
1620	0.800
1621	0.612
1622	0.408
1623	0.773
1624	0.655
1625	0.400
1626	0.792
1627	0.635
1628	0.376
1629	0.788
1630	0.647
1631	0.404
1632	0.788
1633	0.620
1634	0.396
1635	0.796
1636	0.749
1637	0.157
1638	0.776
1639	0.733
1640	0.157
1641	0.784
1642	0.753
1643	0.133
1644	0.776
1645	0.733
1646	0.157
1647	0.796
1648	0.722
1649	0.153
1650	0.796
1651	0.749
1652	0.157
1653	0.804
1654	0.737
1655	0.141
1656	0.796
1657	0.722
1658	0.153
1659	0.776
1660	0.733
1661	0.157
1662	0.784
1663	0.729
1664	0.133
1665	0.776
1666	0.753
1667	0.298
1668	0.776
1669	0.788
1670	0.282
1671	0.780
1672	0.761
1673	0.271
1674	0.780
1675	0.749
1676	0.243
1677	0.788
1678	0.749
1679	0.282
1680	0.780
1681	0.729
1682	0.271
1683	0.776
1684	0.898
1685	0.200
1686	0.792
1687	0.902
1688	0.208
1689	0.780
1690	0.890
1691	0.208
1692	0.800
1693	0.902
1694	0.227
1695	0.784
1696	0.902
1697	0.227
1698	0.780
1699	0.945
1700	0.357
1701	0.808
1702	0.984
1703	0.353
1704	0.776
1705	0.965
1706	0.353
1707	0.776
1708	0.973
1709	0.463
1710	0.796
1711	0.949
1712	0.475
1713	0.780
1714	0.937
1715	0.455
1716	0.780
1717	0.867
1718	0.259
1719	0.780
1720	0.863
1721	0.278
1722	0.831
1723	0.859
1724	0.267
1725	0.820
1726	0.867
1727	0.282
1728	0.780
1729	0.867
1730	0.259
1731	0.831
1732	0.859
1733	0.267
1734	0.784
1735	0.878
1736	0.267
1737	0.824
1738	0.878
1739	0.271
1740	0.808
1741	0.965
1742	0.341
1743	0.808
1744	0.984
1745	0.353
1746	0.780
1747	0.945
1748	0.357
1749	0.780
1750	0.945
1751	0.357
1752	0.808
1753	0.965
1754	0.341
1755	0.800
1756	0.933
1757	0.353
1758	0.788
1759	0.549
1760	0.259
1761	0.816
1762	0.541
1763	0.271
1764	0.784
1765	0.553
1766	0.275
1767	0.808
1768	0.557
1769	0.282
1770	0.788
1771	0.698
1772	0.345
1773	0.784
1774	0.690
1775	0.318
1776	0.788
1777	0.671
1778	0.337
1779	0.784
1780	0.925
1781	0.216
1782	0.800
1783	0.902
1784	0.227
1785	0.792
1786	0.902
1787	0.208
1788	0.800
1789	0.902
1790	0.227
1791	0.812
1792	0.914
1793	0.235
1794	0.784
1795	0.925
1796	0.216
1797	0.816
1798	0.933
1799	0.208
1800	0.820
1801	0.949
1802	0.165
1803	0.784
1804	0.957
1805	0.176
1806	0.808
1807	0.953
1808	0.188
1809	0.792
1810	0.635
1811	0.376
1812	0.788
1813	0.620
1814	0.396
1815	0.808
1816	0.624
1817	0.396
1818	0.800
1819	0.612
1820	0.408
1821	0.788
1822	0.737
1823	0.384
1824	0.796
1825	0.722
1826	0.361
1827	0.800
1828	0.749
1829	0.376
1830	0.800
1831	0.737
1832	0.349
1833	0.788
1834	0.898
1835	0.106
1836	0.788
1837	0.894
1838	0.106
1839	0.792
1840	0.906
1841	0.118
1842	0.788
1843	0.894
1844	0.141
1845	0.788
1846	0.851
1847	0.106
1848	0.776
1849	0.894
1850	0.106
1851	0.776
1852	0.859
1853	0.106
1854	0.792
1855	0.933
1856	0.498
1857	0.788
1858	0.925
1859	0.498
1860	0.800
1861	0.933
1862	0.490
1863	0.796
1864	0.918
1865	0.490
1866	0.835
1867	0.929
1868	0.494
1869	0.820
1870	0.898
1871	0.498
1872	0.839
1873	0.925
1874	0.498
1875	0.792
1876	0.647
1877	0.251
1878	0.796
1879	0.643
1880	0.231
1881	0.796
1882	0.675
1883	0.243
1884	0.792
1885	0.667
1886	0.220
1887	0.792
1888	0.753
1889	0.173
1890	0.792
1891	0.784
1892	0.204
1893	0.812
1894	0.749
1895	0.176
1896	0.820
1897	0.784
1898	0.200
1899	0.855
1900	0.506
1901	0.196
1902	0.804
1903	0.514
1904	0.188
1905	0.855
1906	0.498
1907	0.204
1908	0.808
1909	0.498
1910	0.204
1911	0.843
1912	0.498
1913	0.216
1914	0.808
1915	0.498
1916	0.216
1917	0.800
1918	0.498
1919	0.212
1920	0.804
1921	0.514
1922	0.278
1923	0.847
1924	0.525
1925	0.290
1926	0.827
1927	0.514
1928	0.282
1929	0.843
1930	0.498
1931	0.267
1932	0.827
1933	0.498
1934	0.263
1935	0.843
1936	0.498
1937	0.263
1938	0.827
1939	0.498
1940	0.251
1941	0.839
1942	0.498
1943	0.251
1944	0.808
1945	0.702
1946	0.129
1947	0.820
1948	0.682
1949	0.118
1950	0.820
1951	0.722
1952	0.106
1953	0.824
1954	0.694
1955	0.106
1956	0.812
1957	0.694
1958	0.106
1959	0.816
1960	0.686
1961	0.106
1962	0.831
1963	0.965
1964	0.137
1965	0.808
1966	0.941
1967	0.153
1968	0.808
1969	0.976
1970	0.125
1971	0.820
1972	0.725
1973	0.204
1974	0.812
1975	0.773
1976	0.212
1977	0.812
1978	0.749
1979	0.176
1980	0.820
1981	0.784
1982	0.200
1983	0.851
1984	0.529
1985	0.173
1986	0.855
1987	0.498
1988	0.149
1989	0.824
1990	0.525
1991	0.176
1992	0.816
1993	0.498
1994	0.149
1995	0.812
1996	0.498
1997	0.137
1998	0.839
1999	0.498
2000	0.137
2001	0.827
2002	0.514
2003	0.282
2004	0.827
2005	0.498
2006	0.263
2007	0.827
2008	0.498
2009	0.298
2010	0.816
2011	0.498
2012	0.263
2013	0.816
2014	0.498
2015	0.286
2016	0.855
2017	0.518
2018	0.278
2019	0.839
2020	0.518
2021	0.275
2022	0.855
2023	0.498
2024	0.259
2025	0.843
2026	0.498
2027	0.263
2028	0.839
2029	0.498
2030	0.251
2031	0.847
2032	0.498
2033	0.247
2034	0.855
2035	0.498
2036	0.247
2037	0.847
2038	0.600
2039	0.137
2040	0.851
2041	0.600
2042	0.122
2043	0.847
2044	0.561
2045	0.106
2046	0.851
2047	0.580
2048	0.106
2049	0.835
2050	0.569
2051	0.106
2052	0.827
2053	0.569
2054	0.106
2055	0.847
2056	0.600
2057	0.137
2058	0.863
2059	0.600
2060	0.137
2061	0.851
2062	0.600
2063	0.122
2064	0.855
2065	0.612
2066	0.106
2067	0.851
2068	0.529
2069	0.173
2070	0.863
2071	0.529
2072	0.169
2073	0.851
2074	0.498
2075	0.141
2076	0.867
2077	0.498
2078	0.141
2079	0.851
2080	0.498
2081	0.129
2082	0.855
2083	0.498
2084	0.129
2085	0.753
2086	0.808
2087	0.106
2088	0.753
2089	0.816
2090	0.106
2091	0.753
2092	0.824
2093	0.106
2094	0.769
2095	0.949
2096	0.106
2097	0.776
2098	0.945
2099	0.106
2100	0.780
2101	0.957
2102	0.106
2103	0.784
2104	0.941
2105	0.106
2106	0.788
2107	0.953
2108	0.106
2109	0.788
2110	0.941
2111	0.106
2112	0.792
2113	0.941
2114	0.106
2115	0.808
2116	0.957
2117	0.106
2118	0.800
2119	0.945
2120	0.106
2121	0.808
2122	0.965
2123	0.114
2124	0.808
2125	0.976
2126	0.125
2127	0.780
2128	0.984
2129	0.133
2130	0.816
2131	0.984
2132	0.133
2133	0.780
2134	0.984
2135	0.145
2136	0.808
2137	0.984
2138	0.145
2139	0.773
2140	0.984
2141	0.141
2142	0.780
2143	0.902
2144	0.106
2145	0.788
2146	0.906
2147	0.106
2148	0.784
2149	0.498
2150	0.141
2151	0.796
2152	0.498
2153	0.137
2154	0.792
2155	0.498
2156	0.149
2157	0.804
2158	0.498
2159	0.141
2160	0.804
2161	0.498
2162	0.153
2163	0.792
2164	0.525
2165	0.173
2166	0.824
2167	0.525
2168	0.176
2169	0.816
2170	0.498
2171	0.157
2172	0.816
2173	0.498
2174	0.149
2175	0.812
2176	0.498
2177	0.137
2178	0.816
2179	0.498
2180	0.255
2181	0.816
2182	0.498
2183	0.255
2184	0.847
2185	0.549
2186	0.106
2187	0.835
2188	0.553
2189	0.106
2190	0.835
2191	0.565
2192	0.106
2193	0.839
2194	0.498
2195	0.145
2196	0.839
2197	0.498
2198	0.133
2199	0.792
2200	0.898
2201	0.498
2202	0.808
2203	0.894
2204	0.498
2205	0.816
2206	0.910
2207	0.498
2208	0.808
2209	0.906
2210	0.498
2211	0.804
2212	0.906
2213	0.498
2214	0.804
2215	0.918
2216	0.498
2217	0.788
2218	0.925
2219	0.498
2220	0.792
2221	0.933
2222	0.498
2223	0.816
2224	0.933
2225	0.498
2226	0.800
2227	0.933
2228	0.490
2229	0.835
2230	0.929
2231	0.494
2232	0.839
2233	0.925
2234	0.498
2235	0.831
2236	0.914
2237	0.498
2238	0.816
2239	0.922
2240	0.498
2241	0.804
2242	0.918
2243	0.498
2244	0.776
2245	0.012
2246	0.773
2247	0.765
2248	0.039
2249	0.753
2250	0.780
2251	0.027
2252	0.745
2253	0.784
2254	0.051
2255	0.741
2256	0.784
2257	0.012
2258	0.718
2259	0.769
2260	0.051
2261	0.639
2262	0.780
2263	0.016
2264	0.612
2265	0.769
2266	0.012
2267	0.608
2268	0.796
2269	0.012
2270	0.608
2271	0.792
2272	0.012
2273	0.616
2274	0.780
2275	0.012
2276	0.616
2277	0.769
2278	0.012
2279	0.620
2280	0.780
2281	0.012
2282	0.620
2283	0.784
2284	0.047
2285	0.620
2286	0.773
2287	0.027
2288	0.624
2289	0.769
2290	0.051
2291	0.639
2292	0.769
2293	0.051
2294	0.639
2295	0.773
2296	0.027
2297	0.624
2298	0.780
2299	0.016
2300	0.612
2301	0.776
2302	0.012
2303	0.635
2304	0.780
2305	0.012
2306	0.616
2307	0.765
2308	0.012
2309	0.631
2310	0.769
2311	0.012
2312	0.612
2313	0.773
2314	0.012
2315	0.608
2316	0.776
2317	0.012
2318	0.608
2319	0.769
2320	0.141
2321	0.678
2322	0.776
2323	0.122
2324	0.663
2325	0.769
2326	0.106
2327	0.651
2328	0.800
2329	0.122
2330	0.655
2331	0.796
2332	0.094
2333	0.643
2334	0.769
2335	0.106
2336	0.651
2337	0.796
2338	0.094
2339	0.643
2340	0.773
2341	0.098
2342	0.675
2343	0.808
2344	0.094
2345	0.671
2346	0.788
2347	0.110
2348	0.682
2349	0.773
2350	0.125
2351	0.537
2352	0.800
2353	0.145
2354	0.537
2355	0.769
2356	0.141
2357	0.541
2358	0.796
2359	0.165
2360	0.525
2361	0.773
2362	0.161
2363	0.518
2364	0.769
2365	0.196
2366	0.808
2367	0.808
2368	0.196
2369	0.808
2370	0.784
2371	0.204
2372	0.788
2373	0.808
2374	0.192
2375	0.788
2376	0.769
2377	0.216
2378	0.506
2379	0.776
2380	0.231
2381	0.518
2382	0.776
2383	0.216
2384	0.498
2385	0.784
2386	0.224
2387	0.498
2388	0.773
2389	0.220
2390	0.498
2391	0.780
2392	0.259
2393	0.580
2394	0.796
2395	0.259
2396	0.557
2397	0.769
2398	0.271
2399	0.565
2400	0.780
2401	0.271
2402	0.541
2403	0.769
2404	0.322
2405	0.647
2406	0.780
2407	0.333
2408	0.663
2409	0.769
2410	0.302
2411	0.678
2412	0.773
2413	0.314
2414	0.690
2415	0.769
2416	0.337
2417	0.635
2418	0.769
2419	0.322
2420	0.647
2421	0.788
2422	0.329
2423	0.635
2424	0.784
2425	0.310
2426	0.639
2427	0.800
2428	0.318
2429	0.643
2430	0.769
2431	0.322
2432	0.647
2433	0.784
2434	0.310
2435	0.639
2436	0.780
2437	0.333
2438	0.663
2439	0.800
2440	0.318
2441	0.643
2442	0.773
2443	0.353
2444	0.643
2445	0.784
2446	0.349
2447	0.651
2448	0.769
2449	0.337
2450	0.635
2451	0.788
2452	0.329
2453	0.635
2454	0.780
2455	0.067
2456	0.765
2457	0.792
2458	0.043
2459	0.800
2460	0.773
2461	0.047
2462	0.776
2463	0.780
2464	0.086
2465	0.780
2466	0.773
2467	0.063
2468	0.800
2469	0.784
2470	0.071
2471	0.824
2472	0.773
2473	0.098
2474	0.675
2475	0.776
2476	0.122
2477	0.663
2478	0.788
2479	0.110
2480	0.682
2481	0.800
2482	0.122
2483	0.655
2484	0.808
2485	0.094
2486	0.671
2487	0.773
2488	0.106
2489	0.557
2490	0.773
2491	0.125
2492	0.537
2493	0.808
2494	0.114
2495	0.573
2496	0.800
2497	0.145
2498	0.537
2499	0.773
2500	0.161
2501	0.518
2502	0.780
2503	0.173
2504	0.533
2505	0.796
2506	0.165
2507	0.525
2508	0.804
2509	0.161
2510	0.553
2511	0.800
2512	0.145
2513	0.537
2514	0.773
2515	0.251
2516	0.553
2517	0.780
2518	0.259
2519	0.580
2520	0.796
2521	0.259
2522	0.557
2523	0.773
2524	0.251
2525	0.553
2526	0.780
2527	0.259
2528	0.580
2529	0.788
2530	0.216
2531	0.569
2532	0.780
2533	0.271
2534	0.541
2535	0.773
2536	0.251
2537	0.553
2538	0.796
2539	0.259
2540	0.557
2541	0.773
2542	0.482
2543	0.710
2544	0.796
2545	0.467
2546	0.698
2547	0.792
2548	0.498
2549	0.722
2550	0.773
2551	0.482
2552	0.710
2553	0.776
2554	0.490
2555	0.741
2556	0.792
2557	0.498
2558	0.722
2559	0.788
2560	0.498
2561	0.733
2562	0.780
2563	0.498
2564	0.722
2565	0.780
2566	0.498
2567	0.718
2568	0.776
2569	0.047
2570	0.659
2571	0.804
2572	0.051
2573	0.663
2574	0.776
2575	0.012
2576	0.706
2577	0.804
2578	0.024
2579	0.694
2580	0.804
2581	0.012
2582	0.702
2583	0.776
2584	0.059
2585	0.847
2586	0.784
2587	0.071
2588	0.824
2589	0.824
2590	0.071
2591	0.827
2592	0.776
2593	0.192
2594	0.522
2595	0.784
2596	0.208
2597	0.498
2598	0.776
2599	0.184
2600	0.498
2601	0.769
2602	0.204
2603	0.498
2604	0.765
2605	0.188
2606	0.498
2607	0.804
2608	0.235
2609	0.608
2610	0.776
2611	0.231
2612	0.604
2613	0.780
2614	0.259
2615	0.580
2616	0.804
2617	0.235
2618	0.608
2619	0.776
2620	0.231
2621	0.604
2622	0.804
2623	0.212
2624	0.592
2625	0.780
2626	0.259
2627	0.580
2628	0.776
2629	0.231
2630	0.604
2631	0.784
2632	0.227
2633	0.580
2634	0.804
2635	0.212
2636	0.592
2637	0.784
2638	0.227
2639	0.580
2640	0.788
2641	0.216
2642	0.569
2643	0.792
2644	0.286
2645	0.800
2646	0.776
2647	0.306
2648	0.800
2649	0.796
2650	0.310
2651	0.788
2652	0.804
2653	0.361
2654	0.839
2655	0.784
2656	0.357
2657	0.835
2658	0.776
2659	0.333
2660	0.820
2661	0.804
2662	0.361
2663	0.839
2664	0.776
2665	0.333
2666	0.820
2667	0.800
2668	0.349
2669	0.812
2670	0.780
2671	0.345
2672	0.792
2673	0.808
2674	0.353
2675	0.788
2676	0.780
2677	0.345
2678	0.792
2679	0.808
2680	0.353
2681	0.788
2682	0.776
2683	0.365
2684	0.800
2685	0.804
2686	0.369
2687	0.804
2688	0.788
2689	0.380
2690	0.808
2691	0.776
2692	0.439
2693	0.769
2694	0.784
2695	0.463
2696	0.776
2697	0.776
2698	0.443
2699	0.796
2700	0.776
2701	0.463
2702	0.812
2703	0.788
2704	0.431
2705	0.835
2706	0.776
2707	0.463
2708	0.812
2709	0.788
2710	0.467
2711	0.788
2712	0.812
2713	0.012
2714	0.620
2715	0.792
2716	0.012
2717	0.612
2718	0.796
2719	0.059
2720	0.749
2721	0.780
2722	0.067
2723	0.765
2724	0.800
2725	0.082
2726	0.737
2727	0.780
2728	0.086
2729	0.780
2730	0.780
2731	0.067
2732	0.765
2733	0.796
2734	0.082
2735	0.769
2736	0.800
2737	0.082
2738	0.737
2739	0.796
2740	0.063
2741	0.600
2742	0.812
2743	0.086
2744	0.608
2745	0.780
2746	0.086
2747	0.580
2748	0.800
2749	0.106
2750	0.576
2751	0.796
2752	0.184
2753	0.537
2754	0.804
2755	0.161
2756	0.553
2757	0.780
2758	0.173
2759	0.533
2760	0.784
2761	0.349
2762	0.651
2763	0.788
2764	0.329
2765	0.635
2766	0.780
2767	0.333
2768	0.663
2769	0.800
2770	0.318
2771	0.643
2772	0.780
2773	0.455
2774	0.710
2775	0.784
2776	0.443
2777	0.698
2778	0.824
2779	0.459
2780	0.694
2781	0.804
2782	0.424
2783	0.702
2784	0.835
2785	0.439
2786	0.690
2787	0.796
2788	0.039
2789	0.737
2790	0.784
2791	0.051
2792	0.741
2793	0.784
2794	0.012
2795	0.718
2796	0.796
2797	0.106
2798	0.784
2799	0.784
2800	0.118
2801	0.796
2802	0.804
2803	0.133
2804	0.773
2805	0.784
2806	0.357
2807	0.835
2808	0.804
2809	0.361
2810	0.839
2811	0.788
2812	0.380
2813	0.808
2814	0.804
2815	0.369
2816	0.804
2817	0.788
2818	0.184
2819	0.804
2820	0.808
2821	0.192
2822	0.788
2823	0.808
2824	0.196
2825	0.808
2826	0.800
2827	0.478
2828	0.816
2829	0.788
2830	0.490
2831	0.800
2832	0.820
2833	0.482
2834	0.812
2835	0.776
2836	0.498
2837	0.792
2838	0.804
2839	0.498
2840	0.800
2841	0.773
2842	0.498
2843	0.804
2844	0.769
2845	0.498
2846	0.804
2847	0.792
2848	0.043
2849	0.800
2850	0.827
2851	0.031
2852	0.800
2853	0.796
2854	0.020
2855	0.820
2856	0.824
2857	0.012
2858	0.831
2859	0.792
2860	0.012
2861	0.835
2862	0.812
2863	0.012
2864	0.843
2865	0.792
2866	0.012
2867	0.843
2868	0.796
2869	0.306
2870	0.769
2871	0.792
2872	0.286
2873	0.800
2874	0.796
2875	0.310
2876	0.788
2877	0.792
2878	0.286
2879	0.800
2880	0.824
2881	0.294
2882	0.788
2883	0.796
2884	0.306
2885	0.769
2886	0.820
2887	0.310
2888	0.761
2889	0.792
2890	0.329
2891	0.741
2892	0.800
2893	0.329
2894	0.761
2895	0.796
2896	0.306
2897	0.769
2898	0.804
2899	0.475
2900	0.659
2901	0.820
2902	0.486
2903	0.678
2904	0.792
2905	0.494
2906	0.682
2907	0.820
2908	0.498
2909	0.690
2910	0.812
2911	0.498
2912	0.690
2913	0.800
2914	0.051
2915	0.565
2916	0.824
2917	0.055
2918	0.557
2919	0.796
2920	0.063
2921	0.600
2922	0.827
2923	0.075
2924	0.588
2925	0.812
2926	0.086
2927	0.608
2928	0.800
2929	0.122
2930	0.655
2931	0.796
2932	0.094
2933	0.643
2934	0.808
2935	0.094
2936	0.671
2937	0.808
2938	0.110
2939	0.702
2940	0.804
2941	0.137
2942	0.722
2943	0.796
2944	0.102
2945	0.749
2946	0.808
2947	0.110
2948	0.757
2949	0.804
2950	0.133
2951	0.773
2952	0.796
2953	0.118
2954	0.761
2955	0.808
2956	0.161
2957	0.737
2958	0.804
2959	0.137
2960	0.722
2961	0.831
2962	0.412
2963	0.745
2964	0.804
2965	0.404
2966	0.753
2967	0.796
2968	0.431
2969	0.722
2970	0.800
2971	0.333
2972	0.667
2973	0.835
2974	0.322
2975	0.667
2976	0.816
2977	0.353
2978	0.643
2979	0.835
2980	0.341
2981	0.643
2982	0.804
2983	0.361
2984	0.839
2985	0.804
2986	0.369
2987	0.804
2988	0.800
2989	0.349
2990	0.812
2991	0.808
2992	0.353
2993	0.788
2994	0.808
2995	0.443
2996	0.765
2997	0.800
2998	0.447
2999	0.737
3000	0.820
3001	0.451
3002	0.757
3003	0.835
3004	0.439
3005	0.737
3006	0.847
3007	0.435
3008	0.765
3009	0.804
3010	0.208
3011	0.643
3012	0.804
3013	0.184
3014	0.627
3015	0.804
3016	0.235
3017	0.608
3018	0.804
3019	0.212
3020	0.592
3021	0.835
3022	0.439
3023	0.690
3024	0.847
3025	0.439
3026	0.718
3027	0.804
3028	0.424
3029	0.702
3030	0.835
3031	0.439
3032	0.737
3033	0.812
3034	0.306
3035	0.533
3036	0.816
3037	0.290
3038	0.553
3039	0.824
3040	0.271
3041	0.502
3042	0.816
3043	0.255
3044	0.522
3045	0.816
3046	0.361
3047	0.706
3048	0.843
3049	0.369
3050	0.706
3051	0.816
3052	0.384
3053	0.678
3054	0.843
3055	0.388
3056	0.686
3057	0.824
3058	0.035
3059	0.537
3060	0.827
3061	0.012
3062	0.557
3063	0.831
3064	0.012
3065	0.529
3066	0.816
3067	0.012
3068	0.553
3069	0.820
3070	0.012
3071	0.529
3072	0.824
3073	0.459
3074	0.694
3075	0.835
3076	0.439
3077	0.690
3078	0.847
3079	0.439
3080	0.718
3081	0.757
3082	0.498
3083	0.604
3084	0.769
3085	0.498
3086	0.600
3087	0.761
3088	0.498
3089	0.608
3090	0.776
3091	0.498
3092	0.608
3093	0.765
3094	0.498
3095	0.612
3096	0.776
3097	0.498
3098	0.620
3099	0.765
3100	0.498
3101	0.620
3102	0.765
3103	0.498
3104	0.624
3105	0.769
3106	0.498
3107	0.627
3108	0.769
3109	0.478
3110	0.584
3111	0.773
3112	0.490
3113	0.624
3114	0.788
3115	0.471
3116	0.890
3117	0.796
3118	0.478
3119	0.890
3120	0.784
3121	0.478
3122	0.890
3123	0.784
3124	0.498
3125	0.890
3126	0.796
3127	0.498
3128	0.890
3129	0.796
3130	0.498
3131	0.863
3132	0.784
3133	0.498
3134	0.863
3135	0.776
3136	0.694
3137	0.506
3138	0.765
3139	0.678
3140	0.498
3141	0.784
3142	0.667
3143	0.522
3144	0.765
3145	0.745
3146	0.580
3147	0.780
3148	0.729
3149	0.573
3150	0.765
3151	0.694
3152	0.549
3153	0.796
3154	0.710
3155	0.561
3156	0.792
3157	0.945
3158	0.765
3159	0.765
3160	0.945
3161	0.761
3162	0.788
3163	0.973
3164	0.780
3165	0.769
3166	0.976
3167	0.784
3168	0.784
3169	0.984
3170	0.788
3171	0.780
3172	0.984
3173	0.788
3174	0.769
3175	0.984
3176	0.788
3177	0.769
3178	0.949
3179	0.745
3180	0.788
3181	0.961
3182	0.749
3183	0.765
3184	0.945
3185	0.761
3186	0.792
3187	0.945
3188	0.765
3189	0.765
3190	0.965
3191	0.580
3192	0.788
3193	0.984
3194	0.584
3195	0.769
3196	0.984
3197	0.561
3198	0.769
3199	0.984
3200	0.557
3201	0.757
3202	0.984
3203	0.561
3204	0.757
3205	0.984
3206	0.557
3207	0.765
3208	0.984
3209	0.545
3210	0.773
3211	0.984
3212	0.549
3213	0.776
3214	0.984
3215	0.553
3216	0.773
3217	0.984
3218	0.557
3219	0.769
3220	0.969
3221	0.545
3222	0.765
3223	0.976
3224	0.498
3225	0.804
3226	0.976
3227	0.510
3228	0.788
3229	0.976
3230	0.498
3231	0.804
3232	0.973
3233	0.498
3234	0.792
3235	0.988
3236	0.498
3237	0.800
3238	0.984
3239	0.498
3240	0.769
3241	0.549
3242	0.714
3243	0.780
3244	0.529
3245	0.698
3246	0.773
3247	0.522
3248	0.714
3249	0.773
3250	0.510
3251	0.718
3252	0.769
3253	0.549
3254	0.714
3255	0.776
3256	0.573
3257	0.741
3258	0.796
3259	0.549
3260	0.718
3261	0.800
3262	0.576
3263	0.733
3264	0.784
3265	0.616
3266	0.780
3267	0.776
3268	0.612
3269	0.765
3270	0.769
3271	0.600
3272	0.804
3273	0.769
3274	0.624
3275	0.569
3276	0.784
3277	0.635
3278	0.565
3279	0.769
3280	0.659
3281	0.576
3282	0.784
3283	0.663
3284	0.576
3285	0.773
3286	0.698
3287	0.859
3288	0.804
3289	0.698
3290	0.867
3291	0.769
3292	0.667
3293	0.851
3294	0.804
3295	0.667
3296	0.851
3297	0.773
3298	0.698
3299	0.859
3300	0.769
3301	0.675
3302	0.820
3303	0.784
3304	0.702
3305	0.851
3306	0.780
3307	0.675
3308	0.820
3309	0.769
3310	0.843
3311	0.663
3312	0.800
3313	0.886
3314	0.690
3315	0.769
3316	0.863
3317	0.690
3318	0.769
3319	0.906
3320	0.722
3321	0.796
3322	0.906
3323	0.725
3324	0.769
3325	0.863
3326	0.690
3327	0.796
3328	0.875
3329	0.702
3330	0.769
3331	0.906
3332	0.722
3333	0.769
3334	0.949
3335	0.745
3336	0.796
3337	0.914
3338	0.718
3339	0.788
3340	0.961
3341	0.749
3342	0.788
3343	0.973
3344	0.780
3345	0.769
3346	0.976
3347	0.784
3348	0.788
3349	0.984
3350	0.765
3351	0.769
3352	0.984
3353	0.769
3354	0.765
3355	0.984
3356	0.757
3357	0.761
3358	0.984
3359	0.761
3360	0.780
3361	0.529
3362	0.698
3363	0.796
3364	0.510
3365	0.718
3366	0.773
3367	0.510
3368	0.718
3369	0.788
3370	0.498
3371	0.733
3372	0.776
3373	0.498
3374	0.733
3375	0.776
3376	0.498
3377	0.737
3378	0.773
3379	0.498
3380	0.725
3381	0.780
3382	0.498
3383	0.722
3384	0.773
3385	0.522
3386	0.675
3387	0.780
3388	0.510
3389	0.690
3390	0.780
3391	0.529
3392	0.698
3393	0.796
3394	0.498
3395	0.690
3396	0.796
3397	0.510
3398	0.718
3399	0.773
3400	0.522
3401	0.675
3402	0.776
3403	0.506
3404	0.667
3405	0.792
3406	0.498
3407	0.686
3408	0.773
3409	0.525
3410	0.643
3411	0.776
3412	0.553
3413	0.671
3414	0.796
3415	0.510
3416	0.631
3417	0.796
3418	0.549
3419	0.675
3420	0.780
3421	0.533
3422	0.624
3423	0.773
3424	0.525
3425	0.643
3426	0.796
3427	0.510
3428	0.631
3429	0.773
3430	0.565
3431	0.651
3432	0.773
3433	0.584
3434	0.635
3435	0.796
3436	0.569
3437	0.655
3438	0.796
3439	0.588
3440	0.631
3441	0.773
3442	0.565
3443	0.651
3444	0.796
3445	0.569
3446	0.655
3447	0.780
3448	0.533
3449	0.624
3450	0.796
3451	0.533
3452	0.624
3453	0.773
3454	0.584
3455	0.635
3456	0.773
3457	0.616
3458	0.651
3459	0.796
3460	0.588
3461	0.631
3462	0.788
3463	0.616
3464	0.647
3465	0.780
3466	0.675
3467	0.820
3468	0.784
3469	0.702
3470	0.851
3471	0.773
3472	0.714
3473	0.843
3474	0.804
3475	0.698
3476	0.867
3477	0.788
3478	0.886
3479	0.867
3480	0.773
3481	0.894
3482	0.875
3483	0.788
3484	0.918
3485	0.890
3486	0.773
3487	0.914
3488	0.890
3489	0.776
3490	0.925
3491	0.890
3492	0.769
3493	0.925
3494	0.890
3495	0.761
3496	0.922
3497	0.890
3498	0.776
3499	0.529
3500	0.737
3501	0.800
3502	0.537
3503	0.741
3504	0.776
3505	0.522
3506	0.761
3507	0.792
3508	0.514
3509	0.776
3510	0.776
3511	0.573
3512	0.741
3513	0.800
3514	0.561
3515	0.757
3516	0.776
3517	0.529
3518	0.737
3519	0.800
3520	0.537
3521	0.741
3522	0.800
3523	0.533
3524	0.804
3525	0.776
3526	0.529
3527	0.800
3528	0.788
3529	0.533
3530	0.780
3531	0.780
3532	0.514
3533	0.784
3534	0.796
3535	0.514
3536	0.788
3537	0.776
3538	0.529
3539	0.800
3540	0.800
3541	0.533
3542	0.804
3543	0.800
3544	0.576
3545	0.733
3546	0.776
3547	0.573
3548	0.741
3549	0.800
3550	0.561
3551	0.757
3552	0.780
3553	0.557
3554	0.843
3555	0.792
3556	0.529
3557	0.827
3558	0.804
3559	0.557
3560	0.843
3561	0.816
3562	0.541
3563	0.831
3564	0.804
3565	0.522
3566	0.824
3567	0.800
3568	0.514
3569	0.827
3570	0.780
3571	0.729
3572	0.573
3573	0.800
3574	0.718
3575	0.588
3576	0.800
3577	0.698
3578	0.576
3579	0.784
3580	0.718
3581	0.525
3582	0.800
3583	0.733
3584	0.533
3585	0.784
3586	0.737
3587	0.498
3588	0.804
3589	0.761
3590	0.498
3591	0.784
3592	0.761
3593	0.498
3594	0.773
3595	0.745
3596	0.498
3597	0.773
3598	0.737
3599	0.498
3600	0.784
3601	0.906
3602	0.522
3603	0.796
3604	0.894
3605	0.502
3606	0.800
3607	0.906
3608	0.537
3609	0.812
3610	0.886
3611	0.518
3612	0.784
3613	0.925
3614	0.518
3615	0.808
3616	0.933
3617	0.514
3618	0.784
3619	0.906
3620	0.522
3621	0.820
3622	0.910
3623	0.529
3624	0.800
3625	0.906
3626	0.537
3627	0.800
3628	0.984
3629	0.525
3630	0.804
3631	0.969
3632	0.541
3633	0.784
3634	0.961
3635	0.541
3636	0.800
3637	0.859
3638	0.608
3639	0.788
3640	0.839
3641	0.588
3642	0.796
3643	0.827
3644	0.643
3645	0.796
3646	0.533
3647	0.624
3648	0.792
3649	0.549
3650	0.604
3651	0.796
3652	0.569
3653	0.655
3654	0.796
3655	0.588
3656	0.631
3657	0.812
3658	0.886
3659	0.518
3660	0.796
3661	0.894
3662	0.502
3663	0.820
3664	0.898
3665	0.498
3666	0.796
3667	0.906
3668	0.498
3669	0.804
3670	0.914
3671	0.498
3672	0.816
3673	0.914
3674	0.498
3675	0.820
3676	0.918
3677	0.498
3678	0.800
3679	0.533
3680	0.804
3681	0.804
3682	0.522
3683	0.824
3684	0.816
3685	0.569
3686	0.788
3687	0.816
3688	0.541
3689	0.831
3690	0.804
3691	0.522
3692	0.824
3693	0.800
3694	0.533
3695	0.804
3696	0.804
3697	0.498
3698	0.808
3699	0.796
3700	0.514
3701	0.788
3702	0.804
3703	0.498
3704	0.804
3705	0.796
3706	0.498
3707	0.808
3708	0.800
3709	0.906
3710	0.537
3711	0.812
3712	0.886
3713	0.518
3714	0.820
3715	0.910
3716	0.529
3717	0.820
3718	0.898
3719	0.498
3720	0.847
3721	0.914
3722	0.514
3723	0.804
3724	0.522
3725	0.824
3726	0.827
3727	0.518
3728	0.831
3729	0.816
3730	0.514
3731	0.831
3732	0.827
3733	0.514
3734	0.827
3735	0.816
3736	0.498
3737	0.820
3738	0.855
3739	0.514
3740	0.831
3741	0.855
3742	0.498
3743	0.820
3744	0.816
3745	0.498
3746	0.827
3747	0.812
3748	0.498
3749	0.827
3750	0.804
3751	0.557
3752	0.843
3753	0.804
3754	0.584
3755	0.808
3756	0.816
3757	0.541
3758	0.831
3759	0.816
3760	0.569
3761	0.788
3762	0.820
3763	0.514
3764	0.835
3765	0.855
3766	0.514
3767	0.831
3768	0.808
3769	0.498
3770	0.859
3771	0.855
3772	0.498
3773	0.859
3774	0.812
3775	0.498
3776	0.863
3777	0.816
3778	0.498
3779	0.851
3780	0.843
3781	0.498
3782	0.847
3783	0.855
3784	0.514
3785	0.831
3786	0.820
3787	0.514
3788	0.835
3789	0.827
3790	0.514
3791	0.827
3792	0.827
3793	0.518
3794	0.831
3795	0.804
3796	0.522
3797	0.824
3798	0.800
3799	0.514
3800	0.827
3801	0.796
3802	0.514
3803	0.839
3804	0.808
3805	0.498
3806	0.859
3807	0.796
3808	0.498
3809	0.867
3810	0.788
3811	0.498
3812	0.855
3813	0.784
3814	0.498
3815	0.859
3816	0.784
3817	0.498
3818	0.867
3819	0.847
3820	0.914
3821	0.514
3822	0.839
3823	0.925
3824	0.498
3825	0.820
3826	0.898
3827	0.498
3828	0.820
3829	0.918
3830	0.498
3831	0.843
3832	0.976
3833	0.557
3834	0.831
3835	0.980
3836	0.541
3837	0.827
3838	0.984
3839	0.580
3840	0.816
3841	0.961
3842	0.569
3843	0.800
3844	0.957
3845	0.557
3846	0.804
3847	0.969
3848	0.541
3849	0.804
3850	0.984
3851	0.541
3852	0.816
3853	0.984
3854	0.541
3855	0.804
3856	0.984
3857	0.553
3858	0.812
3859	0.984
3860	0.553
3861	0.867
3862	0.780
3863	0.678
3864	0.847
3865	0.784
3866	0.671
3867	0.847
3868	0.769
3869	0.698
3870	0.847
3871	0.827
3872	0.682
3873	0.867
3874	0.816
3875	0.702
3876	0.847
3877	0.784
3878	0.671
3879	0.867
3880	0.780
3881	0.678
3882	0.847
3883	0.827
3884	0.682
3885	0.847
3886	0.784
3887	0.671
3888	0.855
3889	0.804
3890	0.659
3891	0.851
3892	0.796
3893	0.651
3894	0.855
3895	0.514
3896	0.831
3897	0.855
3898	0.498
3899	0.820
3900	0.855
3901	0.498
3902	0.859
3903	0.843
3904	0.498
3905	0.831
3906	0.843
3907	0.498
3908	0.847
3909	0.757
3910	0.620
3911	0.498
3912	0.761
3913	0.624
3914	0.498
3915	0.769
3916	0.616
3917	0.498
3918	0.780
3919	0.639
3920	0.498
3921	0.788
3922	0.631
3923	0.498
3924	0.780
3925	0.651
3926	0.498
3927	0.796
3928	0.655
3929	0.498
3930	0.796
3931	0.651
3932	0.506
3933	0.788
3934	0.631
3935	0.525
3936	0.757
3937	0.984
3938	0.498
3939	0.765
3940	0.988
3941	0.498
3942	0.788
3943	0.988
3944	0.498
3945	0.765
3946	0.498
3947	0.729
3948	0.792
3949	0.984
3950	0.573
3951	0.784
3952	0.984
3953	0.710
3954	0.796
3955	0.984
3956	0.710
3957	0.788
3958	0.984
3959	0.722
3960	0.808
3961	0.984
3962	0.722
3963	0.804
3964	0.984
3965	0.733
3966	0.788
3967	0.961
3968	0.749
3969	0.804
3970	0.969
3971	0.757
3972	0.816
3973	0.965
3974	0.761
3975	0.816
3976	0.984
3977	0.733
3978	0.808
3979	0.984
3980	0.725
3981	0.804
3982	0.498
3983	0.847
3984	0.812
3985	0.498
3986	0.847
3987	0.796
3988	0.984
3989	0.557
3990	0.808
3991	0.984
3992	0.557
3993	0.804
3994	0.984
3995	0.569
3996	0.816
3997	0.984
3998	0.561
3999	0.824
4000	0.984
4001	0.576
4002	0.820
4003	0.984
4004	0.557
4005	0.835
4006	0.984
4007	0.557
4008	0.820
4009	0.984
4010	0.553
4011	0.827
4012	0.984
4013	0.545
4014	0.843
4015	0.976
4016	0.557
4017	0.827
4018	0.984
4019	0.580
4020	0.804
4021	0.973
4022	0.580
4023	0.808
4024	0.498
4025	0.494
4026	0.820
4027	0.498
4028	0.498
4029	0.804
4030	0.498
4031	0.510
4032	0.816
4033	0.498
4034	0.510
4035	0.804
4036	0.498
4037	0.514
4038	0.820
4039	0.498
4040	0.541
4041	0.808
4042	0.498
4043	0.529
4044	0.804
4045	0.522
4046	0.498
4047	0.808
4048	0.498
4049	0.498
4050	0.816
4051	0.533
4052	0.498
4053	0.820
4054	0.518
4055	0.522
4056	0.816
4057	0.502
4058	0.522
4059	0.812
4060	0.498
4061	0.847
4062	0.843
4063	0.498
4064	0.831
4065	0.765
4066	0.157
4067	0.263
4068	0.765
4069	0.137
4070	0.239
4071	0.765
4072	0.098
4073	0.267
4074	0.773
4075	0.188
4076	0.431
4077	0.765
4078	0.161
4079	0.431
4080	0.769
4081	0.180
4082	0.412
4083	0.769
4084	0.314
4085	0.357
4086	0.773
4087	0.290
4088	0.361
4089	0.765
4090	0.325
4091	0.384
4092	0.773
4093	0.306
4094	0.400
4095	0.765
4096	0.412
4097	0.412
4098	0.769
4099	0.369
4100	0.455
4101	0.769
4102	0.373
4103	0.471
4104	0.780
4105	0.392
4106	0.153
4107	0.780
4108	0.424
4109	0.173
4110	0.765
4111	0.416
4112	0.176
4113	0.769
4114	0.239
4115	0.424
4116	0.769
4117	0.275
4118	0.439
4119	0.769
4120	0.247
4121	0.443
4122	0.769
4123	0.333
4124	0.271
4125	0.769
4126	0.306
4127	0.267
4128	0.780
4129	0.333
4130	0.251
4131	0.776
4132	0.294
4133	0.235
4134	0.780
4135	0.325
4136	0.231
4137	0.769
4138	0.373
4139	0.471
4140	0.776
4141	0.361
4142	0.490
4143	0.769
4144	0.369
4145	0.455
4146	0.776
4147	0.349
4148	0.498
4149	0.769
4150	0.333
4151	0.498
4152	0.761
4153	0.341
4154	0.498
4155	0.757
4156	0.337
4157	0.498
4158	0.757
4159	0.329
4160	0.498
4161	0.776
4162	0.392
4163	0.180
4164	0.773
4165	0.392
4166	0.220
4167	0.769
4168	0.376
4169	0.196
4170	0.765
4171	0.765
4172	0.298
4173	0.765
4174	0.741
4175	0.302
4176	0.769
4177	0.757
4178	0.325
4179	0.769
4180	0.804
4181	0.239
4182	0.765
4183	0.800
4184	0.259
4185	0.769
4186	0.773
4187	0.220
4188	0.765
4189	0.843
4190	0.106
4191	0.765
4192	0.816
4193	0.141
4194	0.765
4195	0.863
4196	0.118
4197	0.773
4198	0.643
4199	0.412
4200	0.769
4201	0.655
4202	0.443
4203	0.773
4204	0.624
4205	0.439
4206	0.769
4207	0.118
4208	0.624
4209	0.773
4210	0.141
4211	0.592
4212	0.773
4213	0.114
4214	0.588
4215	0.780
4216	0.184
4217	0.647
4218	0.769
4219	0.180
4220	0.659
4221	0.773
4222	0.173
4223	0.620
4224	0.773
4225	0.173
4226	0.620
4227	0.780
4228	0.184
4229	0.647
4230	0.769
4231	0.220
4232	0.655
4233	0.773
4234	0.290
4235	0.557
4236	0.769
4237	0.271
4238	0.565
4239	0.780
4240	0.271
4241	0.541
4242	0.769
4243	0.478
4244	0.584
4245	0.769
4246	0.498
4247	0.580
4248	0.769
4249	0.498
4250	0.600
4251	0.757
4252	0.498
4253	0.600
4254	0.757
4255	0.498
4256	0.604
4257	0.780
4258	0.086
4259	0.780
4260	0.780
4261	0.067
4262	0.765
4263	0.773
4264	0.063
4265	0.800
4266	0.776
4267	0.212
4268	0.541
4269	0.776
4270	0.231
4271	0.518
4272	0.773
4273	0.227
4274	0.553
4275	0.773
4276	0.247
4277	0.525
4278	0.773
4279	0.251
4280	0.553
4281	0.780
4282	0.271
4283	0.541
4284	0.780
4285	0.455
4286	0.710
4287	0.773
4288	0.482
4289	0.710
4290	0.776
4291	0.490
4292	0.741
4293	0.757
4294	0.498
4295	0.576
4296	0.757
4297	0.498
4298	0.580
4299	0.773
4300	0.584
4301	0.502
4302	0.776
4303	0.588
4304	0.529
4305	0.765
4306	0.569
4307	0.498
4308	0.776
4309	0.561
4310	0.533
4311	0.776
4312	0.549
4313	0.510
4314	0.776
4315	0.714
4316	0.627
4317	0.769
4318	0.686
4319	0.643
4320	0.765
4321	0.698
4322	0.655
4323	0.773
4324	0.894
4325	0.875
4326	0.769
4327	0.875
4328	0.890
4329	0.773
4330	0.914
4331	0.890
4332	0.761
4333	0.914
4334	0.890
4335	0.761
4336	0.922
4337	0.890
4338	0.761
4339	0.867
4340	0.890
4341	0.757
4342	0.875
4343	0.890
4344	0.765
4345	0.976
4346	0.498
4347	0.765
4348	0.973
4349	0.498
4350	0.769
4351	0.976
4352	0.478
4353	0.765
4354	0.984
4355	0.498
4356	0.765
4357	0.984
4358	0.486
4359	0.753
4360	0.984
4361	0.486
4362	0.753
4363	0.984
4364	0.498
4365	0.765
4366	0.961
4367	0.498
4368	0.765
4369	0.961
4370	0.498
4371	0.769
4372	0.961
4373	0.498
4374	0.765
4375	0.271
4376	0.557
4377	0.765
4378	0.275
4379	0.592
4380	0.773
4381	0.290
4382	0.573
4383	0.773
4384	0.075
4385	0.855
4386	0.780
4387	0.082
4388	0.835
4389	0.769
4390	0.063
4391	0.843
4392	0.776
4393	0.059
4394	0.847
4395	0.000
4396	0.000
4397	0.000
4398	0.000
4399	0.000
4400	0.000
4401	0.000
4402	0.000
4403	0.000
4404	0.000
4405	0.000
4406	0.000
4407	0.000
4408	0.000
4409	0.000
4410	0.000
4411	0.000
4412	0.000
4413	0.000
4414	0.000
4415	0.000
4416	0.000
4417	0.000
4418	0.000
4419	0.000
4420	0.000
4421	0.000
4422	0.000
4423	0.000
4424	0.000
4425	0.000
4426	0.000
4427	0.000
4428	0.000
4429	0.000
4430	0.000
4431	0.000
4432	0.000
4433	0.000
4434	0.000
4435	0.000
4436	0.000
4437	0.000
4438	0.000
4439	0.000
4440	0.000
4441	0.000
4442	0.000
4443	0.000
4444	0.000
4445	0.000
4446	0.000
4447	0.000
4448	0.000
4449	0.000
4450	0.000
4451	0.000
4452	0.000
4453	0.000
4454	0.000
4455	0.000
4456	0.000
4457	0.000
4458	0.000
4459	0.000
4460	0.000
4461	0.000
4462	0.000
4463	0.000
4464	0.000
4465	0.000
4466	0.000
4467	0.000
4468	0.000
4469	0.000
4470	0.000
4471	0.000
4472	0.000
4473	0.000
4474	0.000
4475	0.000
4476	0.000
4477	0.000
4478	0.000
4479	0.000
4480	0.000
4481	0.000
4482	0.000
4483	0.000
4484	0.000
4485	0.000
4486	0.000
4487	0.000
4488	0.000
4489	0.000
4490	0.000
4491	0.000
4492	0.000
4493	0.000
4494	0.000
4495	0.000
4496	0.000
4497	0.000
4498	0.000
4499	0.000
4500	0.000
4501	0.000
4502	0.000
4503	0.000
4504	0.000
4505	0.000
4506	0.000
4507	0.000
4508	0.000
4509	0.000
4510	0.000
4511	0.000
4512	0.000
4513	0.000
4514	0.000
4515	0.000
4516	0.000
4517	0.000
4518	0.000
4519	0.000
4520	0.000
4521	0.000
4522	0.000
4523	0.000
4524	0.000
4525	0.000
4526	0.000
4527	0.000
4528	0.000
4529	0.000
4530	0.000
4531	0.000
4532	0.000
4533	0.000
4534	0.000
4535	0.000
4536	0.000
4537	0.000
4538	0.000
4539	0.000
4540	0.000
4541	0.000
4542	0.000
4543	0.000
4544	0.000
4545	0.000
4546	0.000
4547	0.000
4548	0.000
4549	0.000
4550	0.000
4551	0.000
4552	0.000
4553	0.000
4554	0.000
4555	0.000
4556	0.000
4557	0.000
4558	0.000
4559	0.000
4560	0.000
4561	0.000
4562	0.000
4563	0.000
4564	0.000
4565	0.000
4566	0.000
4567	0.000
4568	0.000
4569	0.000
4570	0.000
4571	0.000
4572	0.000
4573	0.000
4574	0.000
4575	0.000
4576	0.000
4577	0.000
4578	0.000
4579	0.000
4580	0.000
4581	0.000
4582	0.000
4583	0.000
4584	0.000
4585	0.000
4586	0.000
4587	0.000
4588	0.000
4589	0.000
4590	0.000
4591	0.000
4592	0.000
4593	0.000
4594	0.000
4595	0.000
4596	0.000
4597	0.000
4598	0.000
4599	0.000
4600	0.000
4601	0.000
4602	0.000
4603	0.000
4604	0.000
4605	0.000
4606	0.000
4607	0.000
4608	0.000
4609	0.000
4610	0.000
4611	0.000
4612	0.000
4613	0.000
4614	0.000
4615	0.000
4616	0.000
4617	0.000
4618	0.000
4619	0.000
4620	0.000
4621	0.000
4622	0.000
4623	0.000
4624	0.000
4625	0.000
4626	0.000
4627	0.000
4628	0.000
4629	0.000
4630	0.000
4631	0.000
4632	0.000
4633	0.000
4634	0.000
4635	0.000
4636	0.000
4637	0.000
4638	0.000
4639	0.000
4640	0.000
4641	0.000
4642	0.000
4643	0.000
4644	0.000
4645	0.000
4646	0.000
4647	0.000
4648	0.000
4649	0.000
4650	0.000
4651	0.000
4652	0.000
4653	0.000
4654	0.000
4655	0.000
4656	0.000
4657	0.000
4658	0.000
4659	0.000
4660	0.000
4661	0.000
4662	0.000
4663	0.000
4664	0.000
4665	0.000
4666	0.000
4667	0.000
4668	0.000
4669	0.000
4670	0.000
4671	0.000
4672	0.000
4673	0.000
4674	0.000
4675	0.000
4676	0.000
4677	0.000
4678	0.000
4679	0.000
4680	0.000
4681	0.000
4682	0.000
4683	0.000
4684	0.000
4685	0.000
4686	0.000
4687	0.000
4688	0.000
4689	0.000
4690	0.000
4691	0.000
4692	0.000
4693	0.000
4694	0.000
4695	0.000
4696	0.000
4697	0.000
4698	0.000
4699	0.000
4700	0.000
4701	0.000
4702	0.000
4703	0.000
4704	0.000
4705	0.000
4706	0.000
4707	0.000
4708	0.000
4709	0.000
4710	0.000
4711	0.000
4712	0.000
4713	0.000
4714	0.000
4715	0.000
4716	0.000
4717	0.000
4718	0.000
4719	0.000
4720	0.000
4721	0.000
4722	0.000
4723	0.000
4724	0.000
4725	0.000
4726	0.000
4727	0.000
4728	0.000
4729	0.000
4730	0.000
4731	0.000
4732	0.000
4733	0.000
4734	0.000
4735	0.000
4736	0.000
4737	0.000
4738	0.000
4739	0.000
4740	0.000
4741	0.000
4742	0.000
4743	0.000
4744	0.000
4745	0.000
4746	0.000
4747	0.000
4748	0.000
4749	0.000
4750	0.000
4751	0.000
4752	0.000
4753	0.000
4754	0.000
4755	0.000
4756	0.000
4757	0.000
4758	0.000
4759	0.000
4760	0.000
4761	0.000
4762	0.000
4763	0.000
4764	0.000
4765	0.000
4766	0.000
4767	0.000
4768	0.000
4769	0.000
4770	0.000
4771	0.000
4772	0.000
4773	0.000
4774	0.000
4775	0.000
4776	0.000
4777	0.000
4778	0.000
4779	0.000
4780	0.000
4781	0.000
4782	0.000
4783	0.000
4784	0.000
4785	0.000
4786	0.000
4787	0.000
4788	0.000
4789	0.000
4790	0.000
4791	0.000
4792	0.000
4793	0.000
4794	0.000
4795	0.000
4796	0.000
4797	0.000
4798	0.000
4799	0.000
4800	0.000
4801	0.000
4802	0.000
4803	0.000
4804	0.000
4805	0.000
4806	0.000
4807	0.000
4808	0.000
4809	0.000
4810	0.000
4811	0.000
4812	0.000
4813	0.000
4814	0.000
4815	0.000
4816	0.000
4817	0.000
4818	0.000
4819	0.000
4820	0.000
4821	0.000
4822	0.000
4823	0.000
4824	0.000
4825	0.000
4826	0.000
4827	0.000
4828	0.000
4829	0.000
4830	0.000
4831	0.000
4832	0.000
4833	0.000
4834	0.000
4835	0.000
4836	0.000
4837	0.000
4838	0.000
4839	0.000
4840	0.000
4841	0.000
4842	0.000
4843	0.000
4844	0.000
4845	0.000
4846	0.000
4847	0.000
4848	0.000
4849	0.000
4850	0.000
4851	0.000
4852	0.000
4853	0.000
4854	0.000
4855	0.000
4856	0.000
4857	0.000
4858	0.000
4859	0.000
4860	0.000
4861	0.000
4862	0.000
4863	0.000
4864	0.000
4865	0.000
4866	0.000
4867	0.000
4868	0.000
4869	0.000
4870	0.000
4871	0.000
4872	0.000
4873	0.000
4874	0.000
4875	0.000
4876	0.000
4877	0.000
4878	0.000
4879	0.000
4880	0.000
4881	0.000
4882	0.000
4883	0.000
4884	0.000
4885	0.000
4886	0.000
4887	0.000
4888	0.000
4889	0.000
4890	0.000
4891	0.000
4892	0.000
4893	0.000
4894	0.000
4895	0.000
4896	0.000
4897	0.000
4898	0.000
4899	0.000
4900	0.000
4901	0.000
4902	0.000
4903	0.000
4904	0.000
4905	0.000
4906	0.000
4907	0.000
4908	0.000
4909	0.000
4910	0.000
4911	0.000
4912	0.000
4913	0.000
4914	0.000
4915	0.000
4916	0.000
4917	0.000
4918	0.000
4919	0.000
4920	0.000
4921	0.000
4922	0.000
4923	0.000
4924	0.000
4925	0.000
4926	0.000
4927	0.000
4928	0.000
4929	0.000
4930	0.000
4931	0.000
4932	0.000
4933	0.000
4934	0.000
4935	0.000
4936	0.000
4937	0.000
4938	0.000
4939	0.000
4940	0.000
4941	0.000
4942	0.000
4943	0.000
4944	0.000
4945	0.000
4946	0.000
4947	0.000
4948	0.000
4949	0.000
4950	0.000
4951	0.000
4952	0.000
4953	0.000
4954	0.000
4955	0.000
4956	0.000
4957	0.000
4958	0.000
4959	0.000
4960	0.000
4961	0.000
4962	0.000
4963	0.000
4964	0.000
4965	0.000
4966	0.000
4967	0.000
4968	0.000
4969	0.000
4970	0.000
4971	0.000
4972	0.000
4973	0.000
4974	0.000
4975	0.000
4976	0.000
4977	0.000
4978	0.000
4979	0.000
4980	0.000
4981	0.000
4982	0.000
4983	0.000
4984	0.000
4985	0.000
4986	0.000
4987	0.000
4988	0.000
4989	0.000
4990	0.000
4991	0.000
4992	0.000
4993	0.000
4994	0.000
4995	0.000
4996	0.000
4997	0.000
4998	0.000
4999	0.000
5000	0.000
5001	0.000
5002	0.000
5003	0.000
5004	0.000
5005	0.000
5006	0.000
5007	0.000
5008	0.000
5009	0.000
5010	0.000
5011	0.000
5012	0.000
5013	0.000
5014	0.000
5015	0.000
5016	0.000
5017	0.000
5018	0.000
5019	0.000
5020	0.000
5021	0.000
5022	0.000
5023	0.000
5024	0.000
5025	0.000
5026	0.000
5027	0.000
5028	0.000
5029	0.000
5030	0.000
5031	0.000
5032	0.000
5033	0.000
5034	0.000
5035	0.000
5036	0.000
5037	0.000
5038	0.000
5039	0.000
5040	0.000
5041	0.000
5042	0.000
5043	0.000
5044	0.000
5045	0.000
5046	0.000
5047	0.000
5048	0.000
5049	0.000
5050	0.000
5051	0.000
5052	0.000
5053	0.000
5054	0.000
5055	0.000
5056	0.000
5057	0.000
5058	0.000
5059	0.000
5060	0.000
5061	0.000
5062	0.000
5063	0.000
5064	0.000
5065	0.000
5066	0.000
5067	0.000
5068	0.000
5069	0.000
5070	0.000
5071	0.000
5072	0.000
5073	0.000
5074	0.000
5075	0.000
5076	0.000
5077	0.000
5078	0.000
5079	0.000
5080	0.000
5081	0.000
5082	0.000
5083	0.000
5084	0.000
5085	0.000
5086	0.000
5087	0.000
5088	0.000
5089	0.000
5090	0.000
5091	0.000
5092	0.000
5093	0.000
5094	0.000
5095	0.000
5096	0.000
5097	0.000
5098	0.000
5099	0.000
5100	0.000
5101	0.000
5102	0.000
5103	0.000
5104	0.000
5105	0.000
5106	0.000
5107	0.000
5108	0.000
5109	0.000
5110	0.000
5111	0.000
5112	0.000
5113	0.000
5114	0.000
5115	0.000
5116	0.000
5117	0.000
5118	0.000
5119	0.000
5120	0.000
5121	0.000
5122	0.000
5123	0.000
5124	0.000
5125	0.000
5126	0.000
5127	0.000
5128	0.000
5129	0.000
5130	0.000
5131	0.000
5132	0.000
5133	0.000
5134	0.000
5135	0.000
5136	0.000
5137	0.000
5138	0.000
5139	0.000
5140	0.000
5141	0.000
5142	0.000
5143	0.000
5144	0.000
5145	0.000
5146	0.000
5147	0.000
5148	0.000
5149	0.000
5150	0.000
5151	0.000
5152	0.000
5153	0.000
5154	0.000
5155	0.000
5156	0.000
5157	0.000
5158	0.000
5159	0.000
5160	0.000
5161	0.000
5162	0.000
5163	0.000
5164	0.000
5165	0.000
5166	0.000
5167	0.000
5168	0.000
5169	0.000
5170	0.000
5171	0.000
5172	0.000
5173	0.000
5174	0.000
5175	0.000
5176	0.000
5177	0.000
5178	0.000
5179	0.000
5180	0.000
5181	0.000
5182	0.000
5183	0.000
5184	0.000
5185	0.000
5186	0.000
5187	0.000
5188	0.000
5189	0.000
5190	0.000
5191	0.000
5192	0.000
5193	0.000
5194	0.000
5195	0.000
5196	0.000
5197	0.000
5198	0.000
5199	0.000
5200	0.000
5201	0.000
5202	0.000
5203	0.000
5204	0.000
5205	0.000
5206	0.000
5207	0.000
5208	0.000
5209	0.000
5210	0.000
5211	0.000
5212	0.000
5213	0.000
5214	0.000
5215	0.000
5216	0.000
5217	0.000
5218	0.000
5219	0.000
5220	0.000
5221	0.000
5222	0.000
5223	0.000
5224	0.000
5225	0.000
5226	0.000
5227	0.000
5228	0.000
5229	0.000
5230	0.000
5231	0.000
5232	0.000
5233	0.000
5234	0.000
5235	0.000
5236	0.000
5237	0.000
5238	0.000
5239	0.000
5240	0.000
5241	0.000
5242	0.000
5243	0.000
5244	0.000
5245	0.000
5246	0.000
5247	0.000
5248	0.000
5249	0.000
5250	0.000
5251	0.000
5252	0.000
5253	0.000
5254	0.000
5255	0.000
5256	0.000
5257	0.000
5258	0.000
5259	0.000
5260	0.000
5261	0.000
5262	0.000
5263	0.000
5264	0.000
5265	0.000
5266	0.000
5267	0.000
5268	0.000
5269	0.000
5270	0.000
5271	0.000
5272	0.000
5273	0.000
5274	0.000
5275	0.000
5276	0.000
5277	0.000
5278	0.000
5279	0.000
5280	0.000
5281	0.000
5282	0.000
5283	0.000
5284	0.000
5285	0.000
5286	0.000
5287	0.000
5288	0.000
5289	0.000
5290	0.000
5291	0.000
5292	0.000
5293	0.000
5294	0.000
5295	0.000
5296	0.000
5297	0.000
5298	0.000
5299	0.000
5300	0.000
5301	0.000
5302	0.000
5303	0.000
5304	0.000
5305	0.000
5306	0.000
5307	0.000
5308	0.000
5309	0.000
5310	0.000
5311	0.000
5312	0.000
5313	0.000
5314	0.000
5315	0.000
5316	0.000
5317	0.000
5318	0.000
5319	0.000
5320	0.000
5321	0.000
5322	0.000
5323	0.000
5324	0.000
5325	0.000
5326	0.000
5327	0.000
5328	0.000
5329	0.000
5330	0.000
5331	0.000
5332	0.000
5333	0.000
5334	0.000
5335	0.000
5336	0.000
5337	0.000
5338	0.000
5339	0.000
5340	0.000
5341	0.000
5342	0.000
5343	0.000
5344	0.000
5345	0.000
5346	0.000
5347	0.000
5348	0.000
5349	0.000
5350	0.000
5351	0.000
5352	0.000
5353	0.000
5354	0.000
5355	0.000
5356	0.000
5357	0.000
5358	0.000
5359	0.000
5360	0.000
5361	0.000
5362	0.000
5363	0.000
5364	0.000
5365	0.000
5366	0.000
5367	0.000
5368	0.000
5369	0.000
5370	0.000
5371	0.000
5372	0.000
5373	0.000
5374	0.000
5375	0.000
5376	0.000
5377	0.000
5378	0.000
5379	0.000
5380	0.000
5381	0.000
5382	0.000
5383	0.000
5384	0.000
5385	0.000
5386	0.000
5387	0.000
5388	0.000
5389	0.000
5390	0.000
5391	0.000
5392	0.000
5393	0.000
5394	0.000
5395	0.000
5396	0.000
5397	0.000
5398	0.000
5399	0.000
5400	0.000
5401	0.000
5402	0.000
5403	0.000
5404	0.000
5405	0.000
5406	0.000
5407	0.000
5408	0.000
5409	0.000
5410	0.000
5411	0.000
5412	0.000
5413	0.000
5414	0.000
5415	0.000
5416	0.000
5417	0.000
5418	0.000
5419	0.000
5420	0.000
5421	0.000
5422	0.000
5423	0.000
5424	0.000
5425	0.000
5426	0.000
5427	0.000
5428	0.000
5429	0.000
5430	0.000
5431	0.000
5432	0.000
5433	0.000
5434	0.000
5435	0.000
5436	0.000
5437	0.000
5438	0.000
5439	0.000
5440	0.000
5441	0.000
5442	0.000
5443	0.000
5444	0.000
5445	0.000
5446	0.000
5447	0.000
5448	0.000
5449	0.000
5450	0.000
5451	0.000
5452	0.000
5453	0.000
5454	0.000
5455	0.000
5456	0.000
5457	0.000
5458	0.000
5459	0.000
5460	0.000
5461	0.000
5462	0.000
5463	0.000
5464	0.000
5465	0.000
5466	0.000
5467	0.000
5468	0.000
5469	0.000
5470	0.000
5471	0.000
5472	0.000
5473	0.000
5474	0.000
5475	0.000
5476	0.000
5477	0.000
5478	0.000
5479	0.000
5480	0.000
5481	0.000
5482	0.000
5483	0.000
5484	0.000
5485	0.000
5486	0.000
5487	0.000
5488	0.000
5489	0.000
5490	0.000
5491	0.000
5492	0.000
5493	0.000
5494	0.000
5495	0.000
5496	0.000
5497	0.000
5498	0.000
5499	0.000
5500	0.000
5501	0.000
5502	0.000
5503	0.000
5504	0.000
5505	0.000
5506	0.000
5507	0.000
5508	0.000
5509	0.000
5510	0.000
5511	0.000
5512	0.000
5513	0.000
5514	0.000
5515	0.000
5516	0.000
5517	0.000
5518	0.000
5519	0.000
5520	0.000
5521	0.000
5522	0.000
5523	0.000
5524	0.000
5525	0.000
5526	0.000
5527	0.000
5528	0.000
5529	0.000
5530	0.000
5531	0.000
5532	0.000
5533	0.000
5534	0.000
5535	0.000
5536	0.000
5537	0.000
5538	0.000
5539	0.000
5540	0.000
5541	0.000
5542	0.000
5543	0.000
5544	0.000
5545	0.000
5546	0.000
5547	0.000
5548	0.000
5549	0.000
5550	0.000
5551	0.000
5552	0.000
5553	0.000
5554	0.000
5555	0.000
5556	0.000
5557	0.000
5558	0.000
5559	0.000
5560	0.000
5561	0.000
5562	0.000
5563	0.000
5564	0.000
5565	0.000
5566	0.000
5567	0.000
5568	0.000
5569	0.000
5570	0.000
5571	0.000
5572	0.000
5573	0.000
5574	0.000
5575	0.000
5576	0.000
5577	0.000
5578	0.000
5579	0.000
5580	0.000
5581	0.000
5582	0.000
5583	0.000
5584	0.000
5585	0.000
5586	0.000
5587	0.000
5588	0.000
5589	0.000
5590	0.000
5591	0.000
5592	0.000
5593	0.000
5594	0.000
5595	0.000
5596	0.000
5597	0.000
5598	0.000
5599	0.000
5600	0.000
5601	0.000
5602	0.000
5603	0.000
5604	0.000
5605	0.000
5606	0.000
5607	0.000
5608	0.000
5609	0.000
5610	0.000
5611	0.000
5612	0.000
5613	0.000
5614	0.000
5615	0.000
5616	0.000
5617	0.000
5618	0.000
5619	0.000
5620	0.000
5621	0.000
5622	0.000
5623	0.000
5624	0.000
5625	0.000
5626	0.000
5627	0.000
5628	0.000
5629	0.000
5630	0.000
5631	0.000
5632	0.000
5633	0.000
5634	0.000
5635	0.000
5636	0.000
5637	0.000
5638	0.000
5639	0.000
5640	0.000
5641	0.000
5642	0.000
5643	0.000
5644	0.000
5645	0.000
5646	0.000
5647	0.000
5648	0.000
5649	0.000
5650	0.000
5651	0.000
5652	0.000
5653	0.000
5654	0.000
5655	0.000
5656	0.000
5657	0.000
5658	0.000
5659	0.000
5660	0.000
5661	0.000
5662	0.000
5663	0.000
5664	0.000
5665	0.000
5666	0.000
5667	0.000
5668	0.000
5669	0.000
5670	0.000
5671	0.000
5672	0.000
5673	0.000
5674	0.000
5675	0.000
5676	0.000
5677	0.000
5678	0.000
5679	0.000
5680	0.000
5681	0.000
5682	0.000
5683	0.000
5684	0.000
5685	0.000
5686	0.000
5687	0.000
5688	0.000
5689	0.000
5690	0.000
5691	0.000
5692	0.000
5693	0.000
5694	0.000
5695	0.000
5696	0.000
5697	0.000
5698	0.000
5699	0.000
5700	0.000
5701	0.000
5702	0.000
5703	0.000
5704	0.000
5705	0.000
5706	0.000
5707	0.000
5708	0.000
5709	0.000
5710	0.000
5711	0.000
5712	0.000
5713	0.000
5714	0.000
5715	0.000
5716	0.000
5717	0.000
5718	0.000
5719	0.000
5720	0.000
5721	0.000
5722	0.000
5723	0.000
5724	0.000
5725	0.000
5726	0.000
5727	0.000
5728	0.000
5729	0.000
5730	0.000
5731	0.000
5732	0.000
5733	0.000
5734	0.000
5735	0.000
5736	0.000
5737	0.000
5738	0.000
5739	0.000
5740	0.000
5741	0.000
5742	0.000
5743	0.000
5744	0.000
5745	0.000
5746	0.000
5747	0.000
5748	0.000
5749	0.000
5750	0.000
5751	0.000
5752	0.000
5753	0.000
5754	0.000
5755	0.000
5756	0.000
5757	0.000
5758	0.000
5759	0.000
5760	0.000
5761	0.000
5762	0.000
5763	0.000
5764	0.000
5765	0.000
5766	0.000
5767	0.000
5768	0.000
5769	0.000
5770	0.000
5771	0.000
5772	0.000
5773	0.000
5774	0.000
5775	0.000
5776	0.000
5777	0.000
5778	0.000
5779	0.000
5780	0.000
5781	0.000
5782	0.000
5783	0.000
5784	0.000
5785	0.000
5786	0.000
5787	0.000
5788	0.000
5789	0.000
5790	0.000
5791	0.000
5792	0.000
5793	0.000
5794	0.000
5795	0.000
5796	0.000
5797	0.000
5798	0.000
5799	0.000
5800	0.000
5801	0.000
5802	0.000
5803	0.000
5804	0.000
5805	0.000
5806	0.000
5807	0.000
5808	0.000
5809	0.000
5810	0.000
5811	0.000
5812	0.000
5813	0.000
5814	0.000
5815	0.000
5816	0.000
5817	0.000
5818	0.000
5819	0.000
5820	0.000
5821	0.000
5822	0.000
5823	0.000
5824	0.000
5825	0.000
5826	0.000
5827	0.000
5828	0.000
5829	0.000
5830	0.000
5831	0.000
5832	0.000
5833	0.000
5834	0.000
5835	0.000
5836	0.000
5837	0.000
5838	0.000
5839	0.000
5840	0.000
5841	0.000
5842	0.000
5843	0.000
5844	0.000
5845	0.000
5846	0.000
5847	0.000
5848	0.000
5849	0.000
5850	0.000
5851	0.000
5852	0.000
5853	0.000
5854	0.000
5855	0.000
5856	0.000
5857	0.000
5858	0.000
5859	0.000
5860	0.818
5861	0.662
5862	0.791
5863	0.693
5864	0.799
5865	0.662
5866	0.490
5867	0.807
5868	0.475
5869	0.846
5870	0.518
5871	0.807
5872	0.643
5873	0.580
5874	0.635
5875	0.604
5876	0.623
5877	0.580
5878	0.256
5879	0.697
5880	0.232
5881	0.709
5882	0.240
5883	0.686
5884	0.221
5885	0.701
5886	0.229
5887	0.686
5888	0.229
5889	0.686
5890	0.576
5891	0.615
5892	0.596
5893	0.615
5894	0.576
5895	0.639
5896	0.604
5897	0.631
5898	0.150
5899	0.588
5900	0.135
5901	0.611
5902	0.127
5903	0.588
5904	0.545
5905	0.928
5906	0.518
5907	0.912
5908	0.521
5909	0.943
5910	0.494
5911	0.912
5912	0.365
5913	0.689
5914	0.369
5915	0.725
5916	0.389
5917	0.689
5918	0.486
5919	0.623
5920	0.459
5921	0.650
5922	0.463
5923	0.623
5924	0.357
5925	0.623
5926	0.354
5927	0.650
5928	0.381
5929	0.623
5930	0.896
5931	0.639
5932	0.869
5933	0.666
5934	0.873
5935	0.639
5936	0.002
5937	0.604
5938	0.025
5939	0.611
5940	0.006
5941	0.588
5942	0.018
5943	0.588
5944	0.002
5945	0.791
5946	0.014
5947	0.779
5948	0.025
5949	0.807
5950	0.025
5951	0.779
5952	0.045
5953	0.791
5954	0.025
5955	0.779
5956	0.025
5957	0.779
5958	0.186
5959	0.717
5960	0.213
5961	0.729
5962	0.197
5963	0.693
5964	0.217
5965	0.693
5966	0.939
5967	0.732
5968	0.908
5969	0.732
5970	0.916
5971	0.771
5972	0.697
5973	0.865
5974	0.670
5975	0.818
5976	0.701
5977	0.818
5978	0.217
5979	0.600
5980	0.232
5981	0.627
5982	0.236
5983	0.600
5984	0.377
5985	0.580
5986	0.396
5987	0.580
5988	0.381
5989	0.604
5990	0.998
5991	0.951
5992	0.975
5993	0.916
5994	0.947
5995	0.916
5996	0.998
5997	0.705
5998	0.967
5999	0.674
6000	0.990
6001	0.674
6002	0.963
6003	0.682
6004	0.963
6005	0.650
6006	0.939
6007	0.650
6008	0.037
6009	0.631
6010	0.033
6011	0.604
6012	0.057
6013	0.604
6014	0.307
6015	0.604
6016	0.314
6017	0.580
6018	0.291
6019	0.580
6020	0.920
6021	0.635
6022	0.904
6023	0.607
6024	0.924
6025	0.607
6026	0.162
6027	0.643
6028	0.139
6029	0.643
6030	0.146
6031	0.674
6032	0.662
6033	0.998
6034	0.666
6035	0.975
6036	0.686
6037	0.975
6038	0.658
6039	0.943
6040	0.229
6041	0.799
6042	0.232
6043	0.834
6044	0.213
6045	0.799
6046	0.217
6047	0.846
6048	0.529
6049	0.752
6050	0.545
6051	0.744
6052	0.533
6053	0.713
6054	0.553
6055	0.740
6056	0.541
6057	0.713
6058	0.541
6059	0.713
6060	0.541
6061	0.713
6062	0.572
6063	0.588
6064	0.596
6065	0.588
6066	0.584
6067	0.611
6068	0.869
6069	0.947
6070	0.873
6071	0.896
6072	0.842
6073	0.947
6074	0.846
6075	0.896
6076	0.842
6077	0.947
6078	0.846
6079	0.896
6080	0.846
6081	0.896
6082	0.873
6083	0.951
6084	0.877
6085	0.979
6086	0.857
6087	0.951
6088	0.842
6089	0.982
6090	0.826
6091	0.955
6092	0.830
6093	0.998
6094	0.893
6095	0.592
6096	0.881
6097	0.615
6098	0.869
6099	0.592
6100	0.404
6101	0.604
6102	0.420
6103	0.580
6104	0.400
6105	0.580
6106	0.947
6107	0.998
6108	0.943
6109	0.971
6110	0.975
6111	0.982
6112	0.959
6113	0.959
6114	0.939
6115	0.951
6116	0.924
6117	0.951
6118	0.896
6119	0.584
6120	0.916
6121	0.584
6122	0.908
6123	0.604
6124	0.354
6125	0.814
6126	0.357
6127	0.854
6128	0.377
6129	0.814
6130	0.385
6131	0.861
6132	0.420
6133	0.635
6134	0.436
6135	0.607
6136	0.412
6137	0.607
6138	0.713
6139	0.896
6140	0.732
6141	0.924
6142	0.717
6143	0.924
6144	0.729
6145	0.947
6146	0.689
6147	0.936
6148	0.701
6149	0.900
6150	0.732
6151	0.764
6152	0.740
6153	0.740
6154	0.768
6155	0.779
6156	0.764
6157	0.740
6158	0.600
6159	0.580
6160	0.619
6161	0.580
6162	0.607
6163	0.604
6164	0.955
6165	0.619
6166	0.928
6167	0.619
6168	0.951
6169	0.646
6170	0.932
6171	0.975
6172	0.912
6173	0.998
6174	0.912
6175	0.951
6176	0.885
6177	0.979
6178	0.896
6179	0.951
6180	0.162
6181	0.705
6182	0.150
6183	0.740
6184	0.182
6185	0.705
6186	0.490
6187	0.881
6188	0.510
6189	0.900
6190	0.498
6191	0.900
6192	0.486
6193	0.908
6194	0.475
6195	0.893
6196	0.541
6197	0.658
6198	0.529
6199	0.658
6200	0.521
6201	0.682
6202	0.518
6203	0.650
6204	0.568
6205	0.943
6206	0.572
6207	0.920
6208	0.588
6209	0.947
6210	0.588
6211	0.916
6212	0.615
6213	0.924
6214	0.604
6215	0.967
6216	0.568
6217	0.947
6218	0.881
6219	0.998
6220	0.057
6221	0.795
6222	0.088
6223	0.795
6224	0.057
6225	0.838
6226	0.100
6227	0.838
6228	0.443
6229	0.580
6230	0.432
6231	0.604
6232	0.424
6233	0.580
6234	0.947
6235	0.592
6236	0.924
6237	0.592
6238	0.936
6239	0.615
6240	0.033
6241	0.662
6242	0.002
6243	0.670
6244	0.025
6245	0.646
6246	0.006
6247	0.646
6248	0.764
6249	0.615
6250	0.783
6251	0.615
6252	0.760
6253	0.643
6254	0.482
6255	0.689
6256	0.455
6257	0.693
6258	0.475
6259	0.709
6260	0.463
6261	0.713
6262	0.475
6263	0.709
6264	0.197
6265	0.998
6266	0.197
6267	0.963
6268	0.158
6269	0.998
6270	0.166
6271	0.959
6272	0.143
6273	0.959
6274	0.877
6275	0.748
6276	0.877
6277	0.791
6278	0.854
6279	0.748
6280	0.854
6281	0.791
6282	0.369
6283	0.865
6284	0.400
6285	0.865
6286	0.354
6287	0.908
6288	0.400
6289	0.912
6290	0.654
6291	0.986
6292	0.627
6293	0.998
6294	0.646
6295	0.943
6296	0.627
6297	0.943
6298	0.447
6299	0.693
6300	0.463
6301	0.713
6302	0.416
6303	0.787
6304	0.396
6305	0.822
6306	0.396
6307	0.787
6308	0.373
6309	0.799
6310	0.744
6311	0.865
6312	0.764
6313	0.842
6314	0.756
6315	0.818
6316	0.764
6317	0.818
6318	0.771
6319	0.818
6320	0.771
6321	0.818
6322	0.771
6323	0.818
6324	0.689
6325	0.771
6326	0.697
6327	0.814
6328	0.682
6329	0.771
6330	0.666
6331	0.814
6332	0.670
6333	0.771
6334	0.670
6335	0.771
6336	0.666
6337	0.814
6338	0.666
6339	0.814
6340	0.518
6341	0.771
6342	0.549
6343	0.775
6344	0.514
6345	0.799
6346	0.533
6347	0.799
6348	0.545
6349	0.814
6350	0.486
6351	0.697
6352	0.490
6353	0.666
6354	0.514
6355	0.666
6356	0.490
6357	0.666
6358	0.514
6359	0.666
6360	0.275
6361	0.693
6362	0.295
6363	0.701
6364	0.291
6365	0.701
6366	0.271
6367	0.713
6368	0.260
6369	0.705
6370	0.264
6371	0.717
6372	0.264
6373	0.717
6374	0.002
6375	0.811
6376	0.010
6377	0.857
6378	0.021
6379	0.811
6380	0.053
6381	0.807
6382	0.045
6383	0.854
6384	0.033
6385	0.807
6386	0.002
6387	0.994
6388	0.037
6389	0.998
6390	0.010
6391	0.959
6392	0.045
6393	0.943
6394	0.037
6395	0.943
6396	0.037
6397	0.943
6398	0.010
6399	0.959
6400	0.010
6401	0.959
6402	0.736
6403	0.736
6404	0.752
6405	0.729
6406	0.725
6407	0.717
6408	0.744
6409	0.701
6410	0.732
6411	0.705
6412	0.744
6413	0.701
6414	0.744
6415	0.701
6416	0.049
6417	0.982
6418	0.053
6419	0.986
6420	0.072
6421	0.955
6422	0.092
6423	0.943
6424	0.084
6425	0.943
6426	0.092
6427	0.943
6428	0.053
6429	0.998
6430	0.053
6431	0.986
6432	0.053
6433	0.986
6434	0.053
6435	0.986
6436	0.838
6437	0.947
6438	0.838
6439	0.947
6440	0.838
6441	0.947
6442	0.838
6443	0.896
6444	0.838
6445	0.896
6446	0.807
6447	0.896
6448	0.799
6449	0.947
6450	0.799
6451	0.947
6452	0.799
6453	0.947
6454	0.807
6455	0.896
6456	0.764
6457	0.842
6458	0.764
6459	0.842
6460	0.982
6461	0.611
6462	0.982
6463	0.611
6464	0.982
6465	0.611
6466	0.982
6467	0.611
6468	0.998
6469	0.615
6470	0.998
6471	0.615
6472	0.998
6473	0.615
6474	0.994
6475	0.639
6476	0.998
6477	0.615
6478	0.975
6479	0.611
6480	0.975
6481	0.611
6482	0.295
6483	0.701
6484	0.271
6485	0.713
6486	0.271
6487	0.713
6488	0.732
6489	0.705
6490	0.725
6491	0.709
6492	0.725
6493	0.709
6494	0.725
6495	0.709
6496	0.725
6497	0.709
6498	0.721
6499	0.709
6500	0.721
6501	0.709
6502	0.209
6503	0.596
6504	0.189
6505	0.596
6506	0.193
6507	0.623
6508	0.041
6509	0.744
6510	0.029
6511	0.775
6512	0.025
6513	0.744
6514	0.002
6515	0.764
6516	0.623
6517	0.752
6518	0.627
6519	0.713
6520	0.639
6521	0.744
6522	0.643
6523	0.713
6524	0.869
6525	0.861
6526	0.885
6527	0.889
6528	0.893
6529	0.857
6530	0.904
6531	0.869
6532	0.904
6533	0.861
6534	0.908
6535	0.861
6536	0.908
6537	0.861
6538	0.908
6539	0.861
6540	0.904
6541	0.869
6542	0.908
6543	0.885
6544	0.916
6545	0.896
6546	0.916
6547	0.896
6548	0.045
6549	0.752
6550	0.061
6551	0.725
6552	0.064
6553	0.764
6554	0.076
6555	0.725
6556	0.463
6557	0.752
6558	0.475
6559	0.717
6560	0.479
6561	0.756
6562	0.490
6563	0.717
6564	0.713
6565	0.631
6566	0.721
6567	0.604
6568	0.732
6569	0.604
6570	0.291
6571	0.611
6572	0.275
6573	0.611
6574	0.295
6575	0.627
6576	0.268
6577	0.635
6578	0.510
6579	0.635
6580	0.486
6581	0.635
6582	0.514
6583	0.662
6584	0.486
6585	0.662
6586	0.439
6587	0.604
6588	0.447
6589	0.631
6590	0.459
6591	0.604
6592	0.158
6593	0.631
6594	0.146
6595	0.615
6596	0.135
6597	0.639
6598	0.131
6599	0.615
6600	0.135
6601	0.639
6602	0.131
6603	0.615
6604	0.131
6605	0.615
6606	0.119
6607	0.744
6608	0.084
6609	0.783
6610	0.088
6611	0.744
6612	0.885
6613	0.682
6614	0.885
6615	0.717
6616	0.908
6617	0.682
6618	0.400
6619	0.670
6620	0.404
6621	0.639
6622	0.424
6623	0.662
6624	0.424
6625	0.639
6626	0.908
6627	0.654
6628	0.900
6629	0.678
6630	0.893
6631	0.654
6632	0.877
6633	0.674
6634	0.670
6635	0.697
6636	0.682
6637	0.721
6638	0.646
6639	0.697
6640	0.646
6641	0.725
6642	0.189
6643	0.904
6644	0.186
6645	0.924
6646	0.170
6647	0.924
6648	0.170
6649	0.939
6650	0.146
6651	0.947
6652	0.139
6653	0.943
6654	0.338
6655	0.783
6656	0.307
6657	0.779
6658	0.322
6659	0.748
6660	0.299
6661	0.748
6662	0.170
6663	0.748
6664	0.178
6665	0.768
6666	0.158
6667	0.760
6668	0.158
6669	0.783
6670	0.166
6671	0.791
6672	0.182
6673	0.768
6674	0.182
6675	0.768
6676	0.166
6677	0.791
6678	0.650
6679	0.639
6680	0.650
6681	0.662
6682	0.635
6683	0.639
6684	0.631
6685	0.670
6686	0.311
6687	0.787
6688	0.326
6689	0.787
6690	0.346
6691	0.818
6692	0.354
6693	0.799
6694	0.545
6695	0.920
6696	0.561
6697	0.912
6698	0.568
6699	0.873
6700	0.592
6701	0.900
6702	0.584
6703	0.873
6704	0.213
6705	0.912
6706	0.178
6707	0.885
6708	0.225
6709	0.889
6710	0.178
6711	0.869
6712	0.205
6713	0.869
6714	0.357
6715	0.807
6716	0.385
6717	0.764
6718	0.357
6719	0.764
6720	0.619
6721	0.725
6722	0.592
6723	0.689
6724	0.607
6725	0.689
6726	0.240
6727	0.928
6728	0.209
6729	0.963
6730	0.221
6731	0.928
6732	0.193
6733	0.936
6734	0.197
6735	0.912
6736	0.686
6737	0.756
6738	0.725
6739	0.756
6740	0.701
6741	0.729
6742	0.725
6743	0.729
6744	0.029
6745	0.939
6746	0.033
6747	0.889
6748	0.002
6749	0.936
6750	0.021
6751	0.889
6752	0.037
6753	0.775
6754	0.068
6755	0.791
6756	0.064
6757	0.768
6758	0.080
6759	0.768
6760	0.354
6761	0.686
6762	0.346
6763	0.662
6764	0.326
6765	0.689
6766	0.322
6767	0.662
6768	0.479
6769	0.654
6770	0.459
6771	0.654
6772	0.482
6773	0.678
6774	0.463
6775	0.686
6776	0.689
6777	0.611
6778	0.686
6779	0.639
6780	0.709
6781	0.611
6782	0.096
6783	0.854
6784	0.111
6785	0.830
6786	0.127
6787	0.877
6788	0.127
6789	0.834
6790	0.131
6791	0.834
6792	0.127
6793	0.877
6794	0.131
6795	0.834
6796	0.131
6797	0.834
6798	0.697
6799	0.635
6800	0.725
6801	0.635
6802	0.721
6803	0.662
6804	0.104
6805	0.865
6806	0.104
6807	0.900
6808	0.080
6809	0.881
6810	0.068
6811	0.904
6812	0.057
6813	0.881
6814	0.787
6815	0.678
6816	0.764
6817	0.678
6818	0.756
6819	0.709
6820	0.600
6821	0.768
6822	0.615
6823	0.768
6824	0.596
6825	0.787
6826	0.623
6827	0.795
6828	0.607
6829	0.811
6830	0.420
6831	0.799
6832	0.455
6833	0.803
6834	0.439
6835	0.775
6836	0.463
6837	0.775
6838	0.916
6839	0.670
6840	0.939
6841	0.643
6842	0.912
6843	0.643
6844	0.088
6845	0.607
6846	0.084
6847	0.584
6848	0.104
6849	0.584
6850	0.635
6851	0.607
6852	0.646
6853	0.635
6854	0.658
6855	0.607
6856	0.213
6857	0.658
6858	0.221
6859	0.689
6860	0.193
6861	0.658
6862	0.084
6863	0.998
6864	0.092
6865	0.979
6866	0.076
6867	0.979
6868	0.928
6869	0.896
6870	0.943
6871	0.896
6872	0.924
6873	0.932
6874	0.939
6875	0.947
6876	0.771
6877	0.607
6878	0.760
6879	0.584
6880	0.783
6881	0.584
6882	0.252
6883	0.662
6884	0.252
6885	0.678
6886	0.264
6887	0.662
6888	0.264
6889	0.693
6890	0.279
6891	0.682
6892	0.455
6893	0.732
6894	0.459
6895	0.760
6896	0.428
6897	0.732
6898	0.443
6899	0.771
6900	0.541
6901	0.998
6902	0.564
6903	0.971
6904	0.533
6905	0.971
6906	0.561
6907	0.943
6908	0.533
6909	0.943
6910	0.268
6911	0.588
6912	0.287
6913	0.588
6914	0.264
6915	0.611
6916	0.947
6917	0.748
6918	0.979
6919	0.752
6920	0.943
6921	0.732
6922	0.955
6923	0.732
6924	0.955
6925	0.732
6926	0.955
6927	0.732
6928	0.982
6929	0.732
6930	0.982
6931	0.732
6932	0.982
6933	0.732
6934	0.740
6935	0.697
6936	0.729
6937	0.666
6938	0.713
6939	0.693
6940	0.709
6941	0.666
6942	0.631
6943	0.834
6944	0.654
6945	0.865
6946	0.650
6947	0.834
6948	0.678
6949	0.850
6950	0.322
6951	0.607
6952	0.299
6953	0.607
6954	0.314
6955	0.635
6956	0.350
6957	0.846
6958	0.326
6959	0.842
6960	0.346
6961	0.822
6962	0.322
6963	0.822
6964	0.459
6965	0.588
6966	0.482
6967	0.588
6968	0.471
6969	0.611
6970	0.471
6971	0.955
6972	0.436
6973	0.943
6974	0.447
6975	0.971
6976	0.436
6977	0.998
6978	0.467
6979	0.971
6980	0.471
6981	0.994
6982	0.674
6983	0.666
6984	0.666
6985	0.682
6986	0.662
6987	0.666
6988	0.646
6989	0.693
6990	0.643
6991	0.678
6992	0.967
6993	0.705
6994	0.998
6995	0.740
6996	0.986
6997	0.705
6998	0.436
6999	0.697
7000	0.428
7001	0.666
7002	0.455
7003	0.666
7004	0.158
7005	0.893
7006	0.174
7007	0.881
7008	0.135
7009	0.846
7010	0.154
7011	0.846
7012	0.127
7013	0.881
7014	0.139
7015	0.932
7016	0.143
7017	0.881
7018	0.154
7019	0.920
7020	0.092
7021	0.705
7022	0.068
7023	0.705
7024	0.100
7025	0.740
7026	0.162
7027	0.678
7028	0.146
7029	0.713
7030	0.139
7031	0.678
7032	0.225
7033	0.650
7034	0.229
7035	0.682
7036	0.244
7037	0.650
7038	0.248
7039	0.678
7040	0.084
7041	0.678
7042	0.100
7043	0.654
7044	0.068
7045	0.654
7046	0.342
7047	0.627
7048	0.326
7049	0.600
7050	0.346
7051	0.600
7052	0.408
7053	0.709
7054	0.389
7055	0.709
7056	0.408
7057	0.740
7058	0.373
7059	0.740
7060	0.572
7061	0.670
7062	0.600
7063	0.643
7064	0.572
7065	0.643
7066	0.389
7067	0.686
7068	0.365
7069	0.678
7070	0.377
7071	0.662
7072	0.357
7073	0.662
7074	0.193
7075	0.635
7076	0.186
7077	0.662
7078	0.174
7079	0.635
7080	0.166
7081	0.662
7082	0.365
7083	0.963
7084	0.361
7085	0.963
7086	0.373
7087	0.975
7088	0.361
7089	0.998
7090	0.318
7091	0.963
7092	0.361
7093	0.963
7094	0.318
7095	0.963
7096	0.131
7097	0.943
7098	0.123
7099	0.943
7100	0.135
7101	0.955
7102	0.119
7103	0.955
7104	0.139
7105	0.990
7106	0.104
7107	0.982
7108	0.135
7109	0.998
7110	0.428
7111	0.635
7112	0.447
7113	0.635
7114	0.432
7115	0.662
7116	0.455
7117	0.658
7118	0.494
7119	0.760
7120	0.494
7121	0.803
7122	0.475
7123	0.760
7124	0.467
7125	0.803
7126	0.459
7127	0.865
7128	0.447
7129	0.916
7130	0.471
7131	0.865
7132	0.471
7133	0.912
7134	0.471
7135	0.865
7136	0.471
7137	0.912
7138	0.471
7139	0.912
7140	0.951
7141	0.791
7142	0.971
7143	0.756
7144	0.955
7145	0.771
7146	0.936
7147	0.756
7148	0.932
7149	0.771
7150	0.932
7151	0.756
7152	0.932
7153	0.771
7154	0.932
7155	0.771
7156	0.529
7157	0.709
7158	0.525
7159	0.686
7160	0.561
7161	0.705
7162	0.541
7163	0.686
7164	0.541
7165	0.686
7166	0.541
7167	0.686
7168	0.057
7169	0.686
7170	0.053
7171	0.721
7172	0.029
7173	0.686
7174	0.521
7175	0.959
7176	0.490
7177	0.920
7178	0.482
7179	0.963
7180	0.471
7181	0.920
7182	0.557
7183	0.748
7184	0.553
7185	0.787
7186	0.584
7187	0.748
7188	0.592
7189	0.787
7190	0.592
7191	0.787
7192	0.553
7193	0.787
7194	0.162
7195	0.896
7196	0.158
7197	0.920
7198	0.182
7199	0.896
7200	0.158
7201	0.920
7202	0.182
7203	0.896
7204	0.256
7205	0.627
7206	0.240
7207	0.623
7208	0.260
7209	0.600
7210	0.248
7211	0.600
7212	0.248
7213	0.600
7214	0.260
7215	0.600
7216	0.260
7217	0.600
7218	0.260
7219	0.771
7220	0.260
7221	0.756
7222	0.221
7223	0.740
7224	0.240
7225	0.740
7226	0.221
7227	0.740
7228	0.221
7229	0.740
7230	0.873
7231	0.674
7232	0.857
7233	0.674
7234	0.869
7235	0.689
7236	0.861
7237	0.709
7238	0.154
7239	0.748
7240	0.143
7241	0.748
7242	0.146
7243	0.791
7244	0.131
7245	0.787
7246	0.146
7247	0.791
7248	0.131
7249	0.787
7250	0.904
7251	0.861
7252	0.904
7253	0.861
7254	0.904
7255	0.861
7256	0.244
7257	0.846
7258	0.244
7259	0.846
7260	0.244
7261	0.846
7262	0.236
7263	0.846
7264	0.236
7265	0.846
7266	0.236
7267	0.846
7268	0.236
7269	0.846
7270	0.221
7271	0.857
7272	0.221
7273	0.857
7274	0.225
7275	0.865
7276	0.232
7277	0.881
7278	0.260
7279	0.877
7280	0.232
7281	0.893
7282	0.260
7283	0.877
7284	0.232
7285	0.893
7286	0.260
7287	0.877
7288	0.361
7289	0.963
7290	0.361
7291	0.963
7292	0.732
7293	0.811
7294	0.732
7295	0.811
7296	0.732
7297	0.811
7298	0.736
7299	0.799
7300	0.736
7301	0.799
7302	0.768
7303	0.814
7304	0.775
7305	0.783
7306	0.740
7307	0.787
7308	0.732
7309	0.787
7310	0.732
7311	0.787
7312	0.158
7313	0.920
7314	0.932
7315	0.771
7316	0.221
7317	0.740
7318	0.221
7319	0.740
7320	0.221
7321	0.740
7322	0.146
7323	0.791
7324	0.146
7325	0.791
7326	0.100
7327	0.951
7328	0.096
7329	0.971
7330	0.104
7331	0.982
7332	0.096
7333	0.971
7334	0.096
7335	0.971
7336	0.123
7337	0.943
7338	0.658
7339	0.795
7340	0.662
7341	0.787
7342	0.646
7343	0.771
7344	0.662
7345	0.775
7346	0.635
7347	0.756
7348	0.627
7349	0.756
7350	0.627
7351	0.756
7352	0.646
7353	0.771
7354	0.658
7355	0.795
7356	0.705
7357	0.947
7358	0.689
7359	0.975
7360	0.709
7361	0.975
7362	0.701
7363	0.998
7364	0.740
7365	0.975
7366	0.771
7367	0.896
7368	0.764
7369	0.936
7370	0.752
7371	0.936
7372	0.775
7373	0.947
7374	0.775
7375	0.947
7376	0.775
7377	0.947
7378	0.752
7379	0.936
7380	0.752
7381	0.936
7382	0.057
7383	0.584
7384	0.080
7385	0.584
7386	0.064
7387	0.607
7388	0.814
7389	0.877
7390	0.803
7391	0.850
7392	0.803
7393	0.830
7394	0.783
7395	0.846
7396	0.799
7397	0.830
7398	0.783
7399	0.846
7400	0.799
7401	0.830
7402	0.799
7403	0.830
7404	0.799
7405	0.830
7406	0.260
7407	0.963
7408	0.279
7409	0.947
7410	0.303
7411	0.947
7412	0.275
7413	0.920
7414	0.307
7415	0.912
7416	0.596
7417	0.803
7418	0.580
7419	0.830
7420	0.576
7421	0.791
7422	0.553
7423	0.818
7424	0.553
7425	0.791
7426	0.400
7427	0.850
7428	0.412
7429	0.881
7430	0.416
7431	0.850
7432	0.436
7433	0.885
7434	0.447
7435	0.861
7436	0.881
7437	0.791
7438	0.885
7439	0.748
7440	0.904
7441	0.775
7442	0.904
7443	0.748
7444	0.240
7445	0.822
7446	0.236
7447	0.842
7448	0.252
7449	0.822
7450	0.256
7451	0.834
7452	0.256
7453	0.834
7454	0.955
7455	0.701
7456	0.947
7457	0.729
7458	0.932
7459	0.701
7460	0.920
7461	0.725
7462	0.713
7463	0.725
7464	0.689
7465	0.725
7466	0.701
7467	0.689
7468	0.686
7469	0.689
7470	0.307
7471	0.705
7472	0.318
7473	0.689
7474	0.295
7475	0.689
7476	0.307
7477	0.674
7478	0.287
7479	0.674
7480	0.744
7481	0.650
7482	0.764
7483	0.650
7484	0.740
7485	0.674
7486	0.771
7487	0.666
7488	0.850
7489	0.607
7490	0.865
7491	0.607
7492	0.846
7493	0.627
7494	0.869
7495	0.635
7496	0.424
7497	0.674
7498	0.393
7499	0.705
7500	0.400
7501	0.674
7502	0.260
7503	0.744
7504	0.252
7505	0.713
7506	0.225
7507	0.713
7508	0.162
7509	0.838
7510	0.174
7511	0.861
7512	0.182
7513	0.838
7514	0.197
7515	0.865
7516	0.209
7517	0.834
7518	0.646
7519	0.869
7520	0.674
7521	0.869
7522	0.643
7523	0.908
7524	0.689
7525	0.900
7526	0.967
7527	0.881
7528	0.963
7529	0.861
7530	0.982
7531	0.861
7532	0.979
7533	0.834
7534	0.998
7535	0.846
7536	0.100
7537	0.600
7538	0.115
7539	0.627
7540	0.123
7541	0.600
7542	0.338
7543	0.732
7544	0.369
7545	0.732
7546	0.346
7547	0.771
7548	0.994
7549	0.584
7550	0.971
7551	0.584
7552	0.982
7553	0.607
7554	0.135
7555	0.662
7556	0.131
7557	0.693
7558	0.107
7559	0.662
7560	0.729
7561	0.650
7562	0.756
7563	0.635
7564	0.732
7565	0.623
7566	0.744
7567	0.623
7568	0.732
7569	0.623
7570	0.732
7571	0.623
7572	0.568
7573	0.998
7574	0.568
7575	0.971
7576	0.623
7577	0.998
7578	0.607
7579	0.971
7580	0.619
7581	0.971
7582	0.424
7583	0.744
7584	0.396
7585	0.744
7586	0.389
7587	0.783
7588	0.518
7589	0.615
7590	0.533
7591	0.592
7592	0.510
7593	0.592
7594	0.533
7595	0.592
7596	0.510
7597	0.592
7598	0.088
7599	0.682
7600	0.115
7601	0.682
7602	0.111
7603	0.717
7604	0.350
7605	0.631
7606	0.322
7607	0.631
7608	0.346
7609	0.658
7610	0.920
7611	0.893
7612	0.924
7613	0.861
7614	0.939
7615	0.873
7616	0.951
7617	0.846
7618	0.943
7619	0.869
7620	0.959
7621	0.869
7622	0.689
7623	0.607
7624	0.701
7625	0.584
7626	0.678
7627	0.584
7628	0.561
7629	0.693
7630	0.580
7631	0.693
7632	0.596
7633	0.717
7634	0.994
7635	0.869
7636	0.986
7637	0.912
7638	0.971
7639	0.889
7640	0.959
7641	0.912
7642	0.947
7643	0.889
7644	0.779
7645	0.744
7646	0.799
7647	0.725
7648	0.764
7649	0.729
7650	0.783
7651	0.709
7652	0.764
7653	0.709
7654	0.295
7655	0.709
7656	0.322
7657	0.709
7658	0.307
7659	0.732
7660	0.330
7661	0.744
7662	0.693
7663	0.893
7664	0.713
7665	0.857
7666	0.740
7667	0.857
7668	0.795
7669	0.943
7670	0.775
7671	0.947
7672	0.260
7673	0.631
7674	0.236
7675	0.631
7676	0.264
7677	0.658
7678	0.436
7679	0.826
7680	0.424
7681	0.846
7682	0.416
7683	0.826
7684	0.389
7685	0.838
7686	0.264
7687	0.721
7688	0.291
7689	0.721
7690	0.268
7691	0.756
7692	0.295
7693	0.760
7694	0.971
7695	0.600
7696	0.967
7697	0.627
7698	0.951
7699	0.600
7700	0.822
7701	0.639
7702	0.826
7703	0.662
7704	0.842
7705	0.639
7706	0.842
7707	0.670
7708	0.307
7709	0.861
7710	0.291
7711	0.861
7712	0.287
7713	0.904
7714	0.264
7715	0.869
7716	0.264
7717	0.908
7718	0.018
7719	0.674
7720	0.033
7721	0.674
7722	0.002
7723	0.705
7724	0.791
7725	0.639
7726	0.771
7727	0.639
7728	0.787
7729	0.670
7730	0.854
7731	0.709
7732	0.834
7733	0.709
7734	0.854
7735	0.674
7736	0.830
7737	0.674
7738	0.752
7739	0.619
7740	0.736
7741	0.596
7742	0.760
7743	0.596
7744	0.916
7745	0.826
7746	0.939
7747	0.830
7748	0.908
7749	0.842
7750	0.955
7751	0.830
7752	0.932
7753	0.846
7754	0.955
7755	0.830
7756	0.955
7757	0.830
7758	0.361
7759	0.916
7760	0.361
7761	0.955
7762	0.330
7763	0.928
7764	0.322
7765	0.959
7766	0.311
7767	0.928
7768	0.322
7769	0.959
7770	0.311
7771	0.928
7772	0.791
7773	0.631
7774	0.818
7775	0.658
7776	0.811
7777	0.631
7778	0.998
7779	0.830
7780	0.963
7781	0.826
7782	0.982
7783	0.795
7784	0.955
7785	0.795
7786	0.881
7787	0.619
7788	0.900
7789	0.619
7790	0.908
7791	0.643
7792	0.607
7793	0.764
7794	0.592
7795	0.740
7796	0.619
7797	0.732
7798	0.592
7799	0.725
7800	0.600
7801	0.725
7802	0.217
7803	0.998
7804	0.201
7805	0.979
7806	0.248
7807	0.986
7808	0.229
7809	0.959
7810	0.256
7811	0.959
7812	0.213
7813	0.654
7814	0.225
7815	0.627
7816	0.197
7817	0.627
7818	0.666
7819	0.826
7820	0.635
7821	0.830
7822	0.643
7823	0.787
7824	0.627
7825	0.787
7826	0.826
7827	0.756
7828	0.846
7829	0.756
7830	0.822
7831	0.799
7832	0.850
7833	0.799
7834	0.229
7835	0.775
7836	0.260
7837	0.775
7838	0.248
7839	0.818
7840	0.850
7841	0.744
7842	0.885
7843	0.740
7844	0.854
7845	0.713
7846	0.877
7847	0.713
7848	0.834
7849	0.803
7850	0.814
7851	0.830
7852	0.834
7853	0.830
7854	0.822
7855	0.850
7856	0.596
7857	0.885
7858	0.604
7859	0.912
7860	0.611
7861	0.885
7862	0.639
7863	0.896
7864	0.639
7865	0.865
7866	0.291
7867	0.807
7868	0.264
7869	0.807
7870	0.295
7871	0.764
7872	0.268
7873	0.764
7874	0.721
7875	0.893
7876	0.740
7877	0.869
7878	0.748
7879	0.916
7880	0.764
7881	0.869
7882	0.705
7883	0.807
7884	0.729
7885	0.807
7886	0.705
7887	0.854
7888	0.729
7889	0.850
7890	0.412
7891	0.729
7892	0.416
7893	0.701
7894	0.447
7895	0.729
7896	0.443
7897	0.701
7898	0.127
7899	0.631
7900	0.107
7901	0.658
7902	0.100
7903	0.631
7904	0.107
7905	0.658
7906	0.100
7907	0.631
7908	0.061
7909	0.643
7910	0.037
7911	0.643
7912	0.037
7913	0.674
7914	0.979
7915	0.775
7916	0.979
7917	0.775
7918	0.979
7919	0.775
7920	0.982
7921	0.764
7922	0.982
7923	0.764
7924	0.990
7925	0.752
7926	0.990
7927	0.752
7928	0.990
7929	0.752
7930	0.990
7931	0.752
7932	0.994
7933	0.795
7934	0.998
7935	0.752
7936	0.568
7937	0.596
7938	0.568
7939	0.596
7940	0.568
7941	0.596
7942	0.549
7943	0.596
7944	0.549
7945	0.596
7946	0.549
7947	0.623
7948	0.549
7949	0.623
7950	0.322
7951	0.639
7952	0.303
7953	0.639
7954	0.311
7955	0.670
7956	0.635
7957	0.912
7958	0.658
7959	0.912
7960	0.678
7961	0.951
7962	0.686
7963	0.916
7964	0.443
7965	0.854
7966	0.471
7967	0.854
7968	0.443
7969	0.822
7970	0.463
7971	0.814
7972	0.447
7973	0.807
7974	0.451
7975	0.807
7976	0.463
7977	0.807
7978	0.838
7979	0.607
7980	0.842
7981	0.631
7982	0.822
7983	0.607
7984	0.818
7985	0.635
7986	0.943
7987	0.666
7988	0.939
7989	0.697
7990	0.916
7991	0.678
7992	0.912
7993	0.678
7994	0.916
7995	0.678
7996	0.912
7997	0.678
7998	0.912
7999	0.678
8000	0.912
8001	0.678
8002	0.912
8003	0.678
8004	0.912
8005	0.678
8006	0.814
8007	0.889
8008	0.768
8009	0.893
8010	0.779
8011	0.854
8012	0.768
8013	0.869
8014	0.768
8015	0.854
8016	0.768
8017	0.869
8018	0.768
8019	0.854
8020	0.170
8021	0.729
8022	0.186
8023	0.752
8024	0.197
8025	0.736
8026	0.209
8027	0.736
8028	0.682
8029	0.768
8030	0.678
8031	0.729
8032	0.654
8033	0.760
8034	0.650
8035	0.729
8036	0.068
8037	0.670
8038	0.049
8039	0.670
8040	0.080
8041	0.701
8042	0.572
8043	0.689
8044	0.553
8045	0.686
8046	0.561
8047	0.658
8048	0.545
8049	0.658
8050	0.006
8051	0.709
8052	0.037
8053	0.709
8054	0.002
8055	0.740
8056	0.037
8057	0.740
8058	0.838
8059	0.850
8060	0.838
8061	0.803
8062	0.854
8063	0.846
8064	0.850
8065	0.803
8066	0.521
8067	0.846
8068	0.475
8069	0.881
8070	0.486
8071	0.846
8072	0.807
8073	0.998
8074	0.830
8075	0.986
8076	0.779
8077	0.951
8078	0.811
8079	0.951
8080	0.787
8081	0.986
8082	0.760
8083	0.947
8084	0.760
8085	0.998
8086	0.736
8087	0.947
8088	0.854
8089	0.604
8090	0.854
8091	0.584
8092	0.834
8093	0.604
8094	0.838
8095	0.584
8096	0.838
8097	0.584
8098	0.838
8099	0.584
8100	0.299
8101	0.900
8102	0.326
8103	0.916
8104	0.326
8105	0.893
8106	0.346
8107	0.908
8108	0.346
8109	0.896
8110	0.350
8111	0.896
8112	0.350
8113	0.896
8114	0.346
8115	0.908
8116	0.311
8117	0.990
8118	0.295
8119	0.979
8120	0.287
8121	0.998
8122	0.283
8123	0.963
8124	0.260
8125	0.982
8126	0.314
8127	0.982
8128	0.314
8129	0.967
8130	0.291
8131	0.963
8132	0.393
8133	0.916
8134	0.416
8135	0.947
8136	0.365
8137	0.916
8138	0.400
8139	0.959
8140	0.385
8141	0.607
8142	0.408
8143	0.607
8144	0.393
8145	0.635
8146	0.275
8147	0.639
8148	0.275
8149	0.662
8150	0.299
8151	0.639
8152	0.299
8153	0.670
8154	0.295
8155	0.846
8156	0.318
8157	0.850
8158	0.303
8159	0.803
8160	0.318
8161	0.803
8162	0.518
8163	0.725
8164	0.521
8165	0.689
8166	0.494
8167	0.721
8168	0.506
8169	0.689
8170	0.025
8171	0.838
8172	0.025
8173	0.873
8174	0.041
8175	0.873
8176	0.002
8177	0.885
8178	0.627
8179	0.709
8180	0.639
8181	0.697
8182	0.619
8183	0.674
8184	0.635
8185	0.674
8186	0.635
8187	0.674
8188	0.635
8189	0.674
8190	0.635
8191	0.674
8192	0.846
8193	0.729
8194	0.846
8195	0.752
8196	0.822
8197	0.729
8198	0.807
8199	0.744
8200	0.936
8201	0.822
8202	0.908
8203	0.807
8204	0.943
8205	0.779
8206	0.920
8207	0.779
8208	0.162
8209	0.604
8210	0.154
8211	0.580
8212	0.178
8213	0.580
8214	0.373
8215	0.596
8216	0.357
8217	0.596
8218	0.373
8219	0.619
8220	0.350
8221	0.619
8222	0.506
8223	0.604
8224	0.482
8225	0.604
8226	0.498
8227	0.631
8228	0.533
8229	0.912
8230	0.514
8231	0.881
8232	0.549
8233	0.893
8234	0.541
8235	0.869
8236	0.514
8237	0.865
8238	0.506
8239	0.865
8240	0.162
8241	0.635
8242	0.166
8243	0.607
8244	0.186
8245	0.607
8246	0.627
8247	0.830
8248	0.604
8249	0.830
8250	0.623
8251	0.865
8252	0.592
8253	0.877
8254	0.592
8255	0.877
8256	0.623
8257	0.865
8258	0.623
8259	0.865
8260	0.025
8261	0.615
8262	0.029
8263	0.639
8264	0.002
8265	0.615
8266	0.006
8267	0.643
8268	0.342
8269	0.729
8270	0.361
8271	0.721
8272	0.330
8273	0.713
8274	0.357
8275	0.693
8276	0.338
8277	0.693
8278	0.807
8279	0.611
8280	0.811
8281	0.588
8282	0.830
8283	0.588
8284	0.549
8285	0.818
8286	0.518
8287	0.818
8288	0.549
8289	0.865
8290	0.264
8291	0.811
8292	0.287
8293	0.811
8294	0.260
8295	0.857
8296	0.291
8297	0.857
8298	0.576
8299	0.678
8300	0.596
8301	0.662
8302	0.600
8303	0.686
8304	0.607
8305	0.662
8306	0.607
8307	0.662
8308	0.607
8309	0.662
8310	0.607
8311	0.662
8312	0.107
8313	0.908
8314	0.084
8315	0.908
8316	0.135
8317	0.939
8318	0.084
8319	0.932
8320	0.111
8321	0.732
8322	0.131
8323	0.744
8324	0.127
8325	0.709
8326	0.146
8327	0.725
8328	0.131
8329	0.709
8330	0.131
8331	0.709
8332	0.529
8333	0.967
8334	0.518
8335	0.994
8336	0.510
8337	0.967
8338	0.494
8339	0.998
8340	0.475
8341	0.967
8342	0.881
8343	0.951
8344	0.889
8345	0.928
8346	0.893
8347	0.939
8348	0.896
8349	0.928
8350	0.912
8351	0.943
8352	0.900
8353	0.900
8354	0.920
8355	0.904
8356	0.912
8357	0.943
8358	0.912
8359	0.943
8360	0.416
8361	0.889
8362	0.416
8363	0.932
8364	0.439
8365	0.889
8366	0.443
8367	0.939
8368	0.037
8369	0.928
8370	0.061
8371	0.951
8372	0.049
8373	0.900
8374	0.080
8375	0.932
8376	0.053
8377	0.900
8378	0.053
8379	0.900
8380	0.080
8381	0.932
8382	0.779
8383	0.748
8384	0.803
8385	0.760
8386	0.799
8387	0.752
8388	0.803
8389	0.752
8390	0.818
8391	0.764
8392	0.814
8393	0.771
8394	0.807
8395	0.779
8396	0.783
8397	0.775
8398	0.779
8399	0.787
8400	0.779
8401	0.787
8402	0.779
8403	0.787
8404	0.779
8405	0.787
8406	0.865
8407	0.639
8408	0.846
8409	0.639
8410	0.854
8411	0.670
8412	0.854
8413	0.670
8414	0.865
8415	0.861
8416	0.846
8417	0.857
8418	0.865
8419	0.889
8420	0.838
8421	0.893
8422	0.818
8423	0.889
8424	0.818
8425	0.869
8426	0.818
8427	0.854
8428	0.830
8429	0.854
8430	0.818
8431	0.854
8432	0.830
8433	0.854
8434	0.803
8435	0.600
8436	0.783
8437	0.600
8438	0.795
8439	0.627
8440	0.209
8441	0.830
8442	0.178
8443	0.830
8444	0.201
8445	0.787
8446	0.182
8447	0.787
8448	0.904
8449	0.838
8450	0.861
8451	0.854
8452	0.869
8453	0.830
8454	0.857
8455	0.830
8456	0.393
8457	0.639
8458	0.373
8459	0.639
8460	0.396
8461	0.670
8462	0.373
8463	0.639
8464	0.373
8465	0.639
8466	0.119
8467	0.826
8468	0.119
8469	0.826
8470	0.119
8471	0.826
8472	0.104
8473	0.807
8474	0.104
8475	0.807
8476	0.092
8477	0.783
8478	0.092
8479	0.783
8480	0.100
8481	0.783
8482	0.127
8483	0.791
8484	0.768
8485	0.893
8486	0.768
8487	0.893
8488	0.768
8489	0.869
8490	0.350
8491	0.896
8492	0.939
8493	0.697
8494	0.775
8495	0.826
8496	0.775
8497	0.826
8498	0.775
8499	0.826
8500	0.795
8501	0.822
8502	0.795
8503	0.822
8504	0.787
8505	0.791
8506	0.807
8507	0.795
8508	0.818
8509	0.795
8510	0.807
8511	0.826
8512	0.807
8513	0.826
8514	0.783
8515	0.775
8516	0.783
8517	0.775
8518	0.225
8519	0.775
8520	0.225
8521	0.775
8522	0.225
8523	0.775
8524	0.225
8525	0.775
8526	0.205
8527	0.771
8528	0.209
8529	0.756
8530	0.209
8531	0.756
8532	0.217
8533	0.748
8534	0.217
8535	0.748
8536	0.201
8537	0.752
8538	0.201
8539	0.771
8540	0.217
8541	0.791
8542	0.904
8543	0.795
8544	0.904
8545	0.795
8546	0.893
8547	0.795
8548	0.893
8549	0.795
8550	0.893
8551	0.795
8552	0.861
8553	0.795
8554	0.893
8555	0.795
8556	0.904
8557	0.830
8558	0.904
8559	0.795
8560	0.904
8561	0.830
8562	0.881
8563	0.814
8564	0.881
8565	0.799
8566	0.049
8567	0.900
8568	0.920
8569	0.904
8570	0.588
8571	0.834
8572	0.557
8573	0.834
8574	0.553
8575	0.881
8576	0.682
8577	0.604
8578	0.670
8579	0.631
8580	0.662
8581	0.604
8582	0.518
8583	0.729
8584	0.494
8585	0.729
8586	0.525
8587	0.756
8588	0.502
8589	0.768
8590	0.998
8591	0.990
8592	0.967
8593	0.939
8594	0.951
8595	0.939
8596	0.787
8597	0.932
8598	0.779
8599	0.896
8600	0.795
8601	0.896
8602	0.049
8603	0.623
8604	0.076
8605	0.650
8606	0.068
8607	0.623
8608	0.174
8609	0.795
8610	0.170
8611	0.822
8612	0.150
8613	0.795
8614	0.139
8615	0.834
8616	0.131
8617	0.803
8618	0.248
8619	0.896
8620	0.264
8621	0.916
8622	0.232
8623	0.896
8624	0.268
8625	0.932
8626	0.260
8627	0.947
8628	0.260
8629	0.947
8630	0.260
8631	0.947
8632	0.260
8633	0.947
8634	0.545
8635	0.619
8636	0.518
8637	0.646
8638	0.521
8639	0.619
8640	0.631
8641	0.607
8642	0.607
8643	0.607
8644	0.619
8645	0.635
8646	0.900
8647	0.709
8648	0.920
8649	0.709
8650	0.889
8651	0.744
8652	0.705
8653	0.760
8654	0.701
8655	0.803
8656	0.729
8657	0.760
8658	0.182
8659	0.701
8660	0.166
8661	0.670
8662	0.197
8663	0.670
8664	0.807
8665	0.729
8666	0.826
8667	0.693
8668	0.799
8669	0.693
8670	0.557
8671	0.627
8672	0.572
8673	0.627
8674	0.545
8675	0.654
8676	0.092
8677	0.842
8678	0.061
8679	0.842
8680	0.045
8681	0.877
8682	0.447
8683	0.920
8684	0.467
8685	0.920
8686	0.459
8687	0.943
8688	0.115
8689	0.779
8690	0.111
8691	0.760
8692	0.131
8693	0.760
8694	0.131
8695	0.760
8696	0.131
8697	0.760
8698	0.627
8699	0.639
8700	0.604
8701	0.639
8702	0.619
8703	0.670
8704	0.377
8705	0.994
8706	0.381
8707	0.963
8708	0.396
8709	0.998
8710	0.400
8711	0.963
8712	0.420
8713	0.986
8714	0.432
8715	0.963
8716	0.549
8717	0.713
8718	0.576
8719	0.713
8720	0.584
8721	0.744
8722	0.111
8723	0.760
8724	0.111
8725	0.760
8726	0.346
8727	0.850
8728	0.357
8729	0.877
8730	0.326
8731	0.850
8732	0.330
8733	0.889
8734	0.311
8735	0.869
8736	0.979
8737	0.670
8738	0.986
8739	0.639
8740	0.967
8741	0.639
8742	0.682
8743	0.658
8744	0.678
8745	0.682
8746	0.709
8747	0.658
8748	0.709
8749	0.658
8750	0.709
8751	0.658
8752	0.678
8753	0.682
8754	0.678
8755	0.682
8756	0.635
8757	0.920
8758	0.631
8759	0.920
8760	0.635
8761	0.939
8762	0.619
8763	0.924
8764	0.623
8765	0.936
8766	0.623
8767	0.936
8768	0.623
8769	0.936
8770	0.619
8771	0.924
8772	0.631
8773	0.920
8774	0.631
8775	0.920
8776	0.658
8777	0.662
8778	0.682
8779	0.635
8780	0.654
8781	0.635
8782	0.100
8783	0.619
8784	0.084
8785	0.635
8786	0.084
8787	0.611
8788	0.072
8789	0.611
