0	0
1	1
2	2
3	1
4	3
5	2
6	3
7	1
8	4
9	1
10	5
11	4
12	0
13	2
14	6
15	2
16	7
17	6
18	8
19	9
20	10
21	9
22	11
23	10
24	11
25	9
26	12
27	9
28	13
29	12
30	12
31	13
32	14
33	14
34	15
35	12
36	12
37	15
38	11
39	15
40	16
41	11
42	11
43	16
44	17
45	18
46	20
47	19
48	19
49	20
50	21
51	20
52	22
53	21
54	22
55	20
56	23
57	20
58	24
59	23
60	25
61	26
62	27
63	26
64	28
65	27
66	29
67	30
68	31
69	30
70	32
71	31
72	31
73	32
74	33
75	32
76	34
77	33
78	34
79	32
80	35
81	35
82	36
83	34
84	37
85	38
86	39
87	40
88	41
89	42
90	41
91	43
92	42
93	42
94	43
95	44
96	45
97	47
98	46
99	46
100	47
101	48
102	47
103	49
104	48
105	48
106	49
107	50
108	51
109	19
110	52
111	19
112	21
113	52
114	52
115	21
116	53
117	21
118	54
119	53
120	54
121	21
122	55
123	56
124	58
125	57
126	57
127	58
128	59
129	58
130	60
131	59
132	60
133	58
134	61
135	62
136	64
137	63
138	65
139	66
140	67
141	66
142	68
143	67
144	67
145	68
146	69
147	68
148	70
149	69
150	69
151	70
152	71
153	71
154	72
155	69
156	73
157	74
158	75
159	74
160	76
161	75
162	75
163	76
164	77
165	76
166	78
167	77
168	79
169	80
170	81
171	75
172	77
173	82
174	82
175	77
176	83
177	77
178	84
179	83
180	85
181	86
182	87
183	86
184	88
185	87
186	87
187	88
188	89
189	88
190	90
191	89
192	89
193	90
194	91
195	91
196	92
197	89
198	89
199	92
200	93
201	93
202	94
203	89
204	95
205	97
206	96
207	96
208	97
209	98
210	97
211	99
212	98
213	98
214	99
215	100
216	100
217	101
218	98
219	102
220	104
221	103
222	103
223	104
224	105
225	104
226	106
227	105
228	107
229	57
230	108
231	57
232	59
233	108
234	108
235	59
236	109
237	109
238	110
239	108
240	111
241	112
242	113
243	114
244	116
245	115
246	115
247	116
248	117
249	116
250	118
251	117
252	12
253	14
254	15
255	119
256	120
257	121
258	120
259	122
260	121
261	121
262	122
263	123
264	122
265	124
266	123
267	124
268	122
269	120
270	120
271	125
272	124
273	124
274	125
275	126
276	43
277	41
278	127
279	127
280	41
281	128
282	41
283	129
284	128
285	53
286	130
287	52
288	130
289	131
290	52
291	132
292	133
293	134
294	133
295	135
296	134
297	135
298	133
299	136
300	133
301	137
302	136
303	136
304	137
305	138
306	137
307	139
308	138
309	139
310	137
311	140
312	137
313	133
314	140
315	141
316	106
317	142
318	106
319	143
320	142
321	141
322	144
323	102
324	144
325	105
326	102
327	85
328	145
329	90
330	145
331	146
332	90
333	147
334	148
335	149
336	148
337	150
338	149
339	149
340	150
341	151
342	150
343	152
344	151
345	151
346	152
347	153
348	153
349	154
350	151
351	151
352	154
353	155
354	155
355	156
356	151
357	151
358	156
359	157
360	157
361	149
362	151
363	151
364	158
365	149
366	159
367	160
368	161
369	160
370	162
371	161
372	161
373	162
374	163
375	162
376	164
377	163
378	163
379	164
380	161
381	165
382	166
383	105
384	105
385	166
386	103
387	166
388	167
389	103
390	103
391	167
392	168
393	169
394	171
395	170
396	170
397	171
398	172
399	171
400	173
401	172
402	172
403	173
404	174
405	173
406	175
407	174
408	175
409	173
410	176
411	173
412	177
413	176
414	176
415	177
416	178
417	177
418	179
419	178
420	179
421	177
422	180
423	177
424	181
425	180
426	181
427	177
428	182
429	177
430	183
431	182
432	183
433	177
434	173
435	173
436	171
437	183
438	184
439	185
440	186
441	185
442	187
443	186
444	186
445	187
446	188
447	187
448	189
449	188
450	189
451	187
452	190
453	187
454	191
455	190
456	191
457	187
458	185
459	192
460	193
461	182
462	182
463	193
464	181
465	109
466	59
467	194
468	194
469	59
470	60
471	195
472	196
473	197
474	196
475	198
476	197
477	197
478	198
479	199
480	198
481	200
482	199
483	199
484	200
485	201
486	200
487	202
488	201
489	202
490	200
491	203
492	203
493	204
494	202
495	204
496	203
497	205
498	203
499	206
500	205
501	206
502	203
503	207
504	203
505	208
506	207
507	208
508	203
509	209
510	203
511	210
512	209
513	209
514	210
515	211
516	210
517	212
518	211
519	212
520	210
521	200
522	210
523	203
524	200
525	212
526	200
527	213
528	200
529	214
530	213
531	214
532	200
533	215
534	200
535	198
536	215
537	215
538	198
539	216
540	198
541	196
542	216
543	217
544	219
545	218
546	218
547	219
548	220
549	219
550	221
551	220
552	220
553	221
554	222
555	221
556	223
557	222
558	223
559	221
560	224
561	221
562	225
563	224
564	226
565	227
566	228
567	229
568	231
569	230
570	224
571	232
572	223
573	232
574	233
575	223
576	223
577	233
578	234
579	233
580	235
581	234
582	234
583	235
584	236
585	236
586	237
587	234
588	238
589	239
590	240
591	239
592	241
593	240
594	240
595	241
596	242
597	241
598	243
599	242
600	242
601	243
602	244
603	244
604	245
605	242
606	242
607	245
608	246
609	246
610	240
611	242
612	247
613	245
614	248
615	248
616	245
617	249
618	245
619	244
620	249
621	235
622	233
623	250
624	233
625	251
626	250
627	252
628	254
629	253
630	255
631	256
632	257
633	256
634	258
635	257
636	257
637	258
638	259
639	258
640	260
641	259
642	260
643	258
644	261
645	261
646	262
647	260
648	263
649	264
650	265
651	264
652	266
653	265
654	265
655	266
656	267
657	267
658	268
659	265
660	269
661	271
662	270
663	270
664	271
665	272
666	271
667	273
668	272
669	274
670	275
671	276
672	275
673	277
674	276
675	277
676	275
677	278
678	275
679	279
680	278
681	280
682	282
683	281
684	281
685	282
686	283
687	282
688	284
689	283
690	283
691	284
692	285
693	285
694	286
695	283
696	283
697	286
698	287
699	286
700	288
701	287
702	289
703	290
704	291
705	290
706	292
707	291
708	292
709	290
710	293
711	290
712	294
713	293
714	283
715	287
716	281
717	287
718	295
719	281
720	281
721	295
722	296
723	296
724	297
725	281
726	297
727	296
728	298
729	298
730	299
731	297
732	300
733	301
734	302
735	301
736	303
737	302
738	302
739	303
740	304
741	303
742	305
743	304
744	306
745	307
746	308
747	307
748	309
749	308
750	310
751	311
752	312
753	313
754	315
755	314
756	298
757	296
758	316
759	316
760	296
761	317
762	296
763	295
764	317
765	317
766	295
767	318
768	295
769	319
770	318
771	319
772	295
773	287
774	287
775	320
776	319
777	321
778	322
779	323
780	322
781	324
782	323
783	323
784	324
785	325
786	324
787	326
788	325
789	325
790	326
791	327
792	326
793	328
794	327
795	328
796	326
797	329
798	323
799	325
800	330
801	330
802	325
803	327
804	304
805	331
806	302
807	332
808	334
809	333
810	333
811	334
812	335
813	334
814	336
815	335
816	336
817	334
818	337
819	334
820	338
821	337
822	337
823	338
824	339
825	338
826	340
827	339
828	335
829	341
830	333
831	341
832	342
833	333
834	342
835	341
836	343
837	341
838	344
839	343
840	337
841	345
842	336
843	336
844	345
845	346
846	345
847	347
848	346
849	346
850	347
851	348
852	348
853	349
854	346
855	350
856	351
857	352
858	343
859	353
860	342
861	342
862	353
863	354
864	355
865	356
866	357
867	356
868	358
869	357
870	358
871	356
872	359
873	356
874	360
875	359
876	360
877	356
878	355
879	355
880	361
881	360
882	361
883	355
884	362
885	355
886	363
887	362
888	363
889	355
890	364
891	364
892	365
893	363
894	365
895	364
896	366
897	366
898	367
899	365
900	367
901	366
902	368
903	366
904	369
905	368
906	368
907	369
908	370
909	369
910	371
911	370
912	370
913	371
914	372
915	373
916	374
917	375
918	374
919	376
920	375
921	375
922	376
923	377
924	376
925	378
926	377
927	377
928	378
929	379
930	379
931	380
932	377
933	377
934	380
935	381
936	380
937	382
938	381
939	381
940	382
941	383
942	383
943	375
944	381
945	381
946	375
947	377
948	384
949	386
950	385
951	385
952	386
953	387
954	386
955	388
956	387
957	388
958	386
959	389
960	389
961	390
962	388
963	388
964	390
965	391
966	392
967	393
968	357
969	357
970	393
971	394
972	393
973	395
974	394
975	395
976	393
977	396
978	393
979	397
980	396
981	398
982	399
983	394
984	394
985	399
986	357
987	399
988	400
989	357
990	357
991	400
992	355
993	400
994	401
995	355
996	401
997	400
998	399
999	355
1000	401
1001	364
1002	401
1003	402
1004	364
1005	364
1006	402
1007	403
1008	403
1009	404
1010	364
1011	364
1012	404
1013	405
1014	404
1015	406
1016	405
1017	405
1018	406
1019	407
1020	406
1021	408
1022	407
1023	407
1024	408
1025	366
1026	408
1027	409
1028	366
1029	366
1030	409
1031	369
1032	409
1033	410
1034	369
1035	369
1036	410
1037	411
1038	410
1039	412
1040	411
1041	411
1042	412
1043	413
1044	413
1045	371
1046	411
1047	411
1048	371
1049	369
1050	366
1051	364
1052	407
1053	407
1054	364
1055	405
1056	414
1057	416
1058	415
1059	415
1060	416
1061	417
1062	416
1063	418
1064	417
1065	419
1066	420
1067	421
1068	420
1069	422
1070	421
1071	421
1072	422
1073	423
1074	422
1075	424
1076	423
1077	423
1078	424
1079	425
1080	424
1081	426
1082	425
1083	427
1084	428
1085	429
1086	428
1087	430
1088	429
1089	429
1090	430
1091	431
1092	432
1093	433
1094	434
1095	433
1096	435
1097	434
1098	434
1099	435
1100	436
1101	437
1102	439
1103	438
1104	438
1105	439
1106	440
1107	441
1108	443
1109	442
1110	442
1111	443
1112	444
1113	443
1114	445
1115	444
1116	444
1117	445
1118	446
1119	446
1120	447
1121	444
1122	447
1123	446
1124	448
1125	448
1126	449
1127	447
1128	447
1129	449
1130	450
1131	450
1132	451
1133	447
1134	447
1135	451
1136	444
1137	451
1138	442
1139	444
1140	452
1141	453
1142	454
1143	453
1144	455
1145	454
1146	454
1147	455
1148	456
1149	455
1150	457
1151	456
1152	456
1153	457
1154	458
1155	454
1156	456
1157	459
1158	459
1159	456
1160	460
1161	461
1162	463
1163	462
1164	462
1165	463
1166	464
1167	463
1168	465
1169	464
1170	465
1171	463
1172	466
1173	359
1174	467
1175	358
1176	467
1177	468
1178	358
1179	358
1180	468
1181	469
1182	395
1183	396
1184	470
1185	471
1186	472
1187	448
1188	472
1189	449
1190	448
1191	473
1192	474
1193	475
1194	474
1195	476
1196	475
1197	475
1198	476
1199	477
1200	476
1201	478
1202	477
1203	478
1204	476
1205	479
1206	476
1207	480
1208	479
1209	480
1210	476
1211	481
1212	476
1213	474
1214	481
1215	474
1216	475
1217	473
1218	482
1219	415
1220	417
1221	483
1222	484
1223	485
1224	486
1225	488
1226	487
1227	489
1228	435
1229	490
1230	435
1231	491
1232	490
1233	490
1234	491
1235	492
1236	491
1237	493
1238	492
1239	493
1240	491
1241	433
1242	491
1243	435
1244	433
1245	494
1246	495
1247	496
1248	497
1249	499
1250	498
1251	498
1252	499
1253	500
1254	500
1255	501
1256	498
1257	501
1258	500
1259	502
1260	500
1261	503
1262	502
1263	502
1264	503
1265	504
1266	503
1267	505
1268	504
1269	498
1270	506
1271	507
1272	506
1273	508
1274	507
1275	509
1276	511
1277	510
1278	510
1279	511
1280	512
1281	511
1282	513
1283	512
1284	514
1285	515
1286	516
1287	515
1288	517
1289	516
1290	516
1291	517
1292	518
1293	517
1294	519
1295	518
1296	519
1297	517
1298	520
1299	517
1300	521
1301	520
1302	520
1303	521
1304	522
1305	515
1306	523
1307	517
1308	517
1309	523
1310	521
1311	523
1312	524
1313	521
1314	521
1315	524
1316	525
1317	526
1318	527
1319	528
1320	527
1321	529
1322	528
1323	528
1324	529
1325	530
1326	530
1327	531
1328	528
1329	531
1330	530
1331	532
1332	532
1333	533
1334	531
1335	531
1336	533
1337	534
1338	533
1339	535
1340	534
1341	534
1342	535
1343	536
1344	535
1345	537
1346	536
1347	536
1348	537
1349	538
1350	539
1351	541
1352	540
1353	540
1354	541
1355	542
1356	541
1357	543
1358	542
1359	542
1360	543
1361	544
1362	544
1363	545
1364	542
1365	542
1366	545
1367	546
1368	546
1369	547
1370	542
1371	542
1372	547
1373	548
1374	548
1375	549
1376	542
1377	542
1378	549
1379	540
1380	507
1381	550
1382	499
1383	499
1384	550
1385	500
1386	550
1387	503
1388	500
1389	503
1390	550
1391	551
1392	550
1393	552
1394	551
1395	553
1396	554
1397	555
1398	554
1399	556
1400	555
1401	555
1402	556
1403	504
1404	556
1405	502
1406	504
1407	502
1408	556
1409	501
1410	556
1411	554
1412	501
1413	557
1414	559
1415	558
1416	558
1417	559
1418	560
1419	559
1420	561
1421	560
1422	561
1423	559
1424	562
1425	562
1426	563
1427	561
1428	561
1429	563
1430	564
1431	564
1432	560
1433	561
1434	560
1435	564
1436	565
1437	565
1438	566
1439	560
1440	560
1441	566
1442	558
1443	566
1444	567
1445	558
1446	558
1447	567
1448	568
1449	568
1450	569
1451	558
1452	558
1453	569
1454	557
1455	569
1456	570
1457	557
1458	571
1459	572
1460	573
1461	572
1462	574
1463	573
1464	573
1465	574
1466	575
1467	576
1468	578
1469	577
1470	577
1471	578
1472	579
1473	578
1474	580
1475	579
1476	579
1477	580
1478	581
1479	580
1480	582
1481	581
1482	581
1483	582
1484	583
1485	584
1486	586
1487	585
1488	585
1489	586
1490	587
1491	588
1492	590
1493	589
1494	589
1495	590
1496	564
1497	564
1498	591
1499	589
1500	589
1501	591
1502	592
1503	591
1504	593
1505	592
1506	593
1507	591
1508	564
1509	564
1510	594
1511	593
1512	594
1513	564
1514	563
1515	563
1516	595
1517	594
1518	595
1519	563
1520	562
1521	562
1522	596
1523	595
1524	595
1525	596
1526	597
1527	597
1528	598
1529	595
1530	595
1531	598
1532	599
1533	598
1534	600
1535	599
1536	599
1537	600
1538	601
1539	600
1540	602
1541	601
1542	601
1543	602
1544	603
1545	603
1546	604
1547	601
1548	604
1549	603
1550	605
1551	605
1552	606
1553	604
1554	604
1555	606
1556	601
1557	606
1558	599
1559	601
1560	599
1561	606
1562	607
1563	606
1564	608
1565	607
1566	607
1567	608
1568	599
1569	608
1570	609
1571	599
1572	609
1573	608
1574	610
1575	610
1576	611
1577	609
1578	609
1579	611
1580	612
1581	612
1582	613
1583	609
1584	613
1585	612
1586	614
1587	614
1588	592
1589	613
1590	613
1591	592
1592	593
1593	593
1594	615
1595	613
1596	615
1597	593
1598	594
1599	594
1600	595
1601	615
1602	615
1603	595
1604	616
1605	595
1606	599
1607	616
1608	616
1609	599
1610	609
1611	609
1612	613
1613	616
1614	616
1615	613
1616	615
1617	617
1618	619
1619	618
1620	618
1621	619
1622	620
1623	619
1624	621
1625	620
1626	605
1627	622
1628	606
1629	622
1630	608
1631	606
1632	614
1633	623
1634	592
1635	623
1636	624
1637	592
1638	592
1639	624
1640	589
1641	624
1642	625
1643	589
1644	626
1645	627
1646	628
1647	627
1648	629
1649	628
1650	628
1651	629
1652	578
1653	629
1654	630
1655	578
1656	578
1657	630
1658	580
1659	630
1660	582
1661	580
1662	582
1663	630
1664	631
1665	630
1666	629
1667	631
1668	631
1669	629
1670	627
1671	632
1672	633
1673	634
1674	633
1675	635
1676	634
1677	634
1678	635
1679	636
1680	635
1681	637
1682	636
1683	638
1684	639
1685	640
1686	639
1687	641
1688	640
1689	640
1690	641
1691	642
1692	641
1693	643
1694	642
1695	642
1696	643
1697	644
1698	643
1699	645
1700	644
1701	645
1702	643
1703	646
1704	643
1705	639
1706	646
1707	646
1708	639
1709	647
1710	641
1711	639
1712	643
1713	648
1714	649
1715	650
1716	649
1717	651
1718	650
1719	650
1720	651
1721	652
1722	651
1723	653
1724	652
1725	652
1726	653
1727	654
1728	654
1729	655
1730	652
1731	652
1732	655
1733	650
1734	655
1735	656
1736	650
1737	650
1738	656
1739	657
1740	657
1741	658
1742	650
1743	658
1744	657
1745	659
1746	657
1747	660
1748	659
1749	660
1750	657
1751	661
1752	657
1753	656
1754	661
1755	661
1756	656
1757	662
1758	656
1759	655
1760	662
1761	662
1762	655
1763	663
1764	655
1765	654
1766	663
1767	664
1768	665
1769	650
1770	650
1771	665
1772	648
1773	665
1774	666
1775	648
1776	648
1777	666
1778	667
1779	667
1780	668
1781	648
1782	648
1783	668
1784	649
1785	668
1786	651
1787	649
1788	651
1789	668
1790	669
1791	669
1792	653
1793	651
1794	670
1795	672
1796	671
1797	671
1798	672
1799	673
1800	672
1801	674
1802	673
1803	673
1804	674
1805	675
1806	674
1807	676
1808	675
1809	675
1810	676
1811	677
1812	676
1813	678
1814	677
1815	678
1816	676
1817	679
1818	676
1819	680
1820	679
1821	679
1822	680
1823	681
1824	681
1825	678
1826	679
1827	678
1828	681
1829	682
1830	683
1831	684
1832	685
1833	684
1834	686
1835	685
1836	685
1837	686
1838	687
1839	686
1840	688
1841	687
1842	689
1843	690
1844	691
1845	690
1846	692
1847	691
1848	691
1849	692
1850	693
1851	692
1852	694
1853	693
1854	695
1855	691
1856	696
1857	691
1858	693
1859	696
1860	696
1861	693
1862	697
1863	698
1864	700
1865	699
1866	699
1867	700
1868	701
1869	700
1870	702
1871	701
1872	701
1873	702
1874	703
1875	703
1876	704
1877	701
1878	701
1879	704
1880	705
1881	705
1882	706
1883	701
1884	707
1885	708
1886	709
1887	710
1888	712
1889	711
1890	713
1891	714
1892	715
1893	714
1894	716
1895	715
1896	715
1897	716
1898	717
1899	716
1900	718
1901	717
1902	719
1903	720
1904	721
1905	720
1906	722
1907	721
1908	721
1909	722
1910	723
1911	722
1912	724
1913	723
1914	724
1915	722
1916	725
1917	725
1918	726
1919	724
1920	724
1921	726
1922	727
1923	726
1924	728
1925	727
1926	727
1927	728
1928	729
1929	728
1930	730
1931	729
1932	730
1933	728
1934	731
1935	728
1936	726
1937	731
1938	731
1939	726
1940	725
1941	732
1942	734
1943	733
1944	733
1945	734
1946	735
1947	736
1948	737
1949	738
1950	737
1951	739
1952	738
1953	738
1954	739
1955	740
1956	741
1957	743
1958	742
1959	742
1960	743
1961	744
1962	743
1963	745
1964	744
1965	744
1966	745
1967	746
1968	745
1969	747
1970	746
1971	746
1972	747
1973	748
1974	747
1975	749
1976	748
1977	749
1978	747
1979	750
1980	747
1981	751
1982	750
1983	751
1984	747
1985	745
1986	745
1987	752
1988	751
1989	751
1990	752
1991	753
1992	753
1993	750
1994	751
1995	750
1996	753
1997	749
1998	753
1999	754
2000	749
2001	749
2002	754
2003	755
2004	754
2005	756
2006	755
2007	756
2008	754
2009	753
2010	753
2011	757
2012	756
2013	757
2014	753
2015	758
2016	753
2017	752
2018	758
2019	758
2020	752
2021	745
2022	745
2023	759
2024	758
2025	758
2026	759
2027	760
2028	760
2029	757
2030	758
2031	761
2032	762
2033	763
2034	764
2035	765
2036	766
2037	765
2038	767
2039	766
2040	766
2041	767
2042	768
2043	768
2044	769
2045	766
2046	769
2047	768
2048	770
2049	768
2050	771
2051	770
2052	772
2053	773
2054	672
2055	773
2056	680
2057	672
2058	672
2059	680
2060	674
2061	680
2062	676
2063	674
2064	774
2065	775
2066	776
2067	775
2068	777
2069	776
2070	776
2071	777
2072	778
2073	759
2074	745
2075	779
2076	779
2077	745
2078	743
2079	780
2080	781
2081	782
2082	781
2083	783
2084	782
2085	782
2086	783
2087	784
2088	783
2089	785
2090	784
2091	785
2092	783
2093	786
2094	783
2095	787
2096	786
2097	786
2098	787
2099	730
2100	787
2101	729
2102	730
2103	729
2104	787
2105	727
2106	787
2107	788
2108	727
2109	788
2110	787
2111	789
2112	787
2113	783
2114	789
2115	789
2116	783
2117	790
2118	783
2119	781
2120	790
2121	659
2122	791
2123	658
2124	791
2125	792
2126	658
2127	658
2128	792
2129	793
2130	794
2131	795
2132	765
2133	765
2134	795
2135	767
2136	795
2137	796
2138	767
2139	767
2140	796
2141	768
2142	796
2143	797
2144	768
2145	768
2146	797
2147	798
2148	799
2149	801
2150	800
2151	800
2152	801
2153	802
2154	801
2155	803
2156	802
2157	804
2158	806
2159	805
2160	805
2161	806
2162	807
2163	806
2164	808
2165	807
2166	807
2167	808
2168	809
2169	810
2170	812
2171	811
2172	811
2173	812
2174	813
2175	813
2176	814
2177	811
2178	814
2179	813
2180	815
2181	815
2182	816
2183	814
2184	814
2185	816
2186	817
2187	816
2188	818
2189	817
2190	817
2191	818
2192	819
2193	818
2194	820
2195	819
2196	819
2197	820
2198	821
2199	820
2200	822
2201	821
2202	821
2203	822
2204	823
2205	823
2206	824
2207	821
2208	825
2209	826
2210	827
2211	826
2212	828
2213	827
2214	827
2215	828
2216	829
2217	829
2218	830
2219	827
2220	830
2221	829
2222	831
2223	829
2224	832
2225	831
2226	831
2227	832
2228	833
2229	832
2230	834
2231	833
2232	834
2233	832
2234	835
2235	835
2236	836
2237	834
2238	835
2239	832
2240	837
2241	832
2242	838
2243	837
2244	838
2245	832
2246	839
2247	832
2248	829
2249	839
2250	839
2251	829
2252	840
2253	829
2254	841
2255	840
2256	841
2257	829
2258	842
2259	829
2260	828
2261	842
2262	842
2263	828
2264	843
2265	843
2266	844
2267	842
2268	842
2269	844
2270	845
2271	845
2272	841
2273	842
2274	846
2275	848
2276	847
2277	847
2278	848
2279	849
2280	848
2281	850
2282	849
2283	850
2284	848
2285	851
2286	848
2287	852
2288	851
2289	851
2290	852
2291	853
2292	850
2293	851
2294	854
2295	854
2296	851
2297	855
2298	851
2299	856
2300	855
2301	856
2302	851
2303	857
2304	851
2305	858
2306	857
2307	857
2308	858
2309	859
2310	858
2311	860
2312	859
2313	860
2314	858
2315	861
2316	858
2317	862
2318	861
2319	861
2320	862
2321	863
2322	864
2323	866
2324	865
2325	865
2326	866
2327	867
2328	866
2329	868
2330	867
2331	868
2332	866
2333	869
2334	866
2335	870
2336	869
2337	870
2338	866
2339	871
2340	866
2341	864
2342	871
2343	871
2344	864
2345	872
2346	864
2347	865
2348	872
2349	872
2350	865
2351	873
2352	865
2353	867
2354	873
2355	873
2356	867
2357	874
2358	867
2359	875
2360	874
2361	875
2362	867
2363	868
2364	868
2365	876
2366	875
2367	877
2368	878
2369	879
2370	878
2371	880
2372	879
2373	880
2374	878
2375	881
2376	881
2377	882
2378	880
2379	880
2380	882
2381	883
2382	882
2383	884
2384	883
2385	883
2386	884
2387	885
2388	885
2389	886
2390	883
2391	883
2392	886
2393	887
2394	886
2395	888
2396	887
2397	887
2398	888
2399	889
2400	889
2401	890
2402	887
2403	887
2404	890
2405	891
2406	890
2407	892
2408	891
2409	880
2410	883
2411	879
2412	883
2413	893
2414	879
2415	879
2416	893
2417	894
2418	895
2419	897
2420	896
2421	896
2422	897
2423	898
2424	898
2425	899
2426	896
2427	896
2428	899
2429	900
2430	899
2431	901
2432	900
2433	900
2434	901
2435	902
2436	902
2437	896
2438	900
2439	896
2440	902
2441	903
2442	902
2443	904
2444	903
2445	905
2446	907
2447	906
2448	906
2449	907
2450	908
2451	908
2452	909
2453	906
2454	909
2455	908
2456	910
2457	908
2458	911
2459	910
2460	910
2461	911
2462	912
2463	911
2464	913
2465	912
2466	896
2467	903
2468	914
2469	893
2470	883
2471	891
2472	891
2473	883
2474	887
2475	915
2476	917
2477	916
2478	916
2479	917
2480	918
2481	918
2482	919
2483	916
2484	916
2485	919
2486	920
2487	920
2488	921
2489	916
2490	921
2491	920
2492	922
2493	922
2494	923
2495	921
2496	923
2497	922
2498	924
2499	924
2500	925
2501	923
2502	923
2503	925
2504	926
2505	925
2506	927
2507	926
2508	926
2509	927
2510	923
2511	927
2512	928
2513	923
2514	923
2515	928
2516	929
2517	928
2518	930
2519	929
2520	929
2521	930
2522	931
2523	930
2524	932
2525	931
2526	931
2527	932
2528	933
2529	932
2530	934
2531	933
2532	933
2533	934
2534	935
2535	934
2536	936
2537	935
2538	936
2539	934
2540	932
2541	932
2542	937
2543	936
2544	936
2545	937
2546	938
2547	937
2548	939
2549	938
2550	939
2551	937
2552	940
2553	937
2554	941
2555	940
2556	941
2557	937
2558	932
2559	932
2560	930
2561	941
2562	941
2563	930
2564	942
2565	930
2566	943
2567	942
2568	942
2569	943
2570	944
2571	943
2572	945
2573	944
2574	944
2575	945
2576	946
2577	945
2578	947
2579	946
2580	946
2581	947
2582	948
2583	947
2584	949
2585	948
2586	948
2587	949
2588	950
2589	949
2590	951
2591	950
2592	951
2593	949
2594	927
2595	927
2596	925
2597	951
2598	930
2599	928
2600	943
2601	943
2602	928
2603	952
2604	928
2605	927
2606	952
2607	952
2608	927
2609	953
2610	927
2611	949
2612	953
2613	953
2614	949
2615	947
2616	947
2617	943
2618	953
2619	953
2620	943
2621	952
2622	945
2623	943
2624	947
2625	954
2626	915
2627	955
2628	915
2629	916
2630	955
2631	955
2632	916
2633	956
2634	916
2635	957
2636	956
2637	957
2638	916
2639	921
2640	921
2641	958
2642	957
2643	957
2644	958
2645	959
2646	959
2647	960
2648	957
2649	957
2650	960
2651	956
2652	960
2653	961
2654	956
2655	956
2656	961
2657	955
2658	961
2659	954
2660	955
2661	921
2662	962
2663	958
2664	958
2665	962
2666	959
2667	962
2668	935
2669	959
2670	959
2671	935
2672	963
2673	935
2674	964
2675	963
2676	963
2677	964
2678	938
2679	964
2680	936
2681	938
2682	936
2683	964
2684	935
2685	935
2686	962
2687	933
2688	962
2689	921
2690	933
2691	933
2692	921
2693	931
2694	921
2695	965
2696	931
2697	931
2698	965
2699	929
2700	965
2701	923
2702	929
2703	923
2704	965
2705	921
