0	0.718
1	0.165
2	0.141
3	0.737
4	0.141
5	0.106
6	0.741
7	0.212
8	0.118
9	0.741
10	0.173
11	0.106
12	0.729
13	0.173
14	0.106
15	0.725
16	0.141
17	0.106
18	0.745
19	0.227
20	0.180
21	0.773
22	0.282
23	0.180
24	0.761
25	0.125
26	0.153
27	0.749
28	0.125
29	0.106
30	0.718
31	0.165
32	0.141
33	0.737
34	0.141
35	0.106
36	0.741
37	0.133
38	0.106
39	0.741
40	0.118
41	0.106
42	0.733
43	0.125
44	0.106
45	0.729
46	0.129
47	0.106
48	0.725
49	0.137
50	0.106
51	0.725
52	0.141
53	0.106
54	0.749
55	0.302
56	0.129
57	0.773
58	0.314
59	0.118
60	0.745
61	0.255
62	0.106
63	0.753
64	0.267
65	0.106
66	0.741
67	0.275
68	0.106
69	0.733
70	0.263
71	0.106
72	0.733
73	0.259
74	0.106
75	0.773
76	0.282
77	0.180
78	0.749
79	0.302
80	0.129
81	0.812
82	0.314
83	0.125
84	0.773
85	0.314
86	0.118
87	0.761
88	0.125
89	0.153
90	0.820
91	0.043
92	0.169
93	0.769
94	0.043
95	0.129
96	0.824
97	0.020
98	0.200
99	0.769
100	0.012
101	0.169
102	0.769
103	0.012
104	0.180
105	0.796
106	0.039
107	0.255
108	0.769
109	0.039
110	0.282
111	0.800
112	0.118
113	0.176
114	0.820
115	0.043
116	0.169
117	0.761
118	0.125
119	0.153
120	0.769
121	0.039
122	0.282
123	0.773
124	0.012
125	0.294
126	0.765
127	0.012
128	0.278
129	0.753
130	0.012
131	0.286
132	0.753
133	0.012
134	0.282
135	0.796
136	0.039
137	0.255
138	0.769
139	0.039
140	0.282
141	0.804
142	0.012
143	0.267
144	0.773
145	0.012
146	0.294
147	0.808
148	0.012
149	0.278
150	0.780
151	0.012
152	0.302
153	0.812
154	0.314
155	0.125
156	0.776
157	0.306
158	0.106
159	0.765
160	0.310
161	0.106
162	0.749
163	0.286
164	0.106
165	0.749
166	0.271
167	0.106
168	0.800
169	0.118
170	0.176
171	0.871
172	0.039
173	0.141
174	0.796
175	0.165
176	0.196
177	0.871
178	0.165
179	0.200
180	0.871
181	0.173
182	0.216
183	0.843
184	0.196
185	0.239
186	0.820
187	0.043
188	0.169
189	0.871
190	0.039
191	0.141
192	0.800
193	0.118
194	0.176
195	0.851
196	0.282
197	0.180
198	0.804
199	0.329
200	0.180
201	0.863
202	0.278
203	0.149
204	0.812
205	0.314
206	0.125
207	0.847
208	0.239
209	0.106
210	0.804
211	0.302
212	0.106
213	0.816
214	0.310
215	0.106
216	0.855
217	0.247
218	0.106
219	0.843
220	0.196
221	0.239
222	0.835
223	0.231
224	0.220
225	0.847
226	0.216
227	0.239
228	0.871
229	0.239
230	0.212
231	0.871
232	0.235
233	0.212
234	0.871
235	0.239
236	0.216
237	0.871
238	0.173
239	0.216
240	0.843
241	0.196
242	0.239
243	0.871
244	0.173
245	0.302
246	0.871
247	0.216
248	0.239
249	0.871
250	0.227
251	0.243
252	0.871
253	0.243
254	0.224
255	0.847
256	0.239
257	0.106
258	0.871
259	0.220
260	0.106
261	0.863
262	0.278
263	0.149
264	0.871
265	0.271
266	0.149
267	0.871
268	0.278
269	0.157
270	0.871
271	0.220
272	0.106
273	0.871
274	0.227
275	0.098
276	0.871
277	0.286
278	0.149
279	0.871
280	0.290
281	0.149
282	0.871
283	0.290
284	0.153
285	0.863
286	0.278
287	0.149
288	0.851
289	0.282
290	0.180
291	0.871
292	0.278
293	0.157
294	0.871
295	0.282
296	0.176
297	0.871
298	0.290
299	0.153
300	0.871
301	0.294
302	0.173
303	0.871
304	0.294
305	0.180
306	0.855
307	0.102
308	0.498
309	0.871
310	0.106
311	0.463
312	0.871
313	0.102
314	0.467
315	0.871
316	0.063
317	0.498
318	0.855
319	0.102
320	0.498
321	0.871
322	0.035
323	0.145
324	0.871
325	0.055
326	0.149
327	0.871
328	0.157
329	0.208
330	0.871
331	0.051
332	0.161
333	0.871
334	0.035
335	0.149
336	0.871
337	0.039
338	0.141
339	0.871
340	0.035
341	0.145
342	0.871
343	0.035
344	0.145
345	0.871
346	0.035
347	0.149
348	0.871
349	0.055
350	0.149
351	0.871
352	0.039
353	0.161
354	0.871
355	0.051
356	0.161
357	0.729
358	0.173
359	0.106
360	0.733
361	0.204
362	0.106
363	0.741
364	0.173
365	0.106
366	0.745
367	0.204
368	0.106
369	0.741
370	0.212
371	0.118
372	0.741
373	0.216
374	0.106
375	0.729
376	0.212
377	0.106
378	0.729
379	0.216
380	0.106
381	0.761
382	0.012
383	0.298
384	0.769
385	0.012
386	0.302
387	0.780
388	0.012
389	0.302
390	0.769
391	0.318
392	0.106
393	0.776
394	0.318
395	0.106
396	0.816
397	0.310
398	0.106
399	0.804
400	0.302
401	0.106
402	0.812
403	0.314
404	0.106
405	0.804
406	0.314
407	0.106
408	0.788
409	0.314
410	0.106
411	0.788
412	0.302
413	0.106
414	0.776
415	0.318
416	0.106
417	0.776
418	0.306
419	0.106
420	0.812
421	0.314
422	0.125
423	0.843
424	0.098
425	0.498
426	0.847
427	0.110
428	0.498
429	0.855
430	0.114
431	0.498
432	0.859
433	0.059
434	0.498
435	0.855
436	0.247
437	0.106
438	0.878
439	0.227
440	0.106
441	0.859
442	0.114
443	0.498
444	0.855
445	0.114
446	0.498
447	0.871
448	0.102
449	0.498
450	0.855
451	0.102
452	0.498
453	0.871
454	0.106
455	0.498
456	0.871
457	0.106
458	0.463
459	0.871
460	0.118
461	0.463
462	0.871
463	0.118
464	0.498
465	0.871
466	0.114
467	0.506
468	0.871
469	0.106
470	0.510
471	0.871
472	0.102
473	0.510
474	0.867
475	0.106
476	0.498
477	0.871
478	0.039
479	0.161
480	0.871
481	0.016
482	0.169
483	0.871
484	0.035
485	0.149
486	0.871
487	0.012
488	0.161
489	0.871
490	0.035
491	0.145
492	0.871
493	0.039
494	0.141
495	0.871
496	0.055
497	0.490
498	0.871
499	0.098
500	0.455
501	0.871
502	0.110
503	0.455
504	0.871
505	0.118
506	0.463
507	0.871
508	0.102
509	0.443
510	0.871
511	0.110
512	0.459
513	0.871
514	0.114
515	0.447
516	0.871
517	0.122
518	0.455
519	0.871
520	0.141
521	0.412
522	0.871
523	0.149
524	0.420
525	0.871
526	0.153
527	0.420
528	0.871
529	0.153
530	0.416
531	0.871
532	0.145
533	0.396
534	0.871
535	0.157
536	0.396
537	0.871
538	0.157
539	0.392
540	0.871
541	0.157
542	0.388
543	0.871
544	0.153
545	0.380
546	0.871
547	0.141
548	0.384
549	0.863
550	0.133
551	0.412
552	0.871
553	0.102
554	0.443
555	0.871
556	0.106
557	0.427
558	0.871
559	0.114
560	0.447
561	0.871
562	0.118
563	0.427
564	0.863
565	0.133
566	0.412
567	0.871
568	0.141
569	0.384
570	0.871
571	0.129
572	0.380
573	0.871
574	0.106
575	0.424
576	0.871
577	0.129
578	0.380
579	0.871
580	0.141
581	0.373
582	0.871
583	0.161
584	0.220
585	0.871
586	0.227
587	0.243
588	0.871
589	0.224
590	0.263
591	0.871
592	0.216
593	0.239
594	0.871
595	0.212
596	0.263
597	0.847
598	0.216
599	0.239
600	0.871
601	0.188
602	0.310
603	0.843
604	0.196
605	0.239
606	0.871
607	0.173
608	0.302
609	0.871
610	0.169
611	0.306
612	0.871
613	0.173
614	0.216
615	0.871
616	0.161
617	0.220
618	0.871
619	0.157
620	0.306
621	0.871
622	0.157
623	0.310
624	0.871
625	0.161
626	0.314
627	0.871
628	0.173
629	0.322
630	0.871
631	0.180
632	0.314
633	0.871
634	0.180
635	0.322
636	0.871
637	0.184
638	0.322
639	0.871
640	0.192
641	0.318
642	0.871
643	0.196
644	0.318
645	0.871
646	0.200
647	0.314
648	0.871
649	0.224
650	0.267
651	0.761
652	0.125
653	0.153
654	0.800
655	0.118
656	0.176
657	0.718
658	0.165
659	0.141
660	0.796
661	0.165
662	0.196
663	0.745
664	0.227
665	0.180
666	0.843
667	0.196
668	0.239
669	0.835
670	0.231
671	0.220
672	0.804
673	0.329
674	0.180
675	0.773
676	0.282
677	0.180
678	0.749
679	0.302
680	0.129
681	0.773
682	0.282
683	0.180
684	0.741
685	0.212
686	0.118
687	0.804
688	0.329
689	0.180
690	0.812
691	0.314
692	0.125
693	0.773
694	0.282
695	0.180
696	0.851
697	0.282
698	0.180
699	0.871
700	0.282
701	0.176
702	0.871
703	0.239
704	0.212
705	0.871
706	0.247
707	0.220
708	0.871
709	0.243
710	0.220
711	0.871
712	0.239
713	0.224
714	0.820
715	0.043
716	0.169
717	0.871
718	0.039
719	0.141
720	0.824
721	0.020
722	0.200
723	0.871
724	0.012
725	0.161
726	0.827
727	0.012
728	0.200
729	0.878
730	0.012
731	0.169
732	0.839
733	0.012
734	0.208
735	0.804
736	0.012
737	0.267
738	0.796
739	0.039
740	0.255
741	0.808
742	0.012
743	0.278
744	0.812
745	0.012
746	0.275
747	0.812
748	0.012
749	0.271
750	0.871
751	0.290
752	0.184
753	0.871
754	0.294
755	0.180
756	0.765
757	0.012
758	0.663
759	0.765
760	0.012
761	0.667
762	0.780
763	0.012
764	0.690
765	0.776
766	0.031
767	0.671
768	0.780
769	0.012
770	0.690
771	0.765
772	0.012
773	0.667
774	0.765
775	0.012
776	0.663
777	0.776
778	0.031
779	0.671
780	0.769
781	0.012
782	0.627
783	0.753
784	0.012
785	0.663
786	0.757
787	0.012
788	0.627
789	0.769
790	0.035
791	0.573
792	0.773
793	0.012
794	0.561
795	0.784
796	0.012
797	0.537
798	0.761
799	0.012
800	0.557
801	0.773
802	0.012
803	0.529
804	0.776
805	0.012
806	0.529
807	0.776
808	0.031
809	0.671
810	0.780
811	0.012
812	0.690
813	0.800
814	0.012
815	0.698
816	0.776
817	0.012
818	0.702
819	0.796
820	0.012
821	0.710
822	0.820
823	0.027
824	0.557
825	0.792
826	0.012
827	0.533
828	0.827
829	0.012
830	0.553
831	0.827
832	0.012
833	0.541
834	0.800
835	0.012
836	0.522
837	0.792
838	0.012
839	0.522
840	0.855
841	0.078
842	0.553
843	0.843
844	0.043
845	0.549
846	0.820
847	0.027
848	0.557
849	0.867
850	0.012
851	0.549
852	0.827
853	0.012
854	0.553
855	0.827
856	0.012
857	0.541
858	0.859
859	0.012
860	0.537
861	0.871
862	0.012
863	0.541
864	0.859
865	0.012
866	0.533
867	0.855
868	0.078
869	0.553
870	0.871
871	0.075
872	0.557
873	0.831
874	0.043
875	0.604
876	0.871
877	0.051
878	0.592
879	0.871
880	0.063
881	0.596
882	0.871
883	0.082
884	0.561
885	0.871
886	0.051
887	0.510
888	0.863
889	0.075
890	0.498
891	0.855
892	0.102
893	0.498
894	0.851
895	0.071
896	0.498
897	0.843
898	0.098
899	0.498
900	0.855
901	0.078
902	0.553
903	0.871
904	0.102
905	0.506
906	0.871
907	0.075
908	0.557
909	0.871
910	0.102
911	0.498
912	0.871
913	0.086
914	0.561
915	0.871
916	0.114
917	0.502
918	0.855
919	0.078
920	0.553
921	0.855
922	0.102
923	0.498
924	0.871
925	0.102
926	0.498
927	0.871
928	0.106
929	0.498
930	0.855
931	0.078
932	0.553
933	0.871
934	0.102
935	0.498
936	0.871
937	0.102
938	0.506
939	0.855
940	0.102
941	0.498
942	0.871
943	0.106
944	0.498
945	0.871
946	0.102
947	0.498
948	0.859
949	0.055
950	0.498
951	0.871
952	0.059
953	0.498
954	0.871
955	0.051
956	0.490
957	0.871
958	0.043
959	0.498
960	0.871
961	0.004
962	0.529
963	0.867
964	0.012
965	0.690
966	0.863
967	0.012
968	0.686
969	0.871
970	0.012
971	0.678
972	0.867
973	0.012
974	0.675
975	0.871
976	0.020
977	0.659
978	0.871
979	0.031
980	0.643
981	0.871
982	0.031
983	0.667
984	0.871
985	0.039
986	0.651
987	0.871
988	0.043
989	0.647
990	0.871
991	0.024
992	0.682
993	0.871
994	0.082
995	0.561
996	0.855
997	0.078
998	0.553
999	0.820
1000	0.027
1001	0.557
1002	0.831
1003	0.043
1004	0.604
1005	0.769
1006	0.035
1007	0.573
1008	0.776
1009	0.031
1010	0.671
1011	0.871
1012	0.031
1013	0.643
1014	0.871
1015	0.051
1016	0.592
1017	0.871
1018	0.043
1019	0.647
1020	0.871
1021	0.063
1022	0.596
1023	0.784
1024	0.012
1025	0.537
1026	0.792
1027	0.012
1028	0.533
1029	0.780
1030	0.012
1031	0.525
1032	0.776
1033	0.012
1034	0.529
1035	0.867
1036	0.012
1037	0.675
1038	0.800
1039	0.012
1040	0.698
1041	0.863
1042	0.012
1043	0.686
1044	0.800
1045	0.012
1046	0.710
1047	0.796
1048	0.012
1049	0.710
1050	0.855
1051	0.078
1052	0.553
1053	0.843
1054	0.043
1055	0.549
1056	0.855
1057	0.102
1058	0.498
1059	0.788
1060	0.012
1061	0.522
1062	0.792
1063	0.012
1064	0.522
1065	0.741
1066	0.012
1067	0.392
1068	0.737
1069	0.012
1070	0.322
1071	0.737
1072	0.090
1073	0.208
1074	0.749
1075	0.012
1076	0.247
1077	0.725
1078	0.012
1079	0.318
1080	0.725
1081	0.012
1082	0.322
1083	0.729
1084	0.012
1085	0.392
1086	0.729
1087	0.012
1088	0.396
1089	0.733
1090	0.012
1091	0.396
1092	0.745
1093	0.012
1094	0.396
1095	0.733
1096	0.012
1097	0.400
1098	0.745
1099	0.012
1100	0.427
1101	0.733
1102	0.012
1103	0.424
1104	0.729
1105	0.012
1106	0.459
1107	0.741
1108	0.012
1109	0.459
1110	0.725
1111	0.012
1112	0.463
1113	0.737
1114	0.012
1115	0.467
1116	0.725
1117	0.012
1118	0.467
1119	0.745
1120	0.192
1121	0.482
1122	0.741
1123	0.180
1124	0.482
1125	0.737
1126	0.012
1127	0.467
1128	0.741
1129	0.220
1130	0.498
1131	0.737
1132	0.090
1133	0.498
1134	0.737
1135	0.220
1136	0.498
1137	0.729
1138	0.220
1139	0.498
1140	0.725
1141	0.090
1142	0.498
1143	0.737
1144	0.012
1145	0.498
1146	0.725
1147	0.012
1148	0.498
1149	0.725
1150	0.012
1151	0.467
1152	0.761
1153	0.125
1154	0.153
1155	0.737
1156	0.090
1157	0.208
1158	0.749
1159	0.125
1160	0.106
1161	0.745
1162	0.122
1163	0.106
1164	0.741
1165	0.133
1166	0.106
1167	0.741
1168	0.118
1169	0.106
1170	0.733
1171	0.125
1172	0.106
1173	0.729
1174	0.129
1175	0.106
1176	0.745
1177	0.122
1178	0.106
1179	0.741
1180	0.133
1181	0.106
1182	0.741
1183	0.212
1184	0.118
1185	0.741
1186	0.173
1187	0.106
1188	0.729
1189	0.133
1190	0.106
1191	0.729
1192	0.129
1193	0.106
1194	0.749
1195	0.302
1196	0.129
1197	0.749
1198	0.294
1199	0.220
1200	0.745
1201	0.153
1202	0.306
1203	0.749
1204	0.153
1205	0.306
1206	0.749
1207	0.133
1208	0.325
1209	0.753
1210	0.133
1211	0.325
1212	0.753
1213	0.133
1214	0.329
1215	0.753
1216	0.133
1217	0.337
1218	0.757
1219	0.255
1220	0.278
1221	0.753
1222	0.133
1223	0.353
1224	0.757
1225	0.255
1226	0.396
1227	0.753
1228	0.255
1229	0.412
1230	0.753
1231	0.255
1232	0.420
1233	0.741
1234	0.012
1235	0.463
1236	0.749
1237	0.255
1238	0.482
1239	0.745
1240	0.192
1241	0.482
1242	0.749
1243	0.302
1244	0.129
1245	0.749
1246	0.286
1247	0.106
1248	0.745
1249	0.255
1250	0.106
1251	0.737
1252	0.290
1253	0.106
1254	0.733
1255	0.259
1256	0.106
1257	0.749
1258	0.153
1259	0.306
1260	0.757
1261	0.255
1262	0.255
1263	0.749
1264	0.133
1265	0.325
1266	0.757
1267	0.255
1268	0.259
1269	0.753
1270	0.133
1271	0.325
1272	0.757
1273	0.255
1274	0.263
1275	0.753
1276	0.133
1277	0.329
1278	0.757
1279	0.255
1280	0.278
1281	0.749
1282	0.294
1283	0.220
1284	0.757
1285	0.325
1286	0.212
1287	0.749
1288	0.153
1289	0.306
1290	0.753
1291	0.267
1292	0.247
1293	0.757
1294	0.255
1295	0.255
1296	0.749
1297	0.247
1298	0.106
1299	0.765
1300	0.482
1301	0.106
1302	0.749
1303	0.294
1304	0.220
1305	0.765
1306	0.498
1307	0.118
1308	0.757
1309	0.325
1310	0.212
1311	0.749
1312	0.247
1313	0.106
1314	0.749
1315	0.286
1316	0.106
1317	0.749
1318	0.294
1319	0.220
1320	0.749
1321	0.302
1322	0.129
1323	0.753
1324	0.376
1325	0.459
1326	0.749
1327	0.255
1328	0.482
1329	0.753
1330	0.498
1331	0.498
1332	0.749
1333	0.373
1334	0.498
1335	0.741
1336	0.498
1337	0.498
1338	0.737
1339	0.373
1340	0.498
1341	0.749
1342	0.349
1343	0.498
1344	0.737
1345	0.349
1346	0.498
1347	0.741
1348	0.220
1349	0.498
1350	0.741
1351	0.180
1352	0.482
1353	0.745
1354	0.192
1355	0.482
1356	0.753
1357	0.267
1358	0.247
1359	0.757
1360	0.325
1361	0.212
1362	0.761
1363	0.376
1364	0.184
1365	0.765
1366	0.498
1367	0.118
1368	0.773
1369	0.498
1370	0.125
1371	0.757
1372	0.498
1373	0.122
1374	0.761
1375	0.498
1376	0.129
1377	0.765
1378	0.376
1379	0.188
1380	0.765
1381	0.376
1382	0.192
1383	0.769
1384	0.012
1385	0.180
1386	0.769
1387	0.012
1388	0.169
1389	0.765
1390	0.012
1391	0.278
1392	0.757
1393	0.012
1394	0.173
1395	0.753
1396	0.012
1397	0.278
1398	0.753
1399	0.012
1400	0.282
1401	0.737
1402	0.012
1403	0.243
1404	0.749
1405	0.012
1406	0.235
1407	0.761
1408	0.012
1409	0.239
1410	0.729
1411	0.173
1412	0.106
1413	0.729
1414	0.220
1415	0.498
1416	0.737
1417	0.220
1418	0.498
1419	0.733
1420	0.259
1421	0.106
1422	0.745
1423	0.255
1424	0.106
1425	0.733
1426	0.255
1427	0.106
1428	0.741
1429	0.216
1430	0.106
1431	0.729
1432	0.216
1433	0.106
1434	0.729
1435	0.173
1436	0.106
1437	0.741
1438	0.173
1439	0.106
1440	0.741
1441	0.212
1442	0.118
1443	0.749
1444	0.302
1445	0.129
1446	0.753
1447	0.298
1448	0.106
1449	0.753
1450	0.298
1451	0.106
1452	0.765
1453	0.482
1454	0.106
1455	0.749
1456	0.247
1457	0.106
1458	0.765
1459	0.482
1460	0.106
1461	0.753
1462	0.482
1463	0.106
1464	0.753
1465	0.298
1466	0.106
1467	0.757
1468	0.498
1469	0.122
1470	0.753
1471	0.498
1472	0.118
1473	0.765
1474	0.498
1475	0.106
1476	0.753
1477	0.498
1478	0.106
1479	0.753
1480	0.482
1481	0.106
1482	0.761
1483	0.286
1484	0.106
1485	0.757
1486	0.286
1487	0.106
1488	0.761
1489	0.290
1490	0.106
1491	0.769
1492	0.012
1493	0.180
1494	0.737
1495	0.090
1496	0.208
1497	0.765
1498	0.012
1499	0.173
1500	0.769
1501	0.043
1502	0.129
1503	0.761
1504	0.125
1505	0.153
1506	0.765
1507	0.047
1508	0.106
1509	0.749
1510	0.012
1511	0.106
1512	0.753
1513	0.051
1514	0.106
1515	0.737
1516	0.016
1517	0.106
1518	0.769
1519	0.039
1520	0.282
1521	0.769
1522	0.012
1523	0.180
1524	0.765
1525	0.012
1526	0.278
1527	0.737
1528	0.090
1529	0.208
1530	0.769
1531	0.039
1532	0.282
1533	0.749
1534	0.012
1535	0.247
1536	0.765
1537	0.012
1538	0.278
1539	0.757
1540	0.012
1541	0.243
1542	0.749
1543	0.255
1544	0.482
1545	0.753
1546	0.255
1547	0.420
1548	0.753
1549	0.376
1550	0.459
1551	0.765
1552	0.498
1553	0.376
1554	0.753
1555	0.498
1556	0.498
1557	0.741
1558	0.498
1559	0.498
1560	0.753
1561	0.498
1562	0.376
1563	0.765
1564	0.498
1565	0.365
1566	0.753
1567	0.498
1568	0.365
1569	0.753
1570	0.255
1571	0.412
1572	0.757
1573	0.255
1574	0.396
1575	0.761
1576	0.376
1577	0.322
1578	0.753
1579	0.267
1580	0.247
1581	0.761
1582	0.376
1583	0.184
1584	0.757
1585	0.255
1586	0.255
1587	0.765
1588	0.376
1589	0.188
1590	0.765
1591	0.376
1592	0.192
1593	0.757
1594	0.255
1595	0.259
1596	0.765
1597	0.376
1598	0.196
1599	0.765
1600	0.376
1601	0.200
1602	0.757
1603	0.255
1604	0.263
1605	0.765
1606	0.376
1607	0.208
1608	0.757
1609	0.255
1610	0.278
1611	0.761
1612	0.376
1613	0.322
1614	0.757
1615	0.255
1616	0.396
1617	0.761
1618	0.376
1619	0.322
1620	0.765
1621	0.498
1622	0.365
1623	0.765
1624	0.376
1625	0.208
1626	0.773
1627	0.498
1628	0.133
1629	0.765
1630	0.376
1631	0.200
1632	0.765
1633	0.376
1634	0.196
1635	0.765
1636	0.376
1637	0.192
1638	0.773
1639	0.498
1640	0.125
1641	0.761
1642	0.498
1643	0.129
1644	0.761
1645	0.498
1646	0.133
1647	0.753
1648	0.498
1649	0.365
1650	0.769
1651	0.012
1652	0.169
1653	0.737
1654	0.012
1655	0.110
1656	0.757
1657	0.012
1658	0.173
1659	0.741
1660	0.118
1661	0.106
1662	0.749
1663	0.125
1664	0.106
1665	0.749
1666	0.090
1667	0.106
1668	0.761
1669	0.094
1670	0.106
1671	0.753
1672	0.498
1673	0.498
1674	0.753
1675	0.518
1676	0.498
1677	0.765
1678	0.498
1679	0.392
1680	0.765
1681	0.675
1682	0.412
1683	0.773
1684	0.667
1685	0.357
1686	0.765
1687	0.498
1688	0.376
1689	0.773
1690	0.667
1691	0.349
1692	0.780
1693	0.835
1694	0.322
1695	0.769
1696	0.816
1697	0.455
1698	0.761
1699	0.737
1700	0.498
1701	0.757
1702	0.737
1703	0.498
1704	0.749
1705	0.737
1706	0.498
1707	0.741
1708	0.518
1709	0.498
1710	0.741
1711	0.498
1712	0.498
1713	0.765
1714	0.498
1715	0.392
1716	0.753
1717	0.498
1718	0.498
1719	0.765
1720	0.498
1721	0.376
1722	0.741
1723	0.498
1724	0.498
1725	0.753
1726	0.498
1727	0.376
1728	0.769
1729	0.816
1730	0.455
1731	0.769
1732	0.953
1733	0.498
1734	0.780
1735	0.835
1736	0.322
1737	0.769
1738	0.976
1739	0.498
1740	0.773
1741	0.984
1742	0.498
1743	0.769
1744	0.953
1745	0.498
1746	0.761
1747	0.984
1748	0.498
1749	0.757
1750	0.953
1751	0.498
1752	0.776
1753	0.537
1754	0.106
1755	0.773
1756	0.537
1757	0.106
1758	0.773
1759	0.533
1760	0.106
1761	0.776
1762	0.537
1763	0.106
1764	0.827
1765	0.980
1766	0.106
1767	0.784
1768	0.765
1769	0.106
1770	0.804
1771	0.906
1772	0.216
1773	0.776
1774	0.702
1775	0.216
1776	0.776
1777	0.573
1778	0.106
1779	0.776
1780	0.698
1781	0.216
1782	0.773
1783	0.667
1784	0.345
1785	0.765
1786	0.498
1787	0.365
1788	0.753
1789	0.498
1790	0.376
1791	0.753
1792	0.498
1793	0.365
1794	0.761
1795	0.498
1796	0.129
1797	0.773
1798	0.498
1799	0.125
1800	0.757
1801	0.498
1802	0.122
1803	0.765
1804	0.498
1805	0.118
1806	0.753
1807	0.498
1808	0.118
1809	0.753
1810	0.498
1811	0.106
1812	0.765
1813	0.498
1814	0.106
1815	0.757
1816	0.518
1817	0.106
1818	0.769
1819	0.518
1820	0.106
1821	0.773
1822	0.533
1823	0.106
1824	0.773
1825	0.537
1826	0.106
1827	0.776
1828	0.549
1829	0.106
1830	0.776
1831	0.537
1832	0.106
1833	0.765
1834	0.537
1835	0.106
1836	0.765
1837	0.549
1838	0.106
1839	0.776
1840	0.561
1841	0.106
1842	0.765
1843	0.561
1844	0.106
1845	0.769
1846	0.529
1847	0.235
1848	0.769
1849	0.525
1850	0.235
1851	0.827
1852	0.980
1853	0.106
1854	0.831
1855	0.984
1856	0.106
1857	0.784
1858	0.765
1859	0.106
1860	0.820
1861	0.988
1862	0.106
1863	0.773
1864	0.769
1865	0.106
1866	0.761
1867	0.537
1868	0.106
1869	0.765
1870	0.573
1871	0.106
1872	0.773
1873	0.765
1874	0.106
1875	0.773
1876	0.769
1877	0.106
1878	0.796
1879	0.984
1880	0.294
1881	0.776
1882	0.984
1883	0.384
1884	0.808
1885	0.984
1886	0.298
1887	0.788
1888	0.984
1889	0.388
1890	0.776
1891	0.984
1892	0.439
1893	0.765
1894	0.984
1895	0.435
1896	0.769
1897	0.816
1898	0.455
1899	0.769
1900	0.953
1901	0.498
1902	0.761
1903	0.737
1904	0.498
1905	0.757
1906	0.953
1907	0.498
1908	0.757
1909	0.737
1910	0.498
1911	0.749
1912	0.737
1913	0.498
1914	0.827
1915	0.980
1916	0.106
1917	0.831
1918	0.984
1919	0.106
1920	0.804
1921	0.906
1922	0.216
1923	0.804
1924	0.910
1925	0.216
1926	0.780
1927	0.835
1928	0.322
1929	0.820
1930	0.984
1931	0.243
1932	0.808
1933	0.984
1934	0.298
1935	0.796
1936	0.984
1937	0.294
1938	0.808
1939	0.984
1940	0.239
1941	0.820
1942	0.984
1943	0.106
1944	0.725
1945	0.012
1946	0.890
1947	0.725
1948	0.012
1949	0.839
1950	0.729
1951	0.043
1952	0.690
1953	0.729
1954	0.012
1955	0.788
1956	0.729
1957	0.012
1958	0.702
1959	0.718
1960	0.012
1961	0.702
1962	0.718
1963	0.012
1964	0.698
1965	0.733
1966	0.012
1967	0.690
1968	0.733
1969	0.012
1970	0.667
1971	0.737
1972	0.012
1973	0.651
1974	0.753
1975	0.012
1976	0.631
1977	0.729
1978	0.012
1979	0.643
1980	0.725
1981	0.012
1982	0.647
1983	0.722
1984	0.012
1985	0.663
1986	0.722
1987	0.012
1988	0.667
1989	0.722
1990	0.012
1991	0.690
1992	0.729
1993	0.173
1994	0.788
1995	0.725
1996	0.114
1997	0.890
1998	0.714
1999	0.114
2000	0.890
2001	0.714
2002	0.012
2003	0.890
2004	0.714
2005	0.012
2006	0.839
2007	0.718
2008	0.012
2009	0.784
2010	0.729
2011	0.384
2012	0.824
2013	0.729
2014	0.271
2015	0.784
2016	0.725
2017	0.498
2018	0.878
2019	0.729
2020	0.384
2021	0.835
2022	0.725
2023	0.498
2024	0.890
2025	0.729
2026	0.271
2027	0.788
2028	0.725
2029	0.306
2030	0.890
2031	0.729
2032	0.173
2033	0.788
2034	0.725
2035	0.114
2036	0.890
2037	0.722
2038	0.306
2039	0.890
2040	0.714
2041	0.498
2042	0.890
2043	0.714
2044	0.306
2045	0.890
2046	0.714
2047	0.114
2048	0.890
2049	0.729
2050	0.043
2051	0.690
2052	0.733
2053	0.012
2054	0.620
2055	0.729
2056	0.141
2057	0.690
2058	0.733
2059	0.133
2060	0.675
2061	0.729
2062	0.271
2063	0.761
2064	0.729
2065	0.255
2066	0.729
2067	0.729
2068	0.141
2069	0.690
2070	0.729
2071	0.271
2072	0.761
2073	0.729
2074	0.043
2075	0.690
2076	0.729
2077	0.271
2078	0.769
2079	0.729
2080	0.271
2081	0.784
2082	0.729
2083	0.384
2084	0.824
2085	0.729
2086	0.173
2087	0.788
2088	0.729
2089	0.271
2090	0.788
2091	0.729
2092	0.384
2093	0.835
2094	0.729
2095	0.043
2096	0.690
2097	0.733
2098	0.012
2099	0.620
2100	0.761
2101	0.012
2102	0.549
2103	0.733
2104	0.012
2105	0.612
2106	0.769
2107	0.012
2108	0.553
2109	0.769
2110	0.012
2111	0.557
2112	0.741
2113	0.012
2114	0.616
2115	0.729
2116	0.012
2117	0.624
2118	0.722
2119	0.012
2120	0.612
2121	0.733
2122	0.012
2123	0.718
2124	0.729
2125	0.043
2126	0.690
2127	0.733
2128	0.012
2129	0.690
2130	0.733
2131	0.012
2132	0.690
2133	0.733
2134	0.012
2135	0.718
2136	0.729
2137	0.043
2138	0.690
2139	0.776
2140	0.031
2141	0.671
2142	0.769
2143	0.035
2144	0.573
2145	0.729
2146	0.043
2147	0.690
2148	0.765
2149	0.012
2150	0.541
2151	0.761
2152	0.012
2153	0.549
2154	0.765
2155	0.012
2156	0.549
2157	0.729
2158	0.376
2159	0.765
2160	0.733
2161	0.255
2162	0.694
2163	0.729
2164	0.376
2165	0.745
2166	0.733
2167	0.255
2168	0.678
2169	0.733
2170	0.376
2171	0.737
2172	0.733
2173	0.376
2174	0.718
2175	0.737
2176	0.255
2177	0.631
2178	0.733
2179	0.376
2180	0.694
2181	0.733
2182	0.498
2183	0.761
2184	0.733
2185	0.384
2186	0.694
2187	0.737
2188	0.384
2189	0.678
2190	0.737
2191	0.275
2192	0.592
2193	0.737
2194	0.275
2195	0.631
2196	0.729
2197	0.376
2198	0.765
2199	0.733
2200	0.255
2201	0.694
2202	0.729
2203	0.376
2204	0.776
2205	0.733
2206	0.255
2207	0.714
2208	0.737
2209	0.133
2210	0.565
2211	0.737
2212	0.047
2213	0.498
2214	0.737
2215	0.255
2216	0.631
2217	0.737
2218	0.161
2219	0.565
2220	0.737
2221	0.275
2222	0.631
2223	0.737
2224	0.161
2225	0.565
2226	0.737
2227	0.275
2228	0.592
2229	0.737
2230	0.047
2231	0.498
2232	0.737
2233	0.275
2234	0.580
2235	0.737
2236	0.090
2237	0.498
2238	0.737
2239	0.294
2240	0.580
2241	0.745
2242	0.294
2243	0.506
2244	0.741
2245	0.396
2246	0.584
2247	0.753
2248	0.498
2249	0.510
2250	0.749
2251	0.314
2252	0.506
2253	0.741
2254	0.125
2255	0.498
2256	0.741
2257	0.224
2258	0.498
2259	0.749
2260	0.357
2261	0.498
2262	0.753
2263	0.498
2264	0.498
2265	0.741
2266	0.498
2267	0.510
2268	0.741
2269	0.498
2270	0.498
2271	0.737
2272	0.357
2273	0.498
2274	0.737
2275	0.224
2276	0.498
2277	0.725
2278	0.090
2279	0.498
2280	0.729
2281	0.224
2282	0.498
2283	0.737
2284	0.275
2285	0.631
2286	0.737
2287	0.161
2288	0.565
2289	0.737
2290	0.275
2291	0.592
2292	0.776
2293	0.031
2294	0.671
2295	0.769
2296	0.012
2297	0.627
2298	0.769
2299	0.035
2300	0.573
2301	0.765
2302	0.012
2303	0.592
2304	0.773
2305	0.012
2306	0.561
2307	0.765
2308	0.012
2309	0.541
2310	0.765
2311	0.012
2312	0.561
2313	0.761
2314	0.012
2315	0.565
2316	0.714
2317	0.498
2318	0.875
2319	0.714
2320	0.498
2321	0.878
2322	0.725
2323	0.012
2324	0.498
2325	0.737
2326	0.012
2327	0.498
2328	0.725
2329	0.012
2330	0.592
2331	0.737
2332	0.012
2333	0.576
2334	0.729
2335	0.012
2336	0.592
2337	0.725
2338	0.047
2339	0.498
2340	0.741
2341	0.498
2342	0.510
2343	0.725
2344	0.498
2345	0.663
2346	0.753
2347	0.498
2348	0.510
2349	0.737
2350	0.498
2351	0.667
2352	0.741
2353	0.396
2354	0.584
2355	0.737
2356	0.294
2357	0.580
2358	0.737
2359	0.275
2360	0.580
2361	0.737
2362	0.498
2363	0.690
2364	0.722
2365	0.498
2366	0.761
2367	0.725
2368	0.498
2369	0.686
2370	0.725
2371	0.498
2372	0.667
2373	0.745
2374	0.012
2375	0.624
2376	0.745
2377	0.012
2378	0.620
2379	0.749
2380	0.012
2381	0.620
2382	0.757
2383	0.012
2384	0.627
2385	0.753
2386	0.012
2387	0.596
2388	0.753
2389	0.012
2390	0.592
2391	0.761
2392	0.012
2393	0.561
2394	0.761
2395	0.012
2396	0.557
2397	0.729
2398	0.384
2399	0.824
2400	0.725
2401	0.498
2402	0.878
2403	0.729
2404	0.498
2405	0.851
2406	0.714
2407	0.498
2408	0.875
2409	0.718
2410	0.498
2411	0.851
2412	0.729
2413	0.043
2414	0.690
2415	0.776
2416	0.031
2417	0.671
2418	0.753
2419	0.012
2420	0.631
2421	0.769
2422	0.012
2423	0.627
2424	0.749
2425	0.012
2426	0.620
2427	0.757
2428	0.012
2429	0.620
2430	0.733
2431	0.133
2432	0.675
2433	0.729
2434	0.255
2435	0.729
2436	0.733
2437	0.133
2438	0.671
2439	0.733
2440	0.133
2441	0.667
2442	0.729
2443	0.255
2444	0.725
2445	0.733
2446	0.133
2447	0.659
2448	0.733
2449	0.133
2450	0.655
2451	0.733
2452	0.255
2453	0.714
2454	0.733
2455	0.133
2456	0.643
2457	0.733
2458	0.255
2459	0.694
2460	0.733
2461	0.133
2462	0.635
2463	0.733
2464	0.255
2465	0.678
2466	0.737
2467	0.133
2468	0.588
2469	0.737
2470	0.133
2471	0.565
2472	0.737
2473	0.255
2474	0.631
2475	0.729
2476	0.384
2477	0.824
2478	0.729
2479	0.271
2480	0.769
2481	0.729
2482	0.498
2483	0.851
2484	0.729
2485	0.271
2486	0.761
2487	0.729
2488	0.498
2489	0.835
2490	0.718
2491	0.498
2492	0.851
2493	0.718
2494	0.498
2495	0.835
2496	0.729
2497	0.498
2498	0.800
2499	0.718
2500	0.498
2501	0.800
2502	0.718
2503	0.498
2504	0.796
2505	0.733
2506	0.498
2507	0.761
2508	0.722
2509	0.498
2510	0.761
2511	0.733
2512	0.376
2513	0.718
2514	0.733
2515	0.376
2516	0.737
2517	0.729
2518	0.376
2519	0.745
2520	0.729
2521	0.376
2522	0.765
2523	0.729
2524	0.376
2525	0.776
2526	0.729
2527	0.376
2528	0.780
2529	0.729
2530	0.255
2531	0.729
2532	0.729
2533	0.255
2534	0.725
2535	0.733
2536	0.255
2537	0.714
2538	0.733
2539	0.012
2540	0.620
2541	0.733
2542	0.133
2543	0.675
2544	0.733
2545	0.012
2546	0.612
2547	0.733
2548	0.133
2549	0.671
2550	0.733
2551	0.133
2552	0.667
2553	0.737
2554	0.012
2555	0.592
2556	0.722
2557	0.012
2558	0.612
2559	0.725
2560	0.012
2561	0.592
2562	0.733
2563	0.133
2564	0.659
2565	0.733
2566	0.133
2567	0.655
2568	0.733
2569	0.133
2570	0.643
2571	0.733
2572	0.133
2573	0.635
2574	0.737
2575	0.012
2576	0.498
2577	0.737
2578	0.133
2579	0.588
2580	0.737
2581	0.133
2582	0.565
2583	0.737
2584	0.047
2585	0.498
2586	0.725
2587	0.012
2588	0.498
2589	0.725
2590	0.047
2591	0.498
2592	0.725
2593	0.498
2594	0.890
2595	0.725
2596	0.608
2597	0.890
2598	0.729
2599	0.498
2600	0.835
2601	0.729
2602	0.651
2603	0.890
2604	0.729
2605	0.498
2606	0.800
2607	0.718
2608	0.498
2609	0.800
2610	0.718
2611	0.498
2612	0.835
2613	0.714
2614	0.498
2615	0.890
2616	0.714
2617	0.608
2618	0.890
2619	0.718
2620	0.651
2621	0.890
2622	0.718
2623	0.725
2624	0.890
2625	0.729
2626	0.725
2627	0.890
2628	0.729
2629	0.612
2630	0.827
2631	0.729
2632	0.612
2633	0.827
2634	0.733
2635	0.729
2636	0.827
2637	0.729
2638	0.725
2639	0.890
2640	0.737
2641	0.961
2642	0.890
2643	0.733
2644	0.729
2645	0.824
2646	0.733
2647	0.737
2648	0.824
2649	0.737
2650	0.973
2651	0.890
2652	0.737
2653	0.855
2654	0.839
2655	0.737
2656	0.859
2657	0.839
2658	0.737
2659	0.863
2660	0.839
2661	0.737
2662	0.984
2663	0.890
2664	0.737
2665	0.863
2666	0.831
2667	0.737
2668	0.863
2669	0.820
2670	0.737
2671	0.984
2672	0.867
2673	0.725
2674	0.984
2675	0.890
2676	0.725
2677	0.984
2678	0.863
2679	0.725
2680	0.973
2681	0.890
2682	0.718
2683	0.725
2684	0.890
2685	0.737
2686	0.616
2687	0.753
2688	0.733
2689	0.498
2690	0.757
2691	0.733
2692	0.737
2693	0.824
2694	0.733
2695	0.729
2696	0.824
2697	0.733
2698	0.729
2699	0.827
2700	0.733
2701	0.498
2702	0.761
2703	0.729
2704	0.612
2705	0.827
2706	0.729
2707	0.498
2708	0.800
2709	0.718
2710	0.498
2711	0.796
2712	0.718
2713	0.498
2714	0.800
2715	0.733
2716	0.737
2717	0.824
2718	0.737
2719	0.855
2720	0.839
2721	0.737
2722	0.737
2723	0.788
2724	0.737
2725	0.741
2726	0.788
2727	0.737
2728	0.859
2729	0.839
2730	0.737
2731	0.863
2732	0.839
2733	0.737
2734	0.741
2735	0.776
2736	0.737
2737	0.863
2738	0.831
2739	0.737
2740	0.863
2741	0.820
2742	0.722
2743	0.498
2744	0.757
2745	0.737
2746	0.616
2747	0.753
2748	0.737
2749	0.498
2750	0.686
2751	0.733
2752	0.498
2753	0.757
2754	0.722
2755	0.498
2756	0.757
2757	0.725
2758	0.498
2759	0.682
2760	0.725
2761	0.498
2762	0.667
2763	0.737
2764	0.498
2765	0.667
2766	0.725
2767	0.498
2768	0.663
2769	0.753
2770	0.498
2771	0.510
2772	0.741
2773	0.498
2774	0.510
2775	0.741
2776	0.498
2777	0.498
2778	0.753
2779	0.498
2780	0.498
2781	0.753
2782	0.533
2783	0.498
2784	0.761
2785	0.741
2786	0.525
2787	0.761
2788	0.741
2789	0.533
2790	0.765
2791	0.984
2792	0.557
2793	0.753
2794	0.741
2795	0.612
2796	0.765
2797	0.984
2798	0.561
2799	0.753
2800	0.741
2801	0.616
2802	0.753
2803	0.863
2804	0.663
2805	0.737
2806	0.741
2807	0.765
2808	0.753
2809	0.984
2810	0.714
2811	0.745
2812	0.984
2813	0.714
2814	0.737
2815	0.984
2816	0.867
2817	0.725
2818	0.984
2819	0.863
2820	0.741
2821	0.984
2822	0.714
2823	0.753
2824	0.984
2825	0.561
2826	0.753
2827	0.984
2828	0.557
2829	0.765
2830	0.984
2831	0.541
2832	0.753
2833	0.984
2834	0.541
2835	0.773
2836	0.984
2837	0.498
2838	0.761
2839	0.984
2840	0.498
2841	0.769
2842	0.953
2843	0.498
2844	0.757
2845	0.953
2846	0.498
2847	0.757
2848	0.745
2849	0.498
2850	0.749
2851	0.745
2852	0.498
2853	0.741
2854	0.533
2855	0.498
2856	0.761
2857	0.761
2858	0.522
2859	0.761
2860	0.745
2861	0.498
2862	0.733
2863	0.737
2864	0.824
2865	0.737
2866	0.616
2867	0.737
2868	0.737
2869	0.620
2870	0.737
2871	0.737
2872	0.620
2873	0.729
2874	0.737
2875	0.620
2876	0.722
2877	0.737
2878	0.741
2879	0.776
2880	0.737
2881	0.741
2882	0.788
2883	0.737
2884	0.737
2885	0.788
2886	0.737
2887	0.620
2888	0.714
2889	0.737
2890	0.863
2891	0.820
2892	0.737
2893	0.863
2894	0.816
2895	0.753
2896	0.620
2897	0.561
2898	0.000
2899	0.000
2900	0.000
2901	0.000
2902	0.000
2903	0.000
2904	0.000
2905	0.000
2906	0.000
2907	0.000
2908	0.000
2909	0.000
2910	0.000
2911	0.000
2912	0.000
2913	0.000
2914	0.000
2915	0.000
2916	0.000
2917	0.000
2918	0.000
2919	0.000
2920	0.000
2921	0.000
2922	0.000
2923	0.000
2924	0.000
2925	0.000
2926	0.000
2927	0.000
2928	0.000
2929	0.000
2930	0.000
2931	0.000
2932	0.000
2933	0.000
2934	0.000
2935	0.000
2936	0.000
2937	0.000
2938	0.000
2939	0.000
2940	0.000
2941	0.000
2942	0.000
2943	0.000
2944	0.000
2945	0.000
2946	0.000
2947	0.000
2948	0.000
2949	0.000
2950	0.000
2951	0.000
2952	0.000
2953	0.000
2954	0.000
2955	0.000
2956	0.000
2957	0.000
2958	0.000
2959	0.000
2960	0.000
2961	0.000
2962	0.000
2963	0.000
2964	0.000
2965	0.000
2966	0.000
2967	0.000
2968	0.000
2969	0.000
2970	0.000
2971	0.000
2972	0.000
2973	0.000
2974	0.000
2975	0.000
2976	0.000
2977	0.000
2978	0.000
2979	0.000
2980	0.000
2981	0.000
2982	0.000
2983	0.000
2984	0.000
2985	0.000
2986	0.000
2987	0.000
2988	0.000
2989	0.000
2990	0.000
2991	0.000
2992	0.000
2993	0.000
2994	0.000
2995	0.000
2996	0.000
2997	0.000
2998	0.000
2999	0.000
3000	0.000
3001	0.000
3002	0.000
3003	0.000
3004	0.000
3005	0.000
3006	0.000
3007	0.000
3008	0.000
3009	0.000
3010	0.000
3011	0.000
3012	0.000
3013	0.000
3014	0.000
3015	0.000
3016	0.000
3017	0.000
3018	0.000
3019	0.000
3020	0.000
3021	0.000
3022	0.000
3023	0.000
3024	0.000
3025	0.000
3026	0.000
3027	0.000
3028	0.000
3029	0.000
3030	0.000
3031	0.000
3032	0.000
3033	0.000
3034	0.000
3035	0.000
3036	0.000
3037	0.000
3038	0.000
3039	0.000
3040	0.000
3041	0.000
3042	0.000
3043	0.000
3044	0.000
3045	0.000
3046	0.000
3047	0.000
3048	0.000
3049	0.000
3050	0.000
3051	0.000
3052	0.000
3053	0.000
3054	0.000
3055	0.000
3056	0.000
3057	0.000
3058	0.000
3059	0.000
3060	0.000
3061	0.000
3062	0.000
3063	0.000
3064	0.000
3065	0.000
3066	0.000
3067	0.000
3068	0.000
3069	0.000
3070	0.000
3071	0.000
3072	0.000
3073	0.000
3074	0.000
3075	0.000
3076	0.000
3077	0.000
3078	0.000
3079	0.000
3080	0.000
3081	0.000
3082	0.000
3083	0.000
3084	0.000
3085	0.000
3086	0.000
3087	0.000
3088	0.000
3089	0.000
3090	0.000
3091	0.000
3092	0.000
3093	0.000
3094	0.000
3095	0.000
3096	0.000
3097	0.000
3098	0.000
3099	0.000
3100	0.000
3101	0.000
3102	0.000
3103	0.000
3104	0.000
3105	0.000
3106	0.000
3107	0.000
3108	0.000
3109	0.000
3110	0.000
3111	0.000
3112	0.000
3113	0.000
3114	0.000
3115	0.000
3116	0.000
3117	0.000
3118	0.000
3119	0.000
3120	0.000
3121	0.000
3122	0.000
3123	0.000
3124	0.000
3125	0.000
3126	0.000
3127	0.000
3128	0.000
3129	0.000
3130	0.000
3131	0.000
3132	0.000
3133	0.000
3134	0.000
3135	0.000
3136	0.000
3137	0.000
3138	0.000
3139	0.000
3140	0.000
3141	0.000
3142	0.000
3143	0.000
3144	0.000
3145	0.000
3146	0.000
3147	0.000
3148	0.000
3149	0.000
3150	0.000
3151	0.000
3152	0.000
3153	0.000
3154	0.000
3155	0.000
3156	0.000
3157	0.000
3158	0.000
3159	0.000
3160	0.000
3161	0.000
3162	0.000
3163	0.000
3164	0.000
3165	0.000
3166	0.000
3167	0.000
3168	0.000
3169	0.000
3170	0.000
3171	0.000
3172	0.000
3173	0.000
3174	0.000
3175	0.000
3176	0.000
3177	0.000
3178	0.000
3179	0.000
3180	0.000
3181	0.000
3182	0.000
3183	0.000
3184	0.000
3185	0.000
3186	0.000
3187	0.000
3188	0.000
3189	0.000
3190	0.000
3191	0.000
3192	0.000
3193	0.000
3194	0.000
3195	0.000
3196	0.000
3197	0.000
3198	0.000
3199	0.000
3200	0.000
3201	0.000
3202	0.000
3203	0.000
3204	0.000
3205	0.000
3206	0.000
3207	0.000
3208	0.000
3209	0.000
3210	0.000
3211	0.000
3212	0.000
3213	0.000
3214	0.000
3215	0.000
3216	0.000
3217	0.000
3218	0.000
3219	0.000
3220	0.000
3221	0.000
3222	0.000
3223	0.000
3224	0.000
3225	0.000
3226	0.000
3227	0.000
3228	0.000
3229	0.000
3230	0.000
3231	0.000
3232	0.000
3233	0.000
3234	0.000
3235	0.000
3236	0.000
3237	0.000
3238	0.000
3239	0.000
3240	0.000
3241	0.000
3242	0.000
3243	0.000
3244	0.000
3245	0.000
3246	0.000
3247	0.000
3248	0.000
3249	0.000
3250	0.000
3251	0.000
3252	0.000
3253	0.000
3254	0.000
3255	0.000
3256	0.000
3257	0.000
3258	0.000
3259	0.000
3260	0.000
3261	0.000
3262	0.000
3263	0.000
3264	0.000
3265	0.000
3266	0.000
3267	0.000
3268	0.000
3269	0.000
3270	0.000
3271	0.000
3272	0.000
3273	0.000
3274	0.000
3275	0.000
3276	0.000
3277	0.000
3278	0.000
3279	0.000
3280	0.000
3281	0.000
3282	0.000
3283	0.000
3284	0.000
3285	0.000
3286	0.000
3287	0.000
3288	0.000
3289	0.000
3290	0.000
3291	0.000
3292	0.000
3293	0.000
3294	0.000
3295	0.000
3296	0.000
3297	0.000
3298	0.000
3299	0.000
3300	0.000
3301	0.000
3302	0.000
3303	0.000
3304	0.000
3305	0.000
3306	0.000
3307	0.000
3308	0.000
3309	0.000
3310	0.000
3311	0.000
3312	0.000
3313	0.000
3314	0.000
3315	0.000
3316	0.000
3317	0.000
3318	0.000
3319	0.000
3320	0.000
3321	0.000
3322	0.000
3323	0.000
3324	0.000
3325	0.000
3326	0.000
3327	0.000
3328	0.000
3329	0.000
3330	0.000
3331	0.000
3332	0.000
3333	0.000
3334	0.000
3335	0.000
3336	0.000
3337	0.000
3338	0.000
3339	0.000
3340	0.000
3341	0.000
3342	0.000
3343	0.000
3344	0.000
3345	0.000
3346	0.000
3347	0.000
3348	0.000
3349	0.000
3350	0.000
3351	0.000
3352	0.000
3353	0.000
3354	0.000
3355	0.000
3356	0.000
3357	0.000
3358	0.000
3359	0.000
3360	0.000
3361	0.000
3362	0.000
3363	0.000
3364	0.000
3365	0.000
3366	0.000
3367	0.000
3368	0.000
3369	0.000
3370	0.000
3371	0.000
3372	0.000
3373	0.000
3374	0.000
3375	0.000
3376	0.000
3377	0.000
3378	0.000
3379	0.000
3380	0.000
3381	0.000
3382	0.000
3383	0.000
3384	0.000
3385	0.000
3386	0.000
3387	0.000
3388	0.000
3389	0.000
3390	0.000
3391	0.000
3392	0.000
3393	0.000
3394	0.000
3395	0.000
3396	0.000
3397	0.000
3398	0.000
3399	0.000
3400	0.000
3401	0.000
3402	0.000
3403	0.000
3404	0.000
3405	0.000
3406	0.000
3407	0.000
3408	0.000
3409	0.000
3410	0.000
3411	0.000
3412	0.000
3413	0.000
3414	0.000
3415	0.000
3416	0.000
3417	0.000
3418	0.000
3419	0.000
3420	0.000
3421	0.000
3422	0.000
3423	0.000
3424	0.000
3425	0.000
3426	0.000
3427	0.000
3428	0.000
3429	0.000
3430	0.000
3431	0.000
3432	0.000
3433	0.000
3434	0.000
3435	0.000
3436	0.000
3437	0.000
3438	0.000
3439	0.000
3440	0.000
3441	0.000
3442	0.000
3443	0.000
3444	0.000
3445	0.000
3446	0.000
3447	0.000
3448	0.000
3449	0.000
3450	0.000
3451	0.000
3452	0.000
3453	0.000
3454	0.000
3455	0.000
3456	0.000
3457	0.000
3458	0.000
3459	0.000
3460	0.000
3461	0.000
3462	0.000
3463	0.000
3464	0.000
3465	0.000
3466	0.000
3467	0.000
3468	0.000
3469	0.000
3470	0.000
3471	0.000
3472	0.000
3473	0.000
3474	0.000
3475	0.000
3476	0.000
3477	0.000
3478	0.000
3479	0.000
3480	0.000
3481	0.000
3482	0.000
3483	0.000
3484	0.000
3485	0.000
3486	0.000
3487	0.000
3488	0.000
3489	0.000
3490	0.000
3491	0.000
3492	0.000
3493	0.000
3494	0.000
3495	0.000
3496	0.000
3497	0.000
3498	0.000
3499	0.000
3500	0.000
3501	0.000
3502	0.000
3503	0.000
3504	0.000
3505	0.000
3506	0.000
3507	0.000
3508	0.000
3509	0.000
3510	0.000
3511	0.000
3512	0.000
3513	0.000
3514	0.000
3515	0.000
3516	0.000
3517	0.000
3518	0.000
3519	0.000
3520	0.000
3521	0.000
3522	0.000
3523	0.000
3524	0.000
3525	0.000
3526	0.000
3527	0.000
3528	0.000
3529	0.000
3530	0.000
3531	0.000
3532	0.000
3533	0.000
3534	0.000
3535	0.000
3536	0.000
3537	0.000
3538	0.000
3539	0.000
3540	0.000
3541	0.000
3542	0.000
3543	0.000
3544	0.000
3545	0.000
3546	0.000
3547	0.000
3548	0.000
3549	0.000
3550	0.000
3551	0.000
3552	0.000
3553	0.000
3554	0.000
3555	0.000
3556	0.000
3557	0.000
3558	0.000
3559	0.000
3560	0.000
3561	0.000
3562	0.000
3563	0.000
3564	0.000
3565	0.000
3566	0.000
3567	0.000
3568	0.000
3569	0.000
3570	0.000
3571	0.000
3572	0.000
3573	0.000
3574	0.000
3575	0.000
3576	0.000
3577	0.000
3578	0.000
3579	0.000
3580	0.000
3581	0.000
3582	0.000
3583	0.000
3584	0.000
3585	0.000
3586	0.000
3587	0.000
3588	0.000
3589	0.000
3590	0.000
3591	0.000
3592	0.000
3593	0.000
3594	0.000
3595	0.000
3596	0.000
3597	0.000
3598	0.000
3599	0.000
3600	0.000
3601	0.000
3602	0.000
3603	0.000
3604	0.000
3605	0.000
3606	0.000
3607	0.000
3608	0.000
3609	0.000
3610	0.000
3611	0.000
3612	0.000
3613	0.000
3614	0.000
3615	0.000
3616	0.000
3617	0.000
3618	0.000
3619	0.000
3620	0.000
3621	0.000
3622	0.000
3623	0.000
3624	0.000
3625	0.000
3626	0.000
3627	0.000
3628	0.000
3629	0.000
3630	0.000
3631	0.000
3632	0.000
3633	0.000
3634	0.000
3635	0.000
3636	0.000
3637	0.000
3638	0.000
3639	0.000
3640	0.000
3641	0.000
3642	0.000
3643	0.000
3644	0.000
3645	0.000
3646	0.000
3647	0.000
3648	0.000
3649	0.000
3650	0.000
3651	0.000
3652	0.000
3653	0.000
3654	0.000
3655	0.000
3656	0.000
3657	0.000
3658	0.000
3659	0.000
3660	0.000
3661	0.000
3662	0.000
3663	0.000
3664	0.000
3665	0.000
3666	0.000
3667	0.000
3668	0.000
3669	0.000
3670	0.000
3671	0.000
3672	0.000
3673	0.000
3674	0.000
3675	0.000
3676	0.000
3677	0.000
3678	0.000
3679	0.000
3680	0.000
3681	0.000
3682	0.000
3683	0.000
3684	0.000
3685	0.000
3686	0.000
3687	0.000
3688	0.000
3689	0.000
3690	0.000
3691	0.000
3692	0.000
3693	0.000
3694	0.000
3695	0.000
3696	0.000
3697	0.000
3698	0.000
3699	0.000
3700	0.000
3701	0.000
3702	0.000
3703	0.000
3704	0.000
3705	0.000
3706	0.000
3707	0.000
3708	0.000
3709	0.000
3710	0.000
3711	0.000
3712	0.000
3713	0.000
3714	0.000
3715	0.000
3716	0.000
3717	0.000
3718	0.000
3719	0.000
3720	0.000
3721	0.000
3722	0.000
3723	0.000
3724	0.000
3725	0.000
3726	0.000
3727	0.000
3728	0.000
3729	0.000
3730	0.000
3731	0.000
3732	0.000
3733	0.000
3734	0.000
3735	0.000
3736	0.000
3737	0.000
3738	0.000
3739	0.000
3740	0.000
3741	0.000
3742	0.000
3743	0.000
3744	0.000
3745	0.000
3746	0.000
3747	0.000
3748	0.000
3749	0.000
3750	0.000
3751	0.000
3752	0.000
3753	0.000
3754	0.000
3755	0.000
3756	0.000
3757	0.000
3758	0.000
3759	0.000
3760	0.000
3761	0.000
3762	0.000
3763	0.000
3764	0.000
3765	0.000
3766	0.000
3767	0.000
3768	0.000
3769	0.000
3770	0.000
3771	0.000
3772	0.000
3773	0.000
3774	0.000
3775	0.000
3776	0.000
3777	0.000
3778	0.000
3779	0.000
3780	0.000
3781	0.000
3782	0.000
3783	0.000
3784	0.000
3785	0.000
3786	0.000
3787	0.000
3788	0.000
3789	0.000
3790	0.000
3791	0.000
3792	0.000
3793	0.000
3794	0.000
3795	0.000
3796	0.000
3797	0.000
3798	0.000
3799	0.000
3800	0.000
3801	0.000
3802	0.000
3803	0.000
3804	0.000
3805	0.000
3806	0.000
3807	0.000
3808	0.000
3809	0.000
3810	0.000
3811	0.000
3812	0.000
3813	0.000
3814	0.000
3815	0.000
3816	0.000
3817	0.000
3818	0.000
3819	0.000
3820	0.000
3821	0.000
3822	0.000
3823	0.000
3824	0.000
3825	0.000
3826	0.000
3827	0.000
3828	0.000
3829	0.000
3830	0.000
3831	0.000
3832	0.000
3833	0.000
3834	0.000
3835	0.000
3836	0.000
3837	0.000
3838	0.000
3839	0.000
3840	0.000
3841	0.000
3842	0.000
3843	0.000
3844	0.000
3845	0.000
3846	0.000
3847	0.000
3848	0.000
3849	0.000
3850	0.000
3851	0.000
3852	0.000
3853	0.000
3854	0.000
3855	0.000
3856	0.000
3857	0.000
3858	0.000
3859	0.000
3860	0.000
3861	0.000
3862	0.000
3863	0.000
3864	0.189
3865	0.571
3866	0.170
3867	0.550
3868	0.240
3869	0.556
3870	0.201
3871	0.550
3872	0.201
3873	0.550
3874	0.170
3875	0.550
3876	0.264
3877	0.587
3878	0.326
3879	0.583
3880	0.764
3881	0.536
3882	0.760
3883	0.511
3884	0.818
3885	0.522
3886	0.779
3887	0.509
3888	0.771
3889	0.509
3890	0.760
3891	0.511
3892	0.760
3893	0.511
3894	0.771
3895	0.509
3896	0.779
3897	0.509
3898	0.779
3899	0.509
3900	0.928
3901	0.716
3902	0.951
3903	0.706
3904	0.885
3905	0.698
3906	0.900
3907	0.698
3908	0.900
3909	0.698
3910	0.885
3911	0.698
3912	0.885
3913	0.698
3914	0.002
3915	0.810
3916	0.014
3917	0.782
3918	0.068
3919	0.796
3920	0.041
3921	0.782
3922	0.225
3923	0.755
3924	0.127
3925	0.749
3926	0.166
3927	0.726
3928	0.088
3929	0.747
3930	0.119
3931	0.720
3932	0.107
3933	0.720
3934	0.029
3935	0.733
3936	0.002
3937	0.720
3938	0.646
3939	0.567
3940	0.670
3941	0.604
3942	0.600
3943	0.567
3944	0.291
3945	0.751
3946	0.279
3947	0.737
3948	0.295
3949	0.737
3950	0.295
3951	0.737
3952	0.295
3953	0.737
3954	0.119
3955	0.683
3956	0.123
3957	0.702
3958	0.150
3959	0.683
3960	0.154
3961	0.704
3962	0.150
3963	0.683
3964	0.154
3965	0.704
3966	0.994
3967	0.698
3968	0.947
3969	0.698
3970	0.947
3971	0.698
3972	0.900
3973	0.698
3974	0.900
3975	0.698
3976	0.104
3977	0.556
3978	0.186
3979	0.519
3980	0.053
3981	0.558
3982	0.049
3983	0.521
3984	0.033
3985	0.521
3986	0.002
3987	0.534
3988	0.416
3989	0.503
3990	0.357
3991	0.503
3992	0.443
3993	0.540
3994	0.881
3995	0.534
3996	0.877
3997	0.501
3998	0.912
3999	0.538
4000	0.932
4001	0.507
4002	0.971
4003	0.544
4004	0.955
4005	0.507
4006	0.955
4007	0.507
4008	0.971
4009	0.544
4010	0.264
4011	0.556
4012	0.229
4013	0.548
4014	0.256
4015	0.548
4016	0.232
4017	0.530
4018	0.236
4019	0.530
4020	0.236
4021	0.530
4022	0.283
4023	0.509
4024	0.326
4025	0.509
4026	0.330
4027	0.544
4028	0.268
4029	0.538
4030	0.268
4031	0.538
4032	0.236
4033	0.530
4034	0.814
4035	0.718
4036	0.834
4037	0.735
4038	0.740
4039	0.729
4040	0.748
4041	0.735
4042	0.736
4043	0.735
4044	0.814
4045	0.737
4046	0.814
4047	0.737
4048	0.736
4049	0.735
4050	0.736
4051	0.735
4052	0.736
4053	0.735
4054	0.232
4055	0.747
4056	0.248
4057	0.763
4058	0.244
4059	0.747
4060	0.260
4061	0.755
4062	0.244
4063	0.747
4064	0.260
4065	0.755
4066	0.260
4067	0.755
4068	0.021
4069	0.743
4070	0.002
4071	0.753
4072	0.006
4073	0.753
4074	0.057
4075	0.755
4076	0.029
4077	0.739
4078	0.186
4079	0.517
4080	0.170
4081	0.519
4082	0.049
4083	0.521
4084	0.170
4085	0.519
4086	0.775
4087	0.997
4088	0.768
4089	0.999
4090	0.771
4091	0.997
4092	0.998
4093	0.989
4094	0.994
4095	0.989
4096	0.994
4097	0.999
4098	0.994
4099	0.989
4100	0.994
4101	0.989
4102	0.893
4103	0.995
4104	0.924
4105	0.993
4106	0.893
4107	0.995
4108	0.924
4109	0.993
4110	0.932
4111	0.999
4112	0.936
4113	0.993
4114	0.936
4115	0.993
4116	0.936
4117	0.993
4118	0.279
4119	0.737
4120	0.279
4121	0.737
4122	0.279
4123	0.737
4124	0.947
4125	0.698
4126	0.947
4127	0.698
4128	0.588
4129	0.948
4130	0.588
4131	0.948
4132	0.588
4133	0.948
4134	0.588
4135	0.948
4136	0.572
4137	0.946
4138	0.572
4139	0.946
4140	0.561
4141	0.946
4142	0.561
4143	0.946
4144	0.592
4145	0.960
4146	0.021
4147	0.743
4148	0.021
4149	0.743
4150	0.029
4151	0.739
4152	0.057
4153	0.755
4154	0.814
4155	0.718
4156	0.814
4157	0.737
4158	0.783
4159	0.968
4160	0.783
4161	0.976
4162	0.783
4163	0.968
4164	0.783
4165	0.976
4166	0.779
4167	0.968
4168	0.744
4169	0.972
4170	0.744
4171	0.972
4172	0.779
4173	0.968
4174	0.779
4175	0.968
4176	0.779
4177	0.968
4178	0.783
4179	0.968
4180	0.783
4181	0.968
4182	0.014
4183	0.950
4184	0.002
4185	0.938
4186	0.014
4187	0.950
4188	0.002
4189	0.938
4190	0.018
4191	0.950
4192	0.021
4193	0.952
4194	0.057
4195	0.755
4196	0.002
4197	0.753
4198	0.002
4199	0.753
4200	0.002
4201	0.753
4202	0.025
4203	0.833
4204	0.025
4205	0.833
4206	0.025
4207	0.833
4208	0.025
4209	0.833
4210	0.006
4211	0.854
4212	0.006
4213	0.854
4214	0.006
4215	0.854
4216	0.006
4217	0.854
4218	0.002
4219	0.862
4220	0.002
4221	0.862
4222	0.002
4223	0.862
4224	0.002
4225	0.862
4226	0.006
4227	0.868
4228	0.006
4229	0.868
4230	0.018
4231	0.854
4232	0.498
4233	0.983
4234	0.518
4235	0.983
4236	0.498
4237	0.983
4238	0.518
4239	0.983
4240	0.537
4241	0.991
4242	0.568
4243	0.989
4244	0.568
4245	0.989
4246	0.518
4247	0.983
4248	0.006
4249	0.868
4250	0.006
4251	0.868
4252	0.033
4253	0.521
4254	0.783
4255	0.669
4256	0.760
4257	0.671
4258	0.783
4259	0.669
4260	0.760
4261	0.671
4262	0.779
4263	0.657
4264	0.709
4265	0.677
4266	0.764
4267	0.649
4268	0.701
4269	0.669
4270	0.697
4271	0.669
4272	0.744
4273	0.647
4274	0.744
4275	0.647
4276	0.697
4277	0.669
4278	0.697
4279	0.669
4280	0.697
4281	0.669
4282	0.701
4283	0.675
4284	0.701
4285	0.675
4286	0.701
4287	0.675
4288	0.709
4289	0.677
4290	0.709
4291	0.677
4292	0.709
4293	0.677
4294	0.709
4295	0.677
4296	0.760
4297	0.671
4298	0.658
4299	0.470
4300	0.674
4301	0.491
4302	0.670
4303	0.440
4304	0.721
4305	0.481
4306	0.748
4307	0.442
4308	0.779
4309	0.499
4310	0.803
4311	0.483
4312	0.865
4313	0.438
4314	0.811
4315	0.438
4316	0.650
4317	0.358
4318	0.709
4319	0.358
4320	0.666
4321	0.403
4322	0.166
4323	0.397
4324	0.174
4325	0.427
4326	0.221
4327	0.397
4328	0.865
4329	0.472
4330	0.877
4331	0.479
4332	0.830
4333	0.495
4334	0.830
4335	0.495
4336	0.830
4337	0.495
4338	0.830
4339	0.495
4340	0.998
4341	0.423
4342	0.967
4343	0.448
4344	0.971
4345	0.409
4346	0.943
4347	0.437
4348	0.963
4349	0.409
4350	0.943
4351	0.437
4352	0.963
4353	0.409
4354	0.975
4355	0.378
4356	0.998
4357	0.384
4358	0.975
4359	0.378
4360	0.975
4361	0.378
4362	0.975
4363	0.378
4364	0.877
4365	0.479
4366	0.877
4367	0.479
4368	0.865
4369	0.979
4370	0.861
4371	0.979
4372	0.838
4373	0.987
4374	0.994
4375	0.765
4376	0.998
4377	0.778
4378	0.975
4379	0.771
4380	0.971
4381	0.771
4382	0.979
4383	0.759
4384	0.936
4385	0.771
4386	0.971
4387	0.771
4388	0.936
4389	0.771
4390	0.498
4391	0.981
4392	0.510
4393	0.970
4394	0.537
4395	0.970
4396	0.510
4397	0.970
4398	0.537
4399	0.970
4400	0.537
4401	0.970
4402	0.635
4403	0.968
4404	0.623
4405	0.954
4406	0.604
4407	0.954
4408	0.623
4409	0.954
4410	0.604
4411	0.954
4412	0.174
4413	0.802
4414	0.166
4415	0.821
4416	0.154
4417	0.802
4418	0.154
4419	0.802
4420	0.166
4421	0.821
4422	0.166
4423	0.821
4424	0.080
4425	0.714
4426	0.041
4427	0.710
4428	0.014
4429	0.718
4430	0.021
4431	0.692
4432	0.002
4433	0.710
4434	0.002
4435	0.710
4436	0.029
4437	0.688
4438	0.029
4439	0.688
4440	0.029
4441	0.688
4442	0.002
4443	0.567
4444	0.021
4445	0.567
4446	0.002
4447	0.601
4448	0.033
4449	0.587
4450	0.033
4451	0.587
4452	0.021
4453	0.567
4454	0.080
4455	0.694
4456	0.104
4457	0.702
4458	0.123
4459	0.714
4460	0.104
4461	0.702
4462	0.123
4463	0.714
4464	0.002
4465	0.825
4466	0.057
4467	0.819
4468	0.006
4469	0.833
4470	0.064
4471	0.819
4472	0.006
4473	0.833
4474	0.064
4475	0.819
4476	0.607
4477	0.983
4478	0.549
4479	0.983
4480	0.549
4481	0.976
4482	0.545
4483	0.976
4484	0.697
4485	0.979
4486	0.643
4487	0.966
4488	0.650
4489	0.966
4490	0.537
4491	0.981
4492	0.541
4493	0.974
4494	0.537
4495	0.974
4496	0.096
4497	0.694
4498	0.096
4499	0.694
4500	0.096
4501	0.694
4502	0.080
4503	0.694
4504	0.029
4505	0.688
4506	0.967
4507	0.804
4508	0.971
4509	0.804
4510	0.967
4511	0.804
4512	0.971
4513	0.804
4514	0.982
4515	0.812
4516	0.998
4517	0.817
4518	0.982
4519	0.812
4520	0.998
4521	0.817
4522	0.998
4523	0.817
4524	0.967
4525	0.804
4526	0.006
4527	0.833
4528	0.635
4529	0.380
4530	0.584
4531	0.366
4532	0.576
4533	0.390
4534	0.533
4535	0.364
4536	0.502
4537	0.407
4538	0.592
4539	0.415
4540	0.615
4541	0.392
4542	0.592
4543	0.415
4544	0.615
4545	0.392
4546	0.561
4547	0.349
4548	0.568
4549	0.349
4550	0.561
4551	0.349
4552	0.561
4553	0.349
4554	0.576
4555	0.431
4556	0.510
4557	0.427
4558	0.576
4559	0.431
4560	0.510
4561	0.427
4562	0.510
4563	0.427
4564	0.486
4565	0.364
4566	0.525
4567	0.364
4568	0.471
4569	0.394
4570	0.568
4571	0.349
4572	0.568
4573	0.349
4574	0.482
4575	0.765
4576	0.412
4577	0.767
4578	0.295
4579	0.731
4580	0.338
4581	0.771
4582	0.412
4583	0.767
4584	0.412
4585	0.767
4586	0.482
4587	0.765
4588	0.482
4589	0.765
4590	0.486
4591	0.765
4592	0.486
4593	0.765
4594	0.486
4595	0.765
4596	0.518
4597	0.765
4598	0.518
4599	0.765
4600	0.549
4601	0.765
4602	0.549
4603	0.765
4604	0.557
4605	0.767
4606	0.557
4607	0.767
4608	0.557
4609	0.767
4610	0.139
4611	0.587
4612	0.150
4613	0.587
4614	0.311
4615	0.612
4616	0.115
4617	0.575
4618	0.240
4619	0.589
4620	0.115
4621	0.575
4622	0.115
4623	0.575
4624	0.240
4625	0.589
4626	0.318
4627	0.597
4628	0.318
4629	0.597
4630	0.311
4631	0.612
4632	0.189
4633	0.692
4634	0.158
4635	0.673
4636	0.182
4637	0.710
4638	0.178
4639	0.710
4640	0.182
4641	0.716
4642	0.182
4643	0.710
4644	0.182
4645	0.710
4646	0.182
4647	0.716
4648	0.193
4649	0.718
4650	0.193
4651	0.712
4652	0.201
4653	0.673
4654	0.193
4655	0.692
4656	0.193
4657	0.712
4658	0.193
4659	0.712
4660	0.209
4661	0.628
4662	0.299
4663	0.630
4664	0.389
4665	0.698
4666	0.393
4667	0.696
4668	0.412
4669	0.706
4670	0.416
4671	0.704
4672	0.420
4673	0.704
4674	0.428
4675	0.704
4676	0.369
4677	0.644
4678	0.443
4679	0.704
4680	0.486
4681	0.644
4682	0.502
4683	0.644
4684	0.510
4685	0.644
4686	0.553
4687	0.765
4688	0.572
4689	0.644
4690	0.572
4691	0.675
4692	0.119
4693	0.825
4694	0.092
4695	0.825
4696	0.076
4697	0.839
4698	0.092
4699	0.825
4700	0.076
4701	0.839
4702	0.303
4703	0.567
4704	0.256
4705	0.515
4706	0.322
4707	0.577
4708	0.260
4709	0.515
4710	0.326
4711	0.575
4712	0.264
4713	0.515
4714	0.330
4715	0.575
4716	0.279
4717	0.515
4718	0.525
4719	0.964
4720	0.498
4721	0.954
4722	0.686
4723	0.981
4724	0.564
4725	0.962
4726	0.580
4727	0.962
4728	0.580
4729	0.694
4730	0.580
4731	0.577
4732	0.693
4733	0.671
4734	0.592
4735	0.569
4736	0.686
4737	0.655
4738	0.877
4739	0.540
4740	0.857
4741	0.524
4742	0.760
4743	0.552
4744	0.830
4745	0.524
4746	0.803
4747	0.761
4748	0.924
4749	0.749
4750	0.682
4751	0.741
4752	0.807
4753	0.741
4754	0.682
4755	0.741
4756	0.807
4757	0.741
4758	0.830
4759	0.741
4760	0.830
4761	0.741
4762	0.959
4763	0.739
4764	0.998
4765	0.747
4766	0.986
4767	0.749
4768	0.498
4769	0.997
4770	0.564
4771	0.995
4772	0.623
4773	0.995
4774	0.764
4775	0.993
4776	0.760
4777	0.999
4778	0.764
4779	0.993
4780	0.760
4781	0.999
4782	0.623
4783	0.997
4784	0.623
4785	0.999
4786	0.795
4787	0.989
4788	0.783
4789	0.989
4790	0.893
4791	0.991
4792	0.783
4793	0.989
4794	0.893
4795	0.991
4796	0.893
4797	0.991
4798	0.338
4799	0.771
4800	0.338
4801	0.771
4802	0.338
4803	0.771
4804	0.193
4805	0.692
4806	0.959
4807	0.739
4808	0.959
4809	0.739
4810	0.002
4811	0.909
4812	0.002
4813	0.909
4814	0.002
4815	0.909
4816	0.014
4817	0.927
4818	0.014
4819	0.927
4820	0.025
4821	0.946
4822	0.025
4823	0.946
4824	0.025
4825	0.927
4826	0.010
4827	0.884
4828	0.092
4829	0.825
4830	0.053
4831	0.757
4832	0.236
4833	0.759
4834	0.002
4835	0.757
4836	0.998
4837	0.907
4838	0.986
4839	0.907
4840	0.986
4841	0.999
4842	0.592
4843	0.569
4844	0.592
4845	0.569
4846	0.580
4847	0.569
4848	0.580
4849	0.569
4850	0.580
4851	0.577
4852	0.783
4853	0.997
4854	0.783
4855	0.999
4856	0.779
4857	0.997
4858	0.139
4859	0.380
4860	0.182
4861	0.354
4862	0.135
4863	0.378
4864	0.111
4865	0.362
4866	0.143
4867	0.337
4868	0.096
4869	0.358
4870	0.084
4871	0.372
4872	0.096
4873	0.358
4874	0.084
4875	0.372
4876	0.221
4877	0.386
4878	0.139
4879	0.382
4880	0.209
4881	0.396
4882	0.947
4883	0.499
4884	0.912
4885	0.454
4886	0.877
4887	0.472
4888	0.885
4889	0.454
4890	0.877
4891	0.472
4892	0.018
4893	0.378
4894	0.080
4895	0.378
4896	0.041
4897	0.438
4898	0.123
4899	0.499
4900	0.002
4901	0.499
4902	0.002
4903	0.499
4904	0.123
4905	0.499
4906	0.135
4907	0.499
4908	0.135
4909	0.499
4910	0.088
4911	0.378
4912	0.104
4913	0.378
4914	0.178
4915	0.438
4916	0.451
4917	0.382
4918	0.510
4919	0.437
4920	0.439
4921	0.376
4922	0.506
4923	0.437
4924	0.502
4925	0.437
4926	0.436
4927	0.376
4928	0.498
4929	0.437
4930	0.494
4931	0.437
4932	0.432
4933	0.376
4934	0.486
4935	0.437
4936	0.416
4937	0.376
4938	0.373
4939	0.437
4940	0.299
4941	0.376
4942	0.303
4943	0.438
4944	0.260
4945	0.499
4946	0.416
4947	0.438
4948	0.490
4949	0.499
4950	0.424
4951	0.438
4952	0.428
4953	0.438
4954	0.432
4955	0.438
4956	0.498
4957	0.499
4958	0.498
4959	0.499
4960	0.490
4961	0.499
4962	0.260
4963	0.499
4964	0.131
4965	0.378
4966	0.084
4967	0.372
4968	0.131
4969	0.378
4970	0.111
4971	0.331
4972	0.111
4973	0.331
4974	0.104
4975	0.343
4976	0.104
4977	0.343
4978	0.490
4979	0.802
4980	0.471
4981	0.802
4982	0.490
4983	0.854
4984	0.314
4985	0.845
4986	0.322
4987	0.872
4988	0.490
4989	0.862
4990	0.322
4991	0.876
4992	0.154
4993	0.890
4994	0.174
4995	0.823
4996	0.252
4997	0.802
4998	0.252
4999	0.802
5000	0.252
5001	0.802
5002	0.471
5003	0.802
5004	0.490
5005	0.802
5006	0.783
5007	0.993
5008	0.889
5009	0.999
5010	0.768
5011	0.993
5012	0.889
5013	0.999
5014	0.768
5015	0.993
5016	0.744
5017	0.640
5018	0.920
5019	0.679
5020	0.791
5021	0.554
5022	0.951
5023	0.681
5024	0.963
5025	0.681
5026	0.932
5027	0.687
5028	0.963
5029	0.681
5030	0.932
5031	0.687
5032	0.943
5033	0.999
5034	0.943
5035	0.997
5036	0.939
5037	0.997
5038	0.943
5039	0.995
5040	0.002
5041	0.999
5042	0.225
5043	0.997
5044	0.080
5045	0.942
5046	0.287
5047	0.942
5048	0.416
5049	0.997
5050	0.291
5051	0.942
5052	0.322
5053	0.878
5054	0.490
5055	0.868
5056	0.490
5057	0.862
5058	0.490
5059	0.868
5060	0.490
5061	0.987
5062	0.490
5063	0.987
5064	0.494
5065	0.993
5066	0.494
5067	0.993
5068	0.494
5069	0.993
5070	0.494
5071	0.999
5072	0.494
5073	0.999
5074	0.471
5075	0.999
5076	0.471
5077	0.999
5078	0.455
5079	0.997
5080	0.451
5081	0.997
5082	0.439
5083	0.997
5084	0.451
5085	0.999
5086	0.451
5087	0.999
5088	0.439
5089	0.997
5090	0.428
5091	0.997
5092	0.428
5093	0.997
5094	0.459
5095	0.933
5096	0.463
5097	0.933
5098	0.139
5099	0.706
5100	0.135
5101	0.706
5102	0.322
5103	0.767
5104	0.135
5105	0.706
5106	0.322
5107	0.767
5108	0.451
5109	0.997
5110	0.416
5111	0.997
5112	0.225
5113	0.997
5114	0.225
5115	0.997
5116	0.994
5117	0.546
5118	0.979
5119	0.606
5120	0.994
5121	0.546
5122	0.979
5123	0.606
5124	0.971
5125	0.642
5126	0.971
5127	0.642
5128	0.900
5129	0.419
5130	0.998
5131	0.472
5132	0.811
5133	0.419
5134	0.998
5135	0.472
5136	0.811
5137	0.419
5138	0.811
5139	0.419
5140	0.646
5141	0.388
5142	0.650
5143	0.388
5144	0.572
5145	0.444
5146	0.576
5147	0.444
5148	0.502
5149	0.499
5150	0.654
5151	0.456
5152	0.654
5153	0.485
5154	0.654
5155	0.485
5156	0.654
5157	0.456
5158	0.650
5159	0.388
5160	0.002
5161	0.608
5162	0.053
5163	0.608
5164	0.201
5165	0.624
5166	0.104
5167	0.608
5168	0.189
5169	0.608
5170	0.189
5171	0.608
5172	0.189
5173	0.608
5174	0.201
5175	0.608
5176	0.225
5177	0.608
5178	0.240
5179	0.608
5180	0.264
5181	0.610
5182	0.240
5183	0.608
5184	0.240
5185	0.608
5186	0.225
5187	0.608
5188	0.225
5189	0.608
5190	0.201
5191	0.608
5192	0.104
5193	0.688
5194	0.002
5195	0.659
5196	0.002
5197	0.659
5198	0.002
5199	0.608
5200	0.053
5201	0.608
5202	0.104
5203	0.608
5204	0.787
5205	0.679
5206	0.666
5207	0.683
5208	0.912
5209	0.683
5210	0.791
5211	0.685
5212	0.916
5213	0.688
5214	0.670
5215	0.685
5216	0.740
5217	0.724
5218	0.580
5219	0.704
5220	0.568
5221	0.761
5222	0.740
5223	0.724
5224	0.916
5225	0.688
5226	0.740
5227	0.724
5228	0.568
5229	0.761
5230	0.080
5231	0.606
5232	0.002
5233	0.606
5234	0.119
5235	0.563
5236	0.100
5237	0.563
5238	0.248
5239	0.515
5240	0.209
5241	0.515
5242	0.146
5243	0.862
5244	0.076
5245	0.927
5246	0.146
5247	0.813
5248	0.068
5249	0.927
5250	0.053
5251	0.927
5252	0.014
5253	0.983
5254	0.049
5255	0.878
5256	0.049
5257	0.927
5258	0.002
5259	0.983
5260	0.150
5261	0.810
5262	0.072
5263	0.804
5264	0.002
5265	0.817
5266	0.064
5267	0.804
5268	0.002
5269	0.817
5270	0.002
5271	0.817
5272	0.064
5273	0.804
5274	0.064
5275	0.804
5276	0.064
5277	0.804
5278	0.205
5279	0.802
5280	0.178
5281	0.817
5282	0.178
5283	0.802
5284	0.928
5285	0.755
5286	0.900
5287	0.755
5288	0.928
5289	0.771
5290	0.959
5291	0.804
5292	0.877
5293	0.778
5294	0.998
5295	0.786
5296	0.850
5297	0.763
5298	0.857
5299	0.763
5300	0.850
5301	0.763
5302	0.455
5303	0.522
5304	0.576
5305	0.558
5306	0.455
5307	0.532
5308	0.576
5309	0.565
5310	0.455
5311	0.536
5312	0.455
5313	0.546
5314	0.576
5315	0.589
5316	0.455
5317	0.558
5318	0.334
5319	0.524
5320	0.447
5321	0.558
5322	0.447
5323	0.565
5324	0.557
5325	0.608
5326	0.557
5327	0.589
5328	0.072
5329	0.821
5330	0.002
5331	0.882
5332	0.084
5333	0.821
5334	0.021
5335	0.882
5336	0.697
5337	0.991
5338	0.588
5339	0.989
5340	0.834
5341	0.983
5342	0.717
5343	0.983
5344	0.850
5345	0.978
5346	0.838
5347	0.772
5348	0.725
5349	0.757
5350	0.947
5351	0.808
5352	0.725
5353	0.763
5354	0.904
5355	0.808
5356	0.705
5357	0.763
5358	0.701
5359	0.800
5360	0.604
5361	0.759
5362	0.498
5363	0.794
5364	0.682
5365	0.800
5366	0.869
5367	0.808
5368	0.771
5369	0.813
5370	0.639
5371	0.804
5372	0.498
5373	0.800
5374	0.498
5375	0.794
5376	0.498
5377	0.800
5378	0.639
5379	0.804
5380	0.771
5381	0.813
5382	0.904
5383	0.808
5384	0.771
5385	0.813
5386	0.752
5387	0.501
5388	0.686
5389	0.558
5390	0.713
5391	0.501
5392	0.393
5393	0.788
5394	0.436
5395	0.778
5396	0.490
5397	0.790
5398	0.471
5399	0.778
5400	0.502
5401	0.778
5402	0.521
5403	0.778
5404	0.502
5405	0.778
5406	0.502
5407	0.778
5408	0.912
5409	0.683
5410	0.912
5411	0.683
5412	0.041
5413	0.929
5414	0.029
5415	0.929
5416	0.041
5417	0.882
5418	0.029
5419	0.890
5420	0.037
5421	0.882
5422	0.947
5423	0.808
5424	0.334
5425	0.649
5426	0.334
5427	0.571
5428	0.334
5429	0.649
5430	0.334
5431	0.571
5432	0.436
5433	0.612
5434	0.537
5435	0.614
5436	0.557
5437	0.614
5438	0.334
5439	0.560
5440	0.334
5441	0.524
5442	0.334
5443	0.560
5444	0.334
5445	0.571
5446	0.264
5447	0.610
5448	0.264
5449	0.610
5450	0.264
5451	0.610
5452	0.436
5453	0.778
5454	0.471
5455	0.778
5456	0.471
5457	0.778
5458	0.502
5459	0.778
5460	0.502
5461	0.778
5462	0.498
5463	0.493
5464	0.553
5465	0.437
5466	0.525
5467	0.437
5468	0.553
5469	0.437
5470	0.525
5471	0.437
5472	0.248
5473	0.435
5474	0.299
5475	0.429
5476	0.287
5477	0.405
5478	0.303
5479	0.405
5480	0.287
5481	0.405
5482	0.303
5483	0.405
5484	0.865
5485	0.356
5486	0.811
5487	0.417
5488	0.869
5489	0.356
5490	0.873
5491	0.356
5492	0.814
5493	0.417
5494	0.881
5495	0.356
5496	0.885
5497	0.356
5498	0.826
5499	0.417
5500	0.896
5501	0.356
5502	0.846
5503	0.417
5504	0.904
5505	0.356
5506	0.861
5507	0.417
5508	0.951
5509	0.356
5510	0.975
5511	0.356
5512	0.908
5513	0.417
5514	0.186
5515	0.442
5516	0.240
5517	0.386
5518	0.158
5519	0.499
5520	0.248
5521	0.386
5522	0.174
5523	0.499
5524	0.158
5525	0.499
5526	0.174
5527	0.499
5528	0.209
5529	0.499
5530	0.209
5531	0.499
5532	0.209
5533	0.499
5534	0.248
5535	0.499
5536	0.248
5537	0.499
5538	0.291
5539	0.438
5540	0.271
5541	0.438
5542	0.264
5543	0.438
5544	0.244
5545	0.438
5546	0.232
5547	0.438
5548	0.229
5549	0.438
5550	0.279
5551	0.378
5552	0.283
5553	0.378
5554	0.295
5555	0.378
5556	0.779
5557	0.437
5558	0.834
5559	0.376
5560	0.771
5561	0.437
5562	0.830
5563	0.376
5564	0.826
5565	0.376
5566	0.752
5567	0.437
5568	0.771
5569	0.437
5570	0.752
5571	0.437
5572	0.818
5573	0.376
5574	0.814
5575	0.376
5576	0.803
5577	0.376
5578	0.795
5579	0.376
5580	0.658
5581	0.437
5582	0.748
5583	0.376
5584	0.725
5585	0.376
5586	0.658
5587	0.419
5588	0.658
5589	0.437
5590	0.658
5591	0.419
5592	0.682
5593	0.517
5594	0.572
5595	0.517
5596	0.682
5597	0.544
5598	0.529
5599	0.517
5600	0.682
5601	0.562
5602	0.682
5603	0.562
5604	0.682
5605	0.544
5606	0.682
5607	0.517
5608	0.572
5609	0.517
5610	0.529
5611	0.517
5612	0.455
5613	0.517
5614	0.455
5615	0.517
5616	0.568
5617	0.548
5618	0.002
5619	0.765
5620	0.135
5621	0.765
5622	0.131
5623	0.800
5624	0.365
5625	0.796
5626	0.135
5627	0.763
5628	0.143
5629	0.763
5630	0.377
5631	0.796
5632	0.260
5633	0.771
5634	0.264
5635	0.771
5636	0.268
5637	0.771
5638	0.389
5639	0.796
5640	0.268
5641	0.767
5642	0.268
5643	0.761
5644	0.389
5645	0.784
5646	0.389
5647	0.796
5648	0.389
5649	0.784
5650	0.377
5651	0.796
5652	0.131
5653	0.800
5654	0.674
5655	0.579
5656	0.678
5657	0.638
5658	0.744
5659	0.519
5660	0.744
5661	0.522
5662	0.748
5663	0.522
5664	0.682
5665	0.638
5666	0.760
5667	0.585
5668	0.721
5669	0.640
5670	0.721
5671	0.640
5672	0.721
5673	0.640
5674	0.846
5675	0.729
5676	0.963
5677	0.737
5678	0.846
5679	0.712
5680	0.850
5681	0.712
5682	0.967
5683	0.737
5684	0.971
5685	0.737
5686	0.850
5687	0.706
5688	0.971
5689	0.733
5690	0.971
5691	0.728
5692	0.678
5693	0.638
5694	0.615
5695	0.942
5696	0.498
5697	0.909
5698	0.498
5699	0.944
5700	0.498
5701	0.944
5702	0.498
5703	0.909
5704	0.498
5705	0.899
5706	0.498
5707	0.899
5708	0.498
5709	0.899
5710	0.498
5711	0.821
5712	0.498
5713	0.821
5714	0.498
5715	0.815
5716	0.498
5717	0.815
5718	0.533
5719	0.815
5720	0.740
5721	0.829
5722	0.740
5723	0.833
5724	0.982
5725	0.845
5726	0.740
5727	0.872
5728	0.982
5729	0.847
5730	0.740
5731	0.874
5732	0.861
5733	0.897
5734	0.740
5735	0.948
5736	0.982
5737	0.923
5738	0.982
5739	0.923
5740	0.982
5741	0.999
5742	0.982
5743	0.999
5744	0.982
5745	0.923
5746	0.982
5747	0.847
5748	0.982
5749	0.845
5750	0.982
5751	0.837
5752	0.982
5753	0.837
5754	0.982
5755	0.815
5756	0.982
5757	0.815
5758	0.951
5759	0.815
5760	0.951
5761	0.815
5762	0.744
5763	0.815
5764	0.744
5765	0.815
5766	0.533
5767	0.815
5768	0.760
5769	0.827
5770	0.744
5771	0.815
5772	0.736
5773	0.978
5774	0.615
5775	0.935
5776	0.619
5777	0.935
5778	0.619
5779	0.931
5780	0.619
5781	0.927
5782	0.740
5783	0.954
5784	0.740
5785	0.960
5786	0.736
5787	0.960
5788	0.619
5789	0.923
5790	0.861
5791	0.976
5792	0.861
5793	0.974
5794	0.619
5795	0.847
