0	0
1	1
2	2
3	1
4	3
5	2
6	2
7	3
8	4
9	3
10	5
11	4
12	4
13	5
14	6
15	6
16	7
17	4
18	8
19	9
20	10
21	9
22	11
23	10
24	11
25	9
26	12
27	9
28	13
29	12
30	13
31	9
32	14
33	9
34	15
35	14
36	16
37	18
38	17
39	17
40	18
41	19
42	18
43	20
44	19
45	20
46	18
47	21
48	18
49	22
50	21
51	23
52	24
53	25
54	24
55	26
56	25
57	25
58	26
59	27
60	27
61	28
62	25
63	25
64	28
65	29
66	28
67	30
68	29
69	29
70	30
71	31
72	31
73	32
74	29
75	29
76	32
77	33
78	34
79	36
80	35
81	37
82	38
83	39
84	38
85	40
86	39
87	39
88	40
89	41
90	40
91	42
92	41
93	43
94	44
95	45
96	44
97	46
98	45
99	45
100	46
101	47
102	48
103	50
104	49
105	49
106	50
107	51
108	51
109	52
110	49
111	49
112	52
113	53
114	54
115	55
116	56
117	55
118	57
119	56
120	56
121	57
122	58
123	57
124	59
125	58
126	58
127	59
128	60
129	60
130	61
131	58
132	58
133	61
134	62
135	63
136	65
137	64
138	64
139	65
140	66
141	65
142	67
143	66
144	67
145	65
146	68
147	68
148	69
149	67
150	67
151	69
152	70
153	70
154	71
155	67
156	71
157	70
158	72
159	72
160	73
161	71
162	74
163	75
164	76
165	75
166	77
167	76
168	77
169	75
170	78
171	75
172	79
173	78
174	79
175	75
176	80
177	80
178	81
179	79
180	79
181	81
182	82
183	81
184	83
185	82
186	82
187	83
188	84
189	83
190	85
191	84
192	84
193	85
194	86
195	86
196	87
197	84
198	84
199	87
200	82
201	88
202	89
203	90
204	89
205	91
206	90
207	90
208	91
209	92
210	92
211	93
212	90
213	93
214	92
215	94
216	92
217	95
218	94
219	94
220	95
221	96
222	95
223	97
224	96
225	96
226	97
227	98
228	97
229	99
230	98
231	99
232	97
233	100
234	97
235	101
236	100
237	101
238	97
239	102
240	102
241	103
242	101
243	102
244	97
245	104
246	97
247	95
248	104
249	104
250	95
251	105
252	105
253	106
254	104
255	104
256	106
257	107
258	66
259	108
260	64
261	64
262	108
263	109
264	108
265	110
266	109
267	109
268	110
269	111
270	112
271	114
272	113
273	115
274	116
275	117
276	116
277	118
278	117
279	117
280	118
281	119
282	120
283	122
284	121
285	121
286	122
287	123
288	122
289	124
290	123
291	123
292	124
293	125
294	125
295	126
296	123
297	123
298	126
299	127
300	126
301	128
302	127
303	127
304	128
305	129
306	128
307	130
308	129
309	131
310	132
311	133
312	132
313	134
314	133
315	133
316	134
317	135
318	135
319	136
320	133
321	137
322	139
323	138
324	138
325	139
326	140
327	139
328	141
329	140
330	140
331	141
332	142
333	141
334	143
335	142
336	143
337	141
338	144
339	145
340	147
341	146
342	146
343	147
344	148
345	147
346	149
347	148
348	148
349	149
350	150
351	149
352	151
353	150
354	151
355	149
356	152
357	149
358	153
359	152
360	154
361	155
362	156
363	155
364	157
365	156
366	158
367	159
368	160
369	161
370	82
371	78
372	78
373	82
374	162
375	163
376	165
377	164
378	166
379	167
380	168
381	167
382	169
383	168
384	168
385	169
386	170
387	169
388	171
389	170
390	172
391	173
392	174
393	173
394	175
395	174
396	174
397	175
398	176
399	175
400	177
401	176
402	178
403	179
404	180
405	179
406	181
407	180
408	180
409	181
410	182
411	181
412	183
413	182
414	182
415	183
416	184
417	185
418	187
419	186
420	186
421	187
422	188
423	187
424	189
425	188
426	188
427	189
428	190
429	190
430	191
431	188
432	188
433	191
434	192
435	191
436	193
437	192
438	192
439	193
440	194
441	193
442	195
443	194
444	195
445	193
446	196
447	195
448	186
449	194
450	194
451	186
452	192
453	186
454	188
455	192
456	138
457	140
458	197
459	197
460	140
461	198
462	140
463	199
464	198
465	198
466	199
467	200
468	201
469	202
470	203
471	202
472	204
473	203
474	203
475	204
476	205
477	204
478	206
479	205
480	205
481	206
482	207
483	206
484	208
485	207
486	207
487	208
488	209
489	209
490	210
491	207
492	207
493	210
494	205
495	210
496	211
497	205
498	205
499	211
500	212
501	211
502	213
503	212
504	213
505	211
506	214
507	211
508	215
509	214
510	215
511	211
512	216
513	211
514	217
515	216
516	216
517	217
518	218
519	217
520	219
521	218
522	218
523	219
524	220
525	221
526	222
527	78
528	78
529	222
530	77
531	222
532	223
533	77
534	202
535	224
536	204
537	224
538	206
539	204
540	206
541	224
542	225
543	225
544	208
545	206
546	208
547	225
548	226
549	225
550	227
551	226
552	227
553	225
554	228
555	225
556	224
557	228
558	228
559	224
560	229
561	224
562	230
563	229
564	231
565	232
566	233
567	232
568	234
569	233
570	233
571	234
572	235
573	234
574	236
575	235
576	235
577	236
578	237
579	238
580	240
581	239
582	239
583	240
584	241
585	240
586	242
587	241
588	241
589	242
590	243
591	243
592	244
593	241
594	241
595	244
596	245
597	245
598	239
599	241
600	239
601	245
602	246
603	245
604	247
605	246
606	246
607	247
608	248
609	249
610	251
611	250
612	250
613	251
614	252
615	124
616	122
617	253
618	122
619	254
620	253
621	253
622	254
623	255
624	254
625	256
626	255
627	257
628	258
629	259
630	258
631	260
632	259
633	259
634	260
635	261
636	260
637	262
638	261
639	261
640	262
641	263
642	262
643	264
644	263
645	264
646	262
647	265
648	262
649	266
650	265
651	266
652	262
653	260
654	179
655	267
656	181
657	267
658	268
659	181
660	181
661	268
662	269
663	268
664	270
665	269
666	271
667	273
668	272
669	272
670	273
671	274
672	273
673	275
674	274
675	275
676	273
677	276
678	273
679	277
680	276
681	129
682	278
683	127
684	127
685	278
686	123
687	278
688	279
689	123
690	123
691	279
692	280
693	279
694	281
695	280
696	280
697	281
698	282
699	217
700	209
701	219
702	219
703	209
704	208
705	208
706	226
707	219
708	219
709	226
710	283
711	284
712	285
713	286
714	285
715	287
716	286
717	286
718	287
719	288
720	288
721	289
722	286
723	286
724	289
725	290
726	291
727	292
728	293
729	292
730	294
731	293
732	293
733	294
734	295
735	294
736	296
737	295
738	295
739	296
740	297
741	297
742	298
743	295
744	295
745	298
746	299
747	299
748	293
749	295
750	300
751	301
752	302
753	301
754	303
755	302
756	302
757	303
758	304
759	303
760	305
761	304
762	304
763	305
764	306
765	306
766	307
767	304
768	307
769	306
770	308
771	306
772	309
773	308
774	309
775	306
776	310
777	310
778	311
779	309
780	301
781	312
782	303
783	312
784	313
785	303
786	303
787	313
788	305
789	313
790	306
791	305
792	306
793	313
794	314
795	314
796	310
797	306
798	310
799	314
800	315
801	314
802	316
803	315
804	315
805	316
806	317
807	316
808	318
809	317
810	317
811	318
812	319
813	319
814	320
815	317
816	314
817	321
818	316
819	316
820	321
821	322
822	321
823	323
824	322
825	324
826	326
827	325
828	325
829	326
830	327
831	326
832	328
833	327
834	328
835	326
836	329
837	326
838	330
839	329
840	329
841	330
842	331
843	330
844	332
845	331
846	331
847	332
848	333
849	333
850	334
851	331
852	331
853	334
854	335
855	334
856	336
857	335
858	336
859	334
860	333
861	333
862	337
863	336
864	336
865	337
866	338
867	339
868	340
869	341
870	340
871	342
872	341
873	341
874	342
875	343
876	343
877	344
878	341
879	344
880	343
881	345
882	343
883	346
884	345
885	346
886	343
887	347
888	347
889	348
890	346
891	346
892	348
893	146
894	146
895	148
896	346
897	346
898	148
899	349
900	148
901	150
902	349
903	349
904	150
905	350
906	150
907	351
908	350
909	352
910	345
911	353
912	345
913	346
914	353
915	353
916	346
917	354
918	346
919	349
920	354
921	354
922	349
923	355
924	349
925	350
926	355
927	353
928	354
929	356
930	354
931	355
932	356
933	357
934	358
935	29
936	29
937	358
938	25
939	358
940	359
941	25
942	359
943	358
944	360
945	358
946	361
947	360
948	360
949	361
950	362
951	363
952	29
953	361
954	364
955	365
956	366
957	365
958	367
959	366
960	366
961	367
962	368
963	367
964	369
965	368
966	369
967	367
968	370
969	367
970	365
971	370
972	370
973	365
974	371
975	371
976	372
977	370
978	372
979	371
980	373
981	371
982	374
983	373
984	373
985	374
986	375
987	376
988	374
989	365
990	365
991	374
992	371
993	96
994	98
995	94
996	94
997	98
998	377
999	377
1000	378
1001	94
1002	94
1003	378
1004	93
1005	378
1006	379
1007	93
1008	380
1009	39
1010	41
1011	46
1012	44
1013	381
1014	382
1015	383
1016	384
1017	383
1018	385
1019	384
1020	384
1021	385
1022	386
1023	385
1024	387
1025	386
1026	386
1027	387
1028	388
1029	388
1030	389
1031	386
1032	386
1033	389
1034	390
1035	390
1036	391
1037	386
1038	386
1039	391
1040	384
1041	392
1042	394
1043	393
1044	393
1045	394
1046	395
1047	394
1048	396
1049	395
1050	395
1051	396
1052	397
1053	396
1054	398
1055	397
1056	398
1057	396
1058	399
1059	396
1060	400
1061	399
1062	400
1063	396
1064	401
1065	396
1066	394
1067	401
1068	401
1069	402
1070	400
1071	402
1072	403
1073	400
1074	400
1075	403
1076	404
1077	403
1078	405
1079	404
1080	404
1081	405
1082	406
1083	402
1084	407
1085	403
1086	407
1087	408
1088	403
1089	403
1090	408
1091	409
1092	408
1093	410
1094	409
1095	105
1096	411
1097	106
1098	337
1099	333
1100	412
1101	118
1102	116
1103	413
1104	318
1105	316
1106	414
1107	414
1108	316
1109	322
1110	140
1111	142
1112	199
1113	176
1114	415
1115	174
1116	59
1117	57
1118	416
1119	416
1120	57
1121	417
1122	57
1123	418
1124	417
1125	417
1126	418
1127	419
1128	418
1129	420
1130	419
1131	419
1132	420
1133	421
1134	57
1135	55
1136	418
1137	55
1138	422
1139	418
1140	418
1141	422
1142	420
1143	398
1144	399
1145	423
1146	423
1147	399
1148	424
1149	87
1150	86
1151	425
1152	426
1153	427
1154	428
1155	427
1156	429
1157	428
1158	428
1159	429
1160	430
1161	429
1162	431
1163	430
1164	431
1165	429
1166	26
1167	429
1168	432
1169	26
1170	26
1171	432
1172	27
1173	432
1174	429
1175	27
1176	27
1177	429
1178	427
1179	433
1180	434
1181	243
1182	243
1183	434
1184	435
1185	434
1186	436
1187	435
1188	435
1189	436
1190	244
1191	244
1192	243
1193	435
1194	437
1195	265
1196	438
1197	265
1198	266
1199	438
1200	236
1201	234
1202	439
1203	439
1204	234
1205	440
1206	234
1207	441
1208	440
1209	441
1210	234
1211	442
1212	234
1213	232
1214	442
1215	442
1216	232
1217	443
1218	253
1219	255
1220	444
1221	445
1222	247
1223	446
1224	446
1225	247
1226	447
1227	247
1228	245
1229	447
1230	447
1231	245
1232	448
1233	245
1234	244
1235	448
1236	448
1237	244
1238	449
1239	244
1240	436
1241	449
1242	405
1243	403
1244	450
1245	403
1246	409
1247	450
1248	446
1249	447
1250	449
1251	447
1252	448
1253	449
1254	451
1255	452
1256	453
1257	452
1258	454
1259	453
1260	453
1261	454
1262	455
1263	455
1264	456
1265	453
1266	453
1267	456
1268	457
1269	458
1270	459
1271	125
1272	459
1273	460
1274	125
1275	125
1276	460
1277	126
1278	460
1279	461
1280	126
1281	126
1282	461
1283	462
1284	462
1285	128
1286	126
1287	128
1288	462
1289	463
1290	464
1291	466
1292	465
1293	465
1294	466
1295	467
1296	466
1297	468
1298	467
1299	467
1300	468
1301	469
1302	468
1303	470
1304	469
1305	466
1306	471
1307	468
1308	471
1309	472
1310	468
1311	468
1312	472
1313	473
1314	473
1315	474
1316	468
1317	475
1318	476
1319	477
1320	476
1321	478
1322	477
1323	477
1324	478
1325	479
1326	478
1327	480
1328	479
1329	479
1330	480
1331	481
1332	482
1333	483
1334	484
1335	483
1336	485
1337	484
1338	484
1339	485
1340	486
1341	485
1342	487
1343	486
1344	487
1345	485
1346	488
1347	489
1348	491
1349	490
1350	490
1351	491
1352	492
1353	491
1354	493
1355	492
1356	493
1357	491
1358	494
1359	494
1360	495
1361	493
1362	493
1363	495
1364	496
1365	495
1366	497
1367	496
1368	497
1369	495
1370	498
1371	495
1372	499
1373	498
1374	499
1375	495
1376	500
1377	495
1378	501
1379	500
1380	500
1381	501
1382	502
1383	501
1384	503
1385	502
1386	504
1387	501
1388	494
1389	501
1390	495
1391	494
1392	505
1393	507
1394	506
1395	506
1396	507
1397	508
1398	507
1399	509
1400	508
1401	480
1402	478
1403	510
1404	478
1405	511
1406	510
1407	511
1408	478
1409	512
1410	478
1411	476
1412	512
1413	513
1414	515
1415	514
1416	514
1417	515
1418	516
1419	515
1420	517
1421	516
1422	516
1423	517
1424	518
1425	517
1426	519
1427	518
1428	518
1429	519
1430	520
1431	520
1432	521
1433	518
1434	518
1435	521
1436	522
1437	522
1438	523
1439	518
1440	518
1441	523
1442	516
1443	524
1444	526
1445	525
1446	525
1447	526
1448	527
1449	526
1450	528
1451	527
1452	527
1453	528
1454	529
1455	528
1456	530
1457	529
1458	526
1459	490
1460	528
1461	528
1462	490
1463	531
1464	490
1465	532
1466	531
1467	531
1468	532
1469	533
1470	532
1471	534
1472	533
1473	533
1474	534
1475	535
1476	535
1477	536
1478	533
1479	490
1480	492
1481	532
1482	492
1483	537
1484	532
1485	532
1486	537
1487	538
1488	538
1489	539
1490	532
1491	532
1492	539
1493	534
1494	537
1495	492
1496	540
1497	492
1498	493
1499	540
1500	540
1501	493
1502	541
1503	493
1504	542
1505	541
1506	542
1507	493
1508	543
1509	493
1510	496
1511	543
1512	543
1513	496
1514	544
1515	545
1516	547
1517	546
1518	546
1519	547
1520	548
1521	547
1522	549
1523	548
1524	549
1525	547
1526	550
1527	547
1528	551
1529	550
1530	550
1531	551
1532	552
1533	551
1534	553
1535	552
1536	552
1537	553
1538	554
1539	553
1540	555
1541	554
1542	555
1543	553
1544	556
1545	556
1546	557
1547	555
1548	557
1549	556
1550	558
1551	556
1552	559
1553	558
1554	547
1555	545
1556	551
1557	551
1558	545
1559	553
1560	545
1561	560
1562	553
1563	553
1564	560
1565	556
1566	560
1567	561
1568	556
1569	561
1570	560
1571	545
1572	545
1573	562
1574	561
1575	563
1576	564
1577	565
1578	564
1579	566
1580	565
1581	565
1582	566
1583	567
1584	568
1585	569
1586	570
1587	569
1588	571
1589	570
1590	570
1591	571
1592	572
1593	571
1594	573
1595	572
1596	574
1597	575
1598	576
1599	575
1600	577
1601	576
1602	577
1603	575
1604	578
1605	575
1606	579
1607	578
1608	546
1609	580
1610	545
1611	580
1612	581
1613	545
1614	582
1615	584
1616	583
1617	583
1618	584
1619	585
1620	584
1621	586
1622	585
1623	585
1624	586
1625	587
1626	586
1627	588
1628	587
1629	587
1630	588
1631	589
1632	588
1633	590
1634	589
1635	589
1636	590
1637	591
1638	591
1639	592
1640	589
1641	589
1642	592
1643	587
1644	592
1645	593
1646	587
1647	587
1648	593
1649	585
1650	593
1651	594
1652	585
1653	585
1654	594
1655	583
1656	594
1657	595
1658	583
1659	583
1660	595
1661	596
1662	593
1663	592
1664	597
1665	597
1666	592
1667	598
1668	598
1669	599
1670	597
1671	599
1672	598
1673	600
1674	598
1675	601
1676	600
1677	600
1678	601
1679	602
1680	602
1681	603
1682	600
1683	600
1684	603
1685	604
1686	603
1687	605
1688	604
1689	605
1690	603
1691	606
1692	603
1693	602
1694	606
1695	606
1696	602
1697	607
1698	600
1699	604
1700	608
1701	608
1702	604
1703	609
1704	604
1705	610
1706	609
1707	611
1708	613
1709	612
1710	612
1711	613
1712	614
1713	614
1714	615
1715	612
1716	612
1717	615
1718	616
1719	615
1720	617
1721	616
1722	616
1723	617
1724	618
1725	617
1726	619
1727	618
1728	619
1729	617
1730	620
1731	617
1732	621
1733	620
1734	621
1735	617
1736	622
1737	617
1738	623
1739	622
1740	623
1741	617
1742	614
1743	617
1744	615
1745	614
1746	624
1747	626
1748	625
1749	625
1750	626
1751	627
1752	626
1753	628
1754	627
1755	627
1756	628
1757	629
1758	629
1759	630
1760	627
1761	627
1762	630
1763	625
1764	630
1765	631
1766	625
1767	626
1768	632
1769	628
1770	628
1771	632
1772	633
1773	632
1774	634
1775	633
1776	635
1777	636
1778	637
1779	636
1780	638
1781	637
1782	637
1783	638
1784	639
1785	638
1786	640
1787	639
1788	639
1789	640
1790	641
1791	641
1792	642
1793	639
1794	639
1795	642
1796	643
1797	643
1798	644
1799	639
1800	639
1801	644
1802	637
1803	644
1804	645
1805	637
1806	637
1807	645
1808	635
1809	646
1810	648
1811	647
1812	647
1813	648
1814	649
1815	649
1816	650
1817	647
1818	647
1819	650
1820	651
1821	652
1822	654
1823	653
1824	653
1825	654
1826	655
1827	654
1828	656
1829	655
1830	655
1831	656
1832	657
1833	658
1834	660
1835	659
1836	659
1837	660
1838	661
1839	660
1840	662
1841	661
1842	661
1843	662
1844	663
1845	662
1846	664
1847	663
1848	664
1849	662
1850	665
1851	662
1852	666
1853	665
1854	665
1855	666
1856	667
1857	666
1858	668
1859	667
1860	659
1861	661
1862	669
1863	669
1864	661
1865	670
1866	661
1867	671
1868	670
1869	671
1870	661
1871	672
1872	661
1873	663
1874	672
1875	672
1876	663
1877	673
1878	663
1879	664
1880	673
1881	673
1882	664
1883	674
1884	664
1885	675
1886	674
1887	675
1888	664
1889	676
1890	677
1891	679
1892	678
1893	678
1894	679
1895	680
1896	679
1897	681
1898	680
1899	682
1900	683
1901	684
1902	683
1903	685
1904	684
1905	684
1906	685
1907	686
1908	685
1909	687
1910	686
1911	687
1912	685
1913	688
1914	685
1915	689
1916	688
1917	688
1918	689
1919	690
1920	689
1921	691
1922	690
1923	691
1924	689
1925	692
1926	692
1927	693
1928	691
1929	685
1930	683
1931	689
1932	683
1933	692
1934	689
1935	694
1936	696
1937	695
1938	695
1939	696
1940	697
1941	696
1942	698
1943	697
1944	697
1945	698
1946	699
1947	698
1948	700
1949	699
1950	700
1951	698
1952	701
1953	702
1954	703
1955	704
1956	703
1957	705
1958	704
1959	704
1960	705
1961	706
1962	705
1963	707
1964	706
1965	707
1966	705
1967	708
1968	705
1969	709
1970	708
1971	709
1972	705
1973	710
1974	710
1975	711
1976	709
1977	711
1978	710
1979	712
1980	710
1981	713
1982	712
1983	712
1984	713
1985	686
1986	713
1987	684
1988	686
1989	684
1990	713
1991	714
1992	713
1993	710
1994	714
1995	714
1996	710
1997	715
1998	710
1999	705
2000	715
2001	715
2002	705
2003	716
2004	705
2005	703
2006	716
2007	716
2008	703
2009	717
2010	703
2011	718
2012	717
2013	718
2014	703
2015	719
2016	703
2017	706
2018	719
2019	719
2020	706
2021	720
2022	720
2023	718
2024	719
2025	718
2026	720
2027	721
2028	720
2029	722
2030	721
2031	721
2032	722
2033	723
2034	722
2035	724
2036	723
2037	724
2038	722
2039	720
2040	720
2041	706
2042	724
2043	724
2044	706
2045	707
2046	707
2047	725
2048	724
2049	724
2050	725
2051	726
2052	726
2053	727
2054	724
2055	724
2056	727
2057	723
2058	727
2059	728
2060	723
2061	723
2062	728
2063	729
2064	729
2065	721
2066	723
2067	721
2068	729
2069	728
2070	728
2071	730
2072	721
2073	721
2074	730
2075	731
2076	684
2077	714
2078	717
2079	714
2080	715
2081	717
2082	717
2083	715
2084	716
2085	732
2086	734
2087	733
2088	733
2089	734
2090	735
2091	734
2092	736
2093	735
2094	735
2095	736
2096	737
2097	737
2098	733
2099	735
2100	733
2101	737
2102	738
2103	739
2104	741
2105	740
2106	740
2107	741
2108	742
2109	741
2110	743
2111	742
2112	742
2113	743
2114	744
2115	744
2116	745
2117	742
2118	742
2119	745
2120	746
2121	746
2122	747
2123	742
2124	742
2125	747
2126	748
2127	748
2128	740
2129	742
2130	740
2131	748
2132	749
2133	748
2134	750
2135	749
2136	749
2137	750
2138	751
2139	750
2140	752
2141	751
2142	751
2143	752
2144	753
2145	752
2146	754
2147	753
2148	755
2149	756
2150	757
2151	756
2152	758
2153	757
2154	757
2155	758
2156	759
2157	758
2158	760
2159	759
2160	761
2161	762
2162	763
2163	762
2164	764
2165	763
2166	763
2167	764
2168	765
2169	762
2170	766
2171	764
2172	764
2173	766
2174	767
2175	766
2176	768
2177	767
2178	767
2179	768
2180	769
2181	769
2182	770
2183	767
2184	767
2185	770
2186	771
2187	770
2188	772
2189	771
2190	771
2191	772
2192	773
2193	773
2194	774
2195	771
2196	774
2197	773
2198	775
2199	775
2200	776
2201	774
2202	774
2203	776
2204	777
2205	777
2206	764
2207	774
2208	774
2209	764
2210	771
2211	764
2212	767
2213	771
2214	778
2215	779
2216	780
2217	779
2218	781
2219	780
2220	780
2221	781
2222	782
2223	781
2224	783
2225	782
2226	783
2227	781
2228	784
2229	781
2230	779
2231	784
2232	784
2233	779
2234	785
2235	786
2236	788
2237	787
2238	787
2239	788
2240	789
2241	788
2242	790
2243	789
2244	789
2245	790
2246	791
2247	791
2248	792
2249	789
2250	789
2251	792
2252	787
2253	793
2254	795
2255	794
2256	794
2257	795
2258	777
2259	777
2260	776
2261	794
2262	794
2263	776
2264	796
2265	776
2266	775
2267	796
2268	796
2269	775
2270	797
2271	797
2272	798
2273	796
2274	796
2275	798
2276	794
2277	799
2278	801
2279	800
2280	800
2281	801
2282	802
2283	801
2284	803
2285	802
2286	804
2287	805
2288	806
2289	805
2290	807
2291	806
2292	806
2293	807
2294	808
2295	807
2296	809
2297	808
2298	809
2299	807
2300	810
2301	807
2302	811
2303	810
2304	810
2305	811
2306	812
2307	811
2308	813
2309	812
2310	813
2311	811
2312	805
2313	811
2314	807
2315	805
2316	814
2317	815
2318	816
2319	712
2320	686
2321	817
2322	817
2323	686
2324	818
2325	686
2326	685
2327	818
2328	818
2329	685
2330	819
2331	685
2332	689
2333	819
2334	820
2335	822
2336	821
2337	821
2338	822
2339	823
2340	822
2341	824
2342	823
2343	824
2344	822
2345	825
2346	825
2347	826
2348	824
2349	824
2350	826
2351	827
2352	826
2353	828
2354	827
2355	827
2356	828
2357	829
2358	829
2359	824
2360	827
2361	824
2362	829
2363	830
2364	830
2365	831
2366	824
2367	824
2368	831
2369	823
2370	831
2371	832
2372	823
2373	823
2374	832
2375	833
2376	833
2377	821
2378	823
2379	821
2380	833
2381	834
2382	833
2383	835
2384	834
2385	835
2386	833
2387	832
2388	832
2389	836
2390	835
2391	837
2392	838
2393	839
2394	838
2395	840
2396	839
2397	840
2398	838
2399	841
2400	841
2401	842
2402	840
2403	840
2404	842
2405	839
2406	842
2407	843
2408	839
2409	656
2410	654
2411	844
2412	844
2413	654
2414	845
2415	654
2416	846
2417	845
2418	847
2419	695
2420	848
2421	695
2422	697
2423	848
2424	848
2425	697
2426	849
2427	697
2428	699
2429	849
2430	849
2431	699
2432	850
2433	851
2434	853
2435	852
2436	852
2437	853
2438	854
2439	853
2440	855
2441	854
2442	854
2443	855
2444	856
2445	856
2446	857
2447	854
2448	854
2449	857
2450	858
2451	858
2452	859
2453	854
2454	854
2455	859
2456	852
2457	859
2458	860
2459	852
2460	860
2461	859
2462	858
2463	792
2464	791
2465	861
2466	813
2467	805
2468	862
2469	798
2470	797
2471	863
2472	864
2473	865
2474	866
2475	865
2476	867
2477	866
2478	867
2479	865
2480	868
2481	865
2482	869
2483	868
2484	869
2485	865
2486	870
2487	865
2488	871
2489	870
2490	870
2491	869
2492	872
2493	869
2494	873
2495	872
2496	874
2497	875
2498	876
2499	875
2500	877
2501	876
2502	876
2503	877
2504	878
2505	877
2506	879
2507	878
2508	880
2509	882
2510	881
2511	881
2512	882
2513	883
2514	883
2515	884
2516	881
2517	881
2518	884
2519	885
2520	884
2521	886
2522	885
2523	885
2524	886
2525	887
2526	888
2527	890
2528	889
2529	889
2530	890
2531	891
2532	890
2533	892
2534	891
2535	891
2536	892
2537	893
2538	893
2539	894
2540	891
2541	891
2542	894
2543	895
2544	895
2545	896
2546	891
2547	891
2548	896
2549	889
2550	896
2551	897
2552	889
2553	889
2554	897
2555	898
2556	899
2557	900
2558	883
2559	900
2560	901
2561	883
2562	883
2563	901
2564	884
2565	901
2566	902
2567	884
2568	884
2569	902
2570	903
2571	903
2572	904
2573	884
2574	884
2575	904
2576	886
2577	904
2578	905
2579	886
2580	886
2581	905
2582	906
2583	895
2584	897
2585	896
2586	907
2587	909
2588	908
2589	908
2590	909
2591	910
2592	909
2593	911
2594	910
2595	911
2596	909
2597	912
2598	908
2599	914
2600	913
2601	913
2602	914
2603	915
2604	914
2605	916
2606	915
2607	915
2608	916
2609	907
2610	916
2611	917
2612	907
2613	917
2614	916
2615	918
2616	916
2617	914
2618	919
2619	914
2620	920
2621	919
2622	919
2623	920
2624	921
2625	922
2626	924
2627	923
2628	923
2629	924
2630	925
2631	924
2632	926
2633	925
2634	926
2635	924
2636	927
2637	928
2638	929
2639	930
2640	929
2641	931
2642	930
2643	930
2644	931
2645	932
2646	933
2647	934
2648	935
2649	934
2650	936
2651	935
2652	935
2653	936
2654	937
2655	938
2656	940
2657	939
2658	939
2659	940
2660	941
2661	940
2662	942
2663	941
2664	941
2665	942
2666	943
2667	942
2668	944
2669	943
2670	945
2671	947
2672	946
2673	946
2674	947
2675	948
2676	947
2677	949
2678	948
2679	948
2680	949
2681	950
2682	949
2683	951
2684	950
2685	950
2686	951
2687	952
2688	952
2689	953
2690	950
2691	953
2692	952
2693	954
2694	955
2695	957
2696	956
2697	956
2698	957
2699	958
2700	958
2701	959
2702	956
2703	959
2704	958
2705	960
2706	958
2707	961
2708	960
2709	961
2710	958
2711	962
2712	958
2713	963
2714	962
2715	963
2716	958
2717	964
2718	958
2719	957
2720	964
2721	964
2722	957
2723	965
2724	966
2725	968
2726	967
2727	969
2728	970
2729	971
2730	970
2731	972
2732	971
2733	972
2734	970
2735	973
2736	970
2737	974
2738	973
2739	973
2740	974
2741	975
2742	976
2743	978
2744	977
2745	979
2746	980
2747	981
2748	980
2749	982
2750	981
2751	981
2752	982
2753	983
2754	984
2755	985
2756	986
2757	985
2758	987
2759	986
2760	986
2761	987
2762	988
2763	987
2764	989
2765	988
2766	988
2767	989
2768	990
2769	989
2770	991
2771	990
2772	991
2773	989
2774	992
2775	989
2776	987
2777	992
2778	992
2779	987
2780	993
2781	993
2782	994
2783	992
2784	994
2785	993
2786	995
2787	995
2788	996
2789	994
2790	994
2791	996
2792	992
2793	996
2794	991
2795	992
2796	948
2797	950
2798	997
2799	950
2800	953
2801	997
2802	909
2803	907
2804	998
2805	907
2806	917
2807	998
2808	999
2809	1000
2810	1001
2811	1002
2812	1004
2813	1003
2814	1005
2815	931
2816	1006
2817	931
2818	929
2819	1006
2820	1006
2821	929
2822	1007
2823	929
2824	1008
2825	1007
2826	1008
2827	929
2828	1009
2829	1010
2830	1012
2831	1011
2832	1013
2833	1014
2834	1015
2835	1016
2836	1018
2837	1017
2838	924
2839	926
2840	1019
2841	1019
2842	926
2843	1020
2844	926
2845	1021
2846	1020
2847	1020
2848	1021
2849	1022
2850	1023
2851	1024
2852	926
2853	926
2854	1024
2855	925
2856	1025
2857	1027
2858	1026
2859	1026
2860	1027
2861	1028
2862	1027
2863	939
2864	1028
2865	1028
2866	939
2867	941
2868	941
2869	1029
2870	1028
2871	1028
2872	1029
2873	1026
2874	925
2875	1021
2876	1030
2877	1031
2878	1032
2879	1033
2880	1032
2881	1034
2882	1033
2883	1033
2884	1034
2885	1035
2886	1034
2887	1036
2888	1035
2889	1036
2890	1034
2891	1037
2892	1034
2893	1038
2894	1037
2895	1038
2896	1034
2897	1032
2898	1039
2899	1041
2900	1040
2901	1040
2902	1041
2903	1042
2904	1041
2905	986
2906	1042
2907	1042
2908	986
2909	988
2910	988
2911	1043
2912	1042
2913	1042
2914	1043
2915	1040
2916	988
2917	990
2918	1043
2919	1044
2920	1045
2921	1046
2922	1045
2923	1047
2924	1046
2925	1046
2926	1047
2927	1048
2928	1047
2929	1049
2930	1048
2931	1048
2932	1049
2933	1050
2934	1050
2935	1051
2936	1048
2937	1048
2938	1051
2939	1052
2940	1051
2941	1053
2942	1052
2943	1048
2944	1052
2945	1046
2946	1052
2947	1054
2948	1046
2949	1046
2950	1054
2951	1055
2952	1054
2953	1056
2954	1055
2955	1056
2956	1054
2957	1057
2958	1054
2959	1052
2960	1057
2961	1057
2962	1052
2963	1058
2964	1059
2965	1061
2966	1060
2967	1060
2968	1061
2969	1062
2970	1063
2971	1064
2972	1065
2973	1064
2974	1066
2975	1065
2976	1065
2977	1066
2978	1067
2979	1066
2980	1068
2981	1067
2982	1068
2983	1066
2984	1069
2985	1066
2986	1064
2987	1069
2988	1069
2989	1064
2990	1070
2991	1071
2992	1073
2993	1072
2994	1072
2995	1073
2996	1074
2997	1074
2998	1075
2999	1072
3000	1072
3001	1075
3002	1076
3003	1075
3004	1077
3005	1076
3006	1077
3007	1075
3008	1078
3009	1075
3010	1074
3011	1078
3012	1078
3013	1074
3014	1079
3015	1080
3016	1081
3017	1067
3018	1081
3019	1082
3020	1067
3021	1067
3022	1082
3023	1083
3024	1082
3025	1065
3026	1083
3027	1083
3028	1065
3029	1067
3030	1084
3031	1085
3032	1047
3033	1047
3034	1085
3035	1049
3036	1086
3037	1087
3038	1088
3039	1087
3040	1089
3041	1088
3042	1088
3043	1089
3044	1090
3045	1089
3046	1091
3047	1090
3048	1090
3049	1091
3050	1092
3051	1091
3052	1093
3053	1092
3054	1093
3055	1091
3056	1094
3057	1091
3058	1095
3059	1094
3060	1095
3061	1091
3062	1089
3063	1089
3064	1087
3065	1095
3066	1095
3067	1087
3068	1096
3069	1096
3070	1097
3071	1095
3072	1095
3073	1097
3074	1098
3075	1098
3076	1099
3077	1095
3078	1095
3079	1099
3080	1094
3081	1099
3082	1100
3083	1094
3084	1100
3085	1099
3086	1101
3087	1101
3088	1102
3089	1100
3090	1098
3091	1103
3092	1099
3093	1103
3094	1101
3095	1099
3096	1104
3097	1106
3098	1105
3099	1105
3100	1106
3101	1107
3102	1106
3103	1108
3104	1107
3105	1107
3106	1108
3107	1109
3108	1109
3109	1110
3110	1107
3111	1107
3112	1110
3113	1111
3114	1104
3115	1105
3116	1112
3117	1112
3118	1105
3119	1113
3120	1105
3121	1114
3122	1113
3123	1113
3124	1114
3125	1115
3126	1115
3127	1116
3128	1113
3129	1116
3130	1115
3131	1117
3132	1118
3133	1119
3134	1120
3135	1119
3136	1121
3137	1120
3138	1120
3139	1121
3140	1122
3141	1123
3142	1125
3143	1124
3144	1124
3145	1125
3146	1126
3147	1125
3148	1127
3149	1126
3150	1128
3151	1129
3152	1130
3153	1129
3154	1131
3155	1130
3156	1132
3157	1133
3158	1134
3159	1133
3160	1135
3161	1134
3162	1134
3163	1135
3164	1136
3165	1135
3166	1137
3167	1136
3168	1105
3169	1107
3170	1138
3171	1107
3172	1139
3173	1138
3174	1140
3175	1141
3176	1142
3177	1141
3178	1143
3179	1142
3180	1142
3181	1143
3182	1144
3183	1143
3184	1145
3185	1144
3186	1144
3187	1145
3188	1146
3189	1147
3190	1149
3191	1148
3192	1148
3193	1149
3194	1150
3195	1149
3196	1151
3197	1150
3198	1152
3199	1112
3200	1153
3201	1112
3202	1113
3203	1153
3204	1153
3205	1113
3206	1154
3207	1113
3208	1116
3209	1154
3210	1155
3211	1156
3212	1157
3213	1156
3214	1158
3215	1157
3216	1158
3217	1156
3218	1159
3219	1156
3220	1160
3221	1159
3222	1159
3223	1160
3224	1161
3225	1160
3226	1162
3227	1161
3228	1161
3229	1162
3230	1163
3231	1162
3232	1164
3233	1163
3234	1163
3235	1164
3236	1165
3237	1165
3238	1166
3239	1163
3240	1166
3241	1165
3242	1167
3243	1158
3244	1159
3245	1168
3246	1168
3247	1159
3248	1161
3249	1161
3250	1169
3251	1168
3252	1169
3253	1161
3254	1170
3255	1161
3256	1163
3257	1170
3258	1170
3259	1163
3260	1166
3261	1161
3262	1171
3263	1159
3264	1159
3265	1171
3266	1172
3267	1124
3268	1126
3269	1173
3270	1174
3271	1130
3272	1175
3273	1130
3274	1129
3275	1175
3276	1175
3277	1129
3278	1176
3279	1177
3280	1178
3281	1179
3282	1178
3283	1180
3284	1179
3285	1180
3286	1178
3287	1181
3288	1178
3289	1182
3290	1181
3291	1181
3292	1182
3293	1183
3294	1145
3295	1143
3296	1184
3297	1185
3298	1187
3299	1186
3300	1186
3301	1187
3302	1188
3303	1187
3304	1189
3305	1188
3306	1188
3307	1189
3308	1190
3309	1190
3310	1191
3311	1188
3312	1188
3313	1191
3314	1192
3315	1191
3316	1193
3317	1192
3318	1192
3319	1193
3320	1194
3321	1194
3322	1195
3323	1192
3324	1192
3325	1195
3326	1188
3327	1195
3328	1196
3329	1188
3330	1188
3331	1196
3332	1186
3333	1197
3334	1199
3335	1198
3336	1198
3337	1199
3338	1200
3339	1199
3340	1201
3341	1200
3342	1201
3343	1199
3344	1202
3345	1202
3346	1203
3347	1201
3348	1201
3349	1203
3350	1204
3351	1204
3352	1205
3353	1201
3354	1201
3355	1205
3356	1200
3357	1205
3358	1206
3359	1200
3360	1200
3361	1206
3362	1198
3363	1206
3364	1207
3365	1198
3366	1198
3367	1207
3368	1208
3369	1208
3370	1209
3371	1198
3372	1198
3373	1209
3374	1210
3375	1210
3376	1211
3377	1198
3378	1198
3379	1211
3380	1197
3381	1212
3382	1214
3383	1213
3384	1213
3385	1214
3386	1215
3387	1216
3388	1218
3389	1217
3390	1219
3391	1220
3392	1221
3393	1222
3394	1224
3395	1223
3396	1225
3397	1226
3398	1227
3399	1228
3400	1229
3401	1230
3402	1229
3403	1231
3404	1230
3405	1230
3406	1231
3407	1232
3408	1231
3409	1233
3410	1232
3411	1233
3412	1231
3413	1234
3414	1235
3415	1237
3416	1236
3417	1238
3418	1239
3419	1240
3420	1241
3421	1243
3422	1242
3423	1242
3424	1243
3425	1244
3426	1244
3427	1245
3428	1242
3429	1242
3430	1245
3431	1246
3432	1245
3433	1247
3434	1246
3435	1247
3436	1245
3437	1248
3438	1249
3439	1250
3440	1251
3441	1250
3442	1252
3443	1251
3444	1251
3445	1252
3446	1253
3447	1252
3448	1254
3449	1253
3450	1254
3451	1252
3452	1255
3453	1252
3454	1256
3455	1255
3456	1256
3457	1252
3458	1257
3459	1258
3460	1260
3461	1259
3462	1259
3463	1260
3464	1261
3465	1260
3466	1262
3467	1261
3468	1262
3469	1260
3470	1263
3471	1260
3472	1264
3473	1263
3474	1265
3475	1266
3476	1267
3477	1266
3478	1268
3479	1267
3480	1267
3481	1268
3482	1269
3483	1270
3484	1272
3485	1271
3486	1271
3487	1272
3488	1273
3489	1274
3490	1275
3491	1276
3492	1275
3493	1277
3494	1276
3495	1276
3496	1277
3497	1278
3498	1277
3499	1279
3500	1278
3501	1278
3502	1279
3503	1280
3504	1280
3505	1281
3506	1278
3507	1278
3508	1281
3509	1276
3510	1281
3511	1282
3512	1276
3513	1276
3514	1282
3515	1283
3516	1282
3517	1284
3518	1283
3519	1284
3520	1282
3521	1285
3522	1282
3523	1286
3524	1285
3525	1286
3526	1282
3527	1281
3528	1281
3529	1287
3530	1286
3531	1287
3532	1281
3533	1280
3534	1288
3535	1289
3536	1290
3537	1289
3538	1291
3539	1290
3540	1290
3541	1291
3542	1292
3543	1291
3544	1293
3545	1292
3546	1292
3547	1293
3548	1294
3549	1295
3550	1296
3551	1250
3552	1250
3553	1296
3554	1252
3555	1292
3556	1297
3557	1290
3558	1290
3559	1297
3560	1298
3561	1299
3562	1301
3563	1300
3564	1302
3565	1303
3566	1304
3567	1305
3568	1307
3569	1306
3570	1308
3571	1309
3572	1310
3573	1309
3574	1311
3575	1310
3576	1312
3577	1313
3578	1314
3579	1313
3580	1315
3581	1314
3582	1315
3583	1313
3584	1316
3585	1313
3586	1317
3587	1316
3588	1316
3589	1317
3590	1318
3591	1317
3592	1319
3593	1318
3594	1318
3595	1319
3596	1320
3597	1320
3598	1321
3599	1318
3600	1321
3601	1320
3602	1322
3603	1320
3604	1323
3605	1322
3606	1323
3607	1320
3608	1319
3609	1319
3610	1324
3611	1323
3612	1324
3613	1319
3614	1325
3615	1279
3616	1277
3617	1326
3618	1277
3619	1327
3620	1326
3621	1326
3622	1327
3623	1328
3624	1327
3625	1277
3626	1329
3627	1329
3628	1277
3629	1275
3630	1275
3631	1330
3632	1329
3633	1329
3634	1330
3635	1331
3636	1247
3637	1332
3638	1246
3639	1246
3640	1332
3641	1333
3642	1334
3643	1324
3644	1317
3645	1317
3646	1324
3647	1319
3648	1335
3649	1337
3650	1336
3651	1336
3652	1337
3653	1338
3654	1337
3655	1339
3656	1338
3657	1338
3658	1339
3659	1340
3660	1339
3661	1341
3662	1340
3663	1340
3664	1341
3665	1342
3666	1341
3667	1343
3668	1342
3669	1342
3670	1343
3671	1344
3672	1344
3673	1345
3674	1342
3675	1342
3676	1345
3677	1346
3678	1346
3679	1340
3680	1342
3681	1340
3682	1346
3683	1338
3684	1346
3685	1347
3686	1338
3687	1338
3688	1347
3689	1336
3690	1347
3691	1348
3692	1336
3693	1348
3694	1347
3695	1346
3696	1349
3697	1336
3698	1350
3699	1350
3700	1336
3701	1348
3702	1351
3703	1353
3704	1352
3705	1352
3706	1353
3707	1354
3708	1353
3709	1355
3710	1354
3711	1354
3712	1355
3713	1356
3714	1356
3715	1357
3716	1354
3717	1354
3718	1357
3719	1352
3720	1357
3721	1358
3722	1352
3723	1358
3724	1357
3725	1359
3726	1359
3727	1360
3728	1358
3729	1361
3730	1362
3731	1363
3732	1362
3733	1364
3734	1363
3735	1363
3736	1364
3737	1365
3738	1365
3739	1366
3740	1363
3741	1366
3742	1365
3743	1367
3744	1365
3745	1364
3746	1367
3747	1367
3748	1364
3749	1368
3750	1368
3751	1369
3752	1367
3753	1367
3754	1369
3755	1366
3756	1369
3757	1370
3758	1366
3759	1366
3760	1370
3761	1371
3762	1371
3763	1372
3764	1366
3765	1373
3766	1355
3767	1374
3768	1355
3769	1353
3770	1374
3771	1375
3772	1376
3773	1370
3774	1376
3775	1371
3776	1370
3777	1359
3778	1357
3779	1377
3780	1357
3781	1378
3782	1377
3783	1378
3784	1357
3785	1379
3786	1357
3787	1356
3788	1379
3789	1379
3790	1356
3791	1380
3792	1381
3793	1383
3794	1382
3795	1383
3796	1381
3797	1384
3798	1384
3799	1385
3800	1383
3801	1383
3802	1385
3803	1382
3804	1385
3805	1386
3806	1382
3807	1386
3808	1385
3809	1387
3810	1385
3811	1388
3812	1387
3813	1388
3814	1385
3815	1389
3816	1385
3817	1384
3818	1389
3819	1389
3820	1384
3821	1390
3822	1391
3823	1392
3824	1393
3825	1392
3826	1394
3827	1393
3828	1393
3829	1394
3830	1395
3831	1396
3832	1397
3833	1398
3834	1397
3835	1399
3836	1398
3837	1398
3838	1399
3839	1400
3840	1401
3841	1403
3842	1402
3843	1404
3844	1406
3845	1405
3846	1405
3847	1406
3848	1407
3849	1406
3850	1408
3851	1407
3852	1407
3853	1408
3854	1409
3855	1410
3856	1412
3857	1411
3858	1411
3859	1412
3860	1413
3861	1412
3862	1414
3863	1413
3864	1413
3865	1414
3866	1415
3867	1414
3868	1416
3869	1415
3870	1415
3871	1416
3872	1417
3873	1418
3874	1420
3875	1419
3876	1419
3877	1420
3878	1421
3879	1420
3880	1422
3881	1421
3882	1423
3883	1424
3884	1425
3885	1426
3886	1428
3887	1427
3888	1427
3889	1428
3890	1429
3891	1429
3892	1430
3893	1427
3894	1427
3895	1430
3896	1431
3897	1431
3898	1432
3899	1427
3900	1432
3901	1431
3902	1433
3903	1431
3904	1434
3905	1433
3906	1433
3907	1434
3908	1435
3909	1434
3910	1436
3911	1435
3912	1435
3913	1436
3914	1437
3915	1437
3916	1433
3917	1435
3918	1433
3919	1437
3920	1432
3921	1437
3922	1438
3923	1432
3924	1438
3925	1437
3926	1439
3927	1437
3928	1440
3929	1439
3930	1439
3931	1440
3932	1441
3933	1440
3934	1442
3935	1441
3936	1442
3937	1440
3938	1443
3939	1440
3940	1437
3941	1443
3942	1443
3943	1437
3944	1444
3945	1437
3946	1445
3947	1444
3948	1444
3949	1445
3950	1446
3951	1445
3952	1447
3953	1446
3954	1447
3955	1445
3956	1448
3957	1448
3958	1449
3959	1447
3960	1449
3961	1448
3962	1450
3963	1448
3964	1436
3965	1450
3966	1436
3967	1448
3968	1437
3969	1448
3970	1451
3971	1437
3972	1437
3973	1451
3974	1445
3975	1451
3976	1448
3977	1445
3978	1452
3979	1453
3980	1454
3981	1453
3982	1455
3983	1454
3984	1456
3985	1438
3986	1428
3987	1438
3988	1457
3989	1428
3990	1428
3991	1457
3992	1458
3993	1458
3994	1429
3995	1428
3996	1429
3997	1458
3998	1459
3999	1460
4000	1461
4001	1382
4002	1382
4003	1461
4004	1381
4005	1461
4006	1462
4007	1381
4008	1381
4009	1462
4010	1463
4011	1416
4012	1414
4013	1464
4014	1414
4015	1412
4016	1464
4017	1464
4018	1412
4019	1465
4020	1466
4021	1468
4022	1467
4023	1467
4024	1468
4025	1469
4026	1468
4027	1470
4028	1469
4029	1470
4030	1468
4031	1471
4032	1468
4033	1472
4034	1471
4035	1471
4036	1472
4037	1473
4038	1474
4039	1381
4040	1382
4041	1388
4042	1389
4043	1475
4044	1389
4045	1476
4046	1475
4047	1477
4048	1478
4049	1479
4050	1478
4051	1480
4052	1479
4053	1479
4054	1480
4055	1481
4056	1480
4057	1482
4058	1481
4059	1482
4060	1480
4061	1483
4062	1480
4063	1478
4064	1483
4065	1484
4066	1485
4067	1486
4068	1485
4069	1487
4070	1486
4071	1487
4072	1485
4073	1488
4074	1485
4075	1489
4076	1488
4077	1488
4078	1489
4079	1490
4080	1489
4081	1491
4082	1490
4083	1490
4084	1491
4085	1492
4086	1491
4087	1493
4088	1492
4089	1493
4090	1491
4091	1494
4092	1491
4093	1430
4094	1494
4095	1430
4096	1491
4097	1431
4098	1491
4099	1489
4100	1431
4101	1431
4102	1489
4103	1434
4104	1489
4105	1485
4106	1434
4107	1457
4108	1438
4109	1495
4110	1438
4111	1439
4112	1495
4113	1495
4114	1439
4115	1496
4116	1439
4117	1441
4118	1496
4119	1446
4120	1497
4121	1444
4122	1497
4123	1498
4124	1444
4125	1444
4126	1498
4127	1443
4128	1498
4129	1499
4130	1443
4131	1500
4132	1502
4133	1501
4134	1501
4135	1502
4136	1503
4137	1502
4138	1504
4139	1503
4140	1505
4141	1507
4142	1506
4143	1506
4144	1507
4145	1508
4146	1507
4147	1509
4148	1508
4149	1510
4150	1512
4151	1511
4152	1511
4153	1512
4154	1513
4155	1512
4156	1514
4157	1513
4158	1515
4159	1500
4160	1501
4161	1516
4162	1518
4163	1517
4164	1519
4165	1521
4166	1520
4167	1520
4168	1521
4169	1522
4170	1521
4171	1523
4172	1522
