0	0
1	1
2	2
3	1
4	3
5	2
6	4
7	5
8	6
9	5
10	7
11	6
12	8
13	9
14	10
15	11
16	13
17	12
18	12
19	13
20	14
21	15
22	17
23	16
24	16
25	17
26	18
27	18
28	19
29	16
30	16
31	19
32	20
33	21
34	22
35	23
36	22
37	24
38	23
39	23
40	24
41	25
42	26
43	28
44	27
45	29
46	30
47	31
48	32
49	34
50	33
51	33
52	34
53	35
54	36
55	37
56	38
57	37
58	39
59	38
60	38
61	39
62	40
63	39
64	41
65	40
66	40
67	41
68	42
69	39
70	37
71	43
72	43
73	37
74	44
75	45
76	47
77	46
78	48
79	49
80	50
81	49
82	51
83	50
84	52
85	53
86	54
87	53
88	55
89	54
90	56
91	58
92	57
93	57
94	58
95	59
96	58
97	60
98	59
99	61
100	63
101	62
102	62
103	63
104	64
105	63
106	65
107	64
108	64
109	65
110	66
111	65
112	67
113	66
114	68
115	69
116	70
117	71
118	73
119	72
120	74
121	75
122	76
123	77
124	79
125	78
126	80
127	82
128	81
129	81
130	82
131	83
132	83
133	84
134	81
135	81
136	84
137	85
138	84
139	86
140	85
141	85
142	86
143	87
144	88
145	90
146	89
147	89
148	90
149	91
150	92
151	94
152	93
153	93
154	94
155	95
156	94
157	96
158	95
159	97
160	98
161	99
162	98
163	100
164	99
165	99
166	100
167	101
168	102
169	103
170	104
171	103
172	105
173	104
174	104
175	105
176	106
177	107
178	109
179	108
180	110
181	111
182	112
183	111
184	113
185	112
186	112
187	113
188	114
189	115
190	117
191	116
192	118
193	119
194	120
195	121
196	123
197	122
198	122
199	123
200	124
201	125
202	127
203	126
204	128
205	129
206	130
207	131
208	133
209	132
210	132
211	133
212	134
213	134
214	135
215	132
216	132
217	135
218	136
219	137
220	139
221	138
222	138
223	139
224	140
225	141
226	143
227	142
228	144
229	145
230	146
231	145
232	147
233	146
234	146
235	147
236	148
237	149
238	151
239	150
240	152
241	153
242	154
243	155
244	157
245	156
246	156
247	157
248	158
249	157
250	159
251	158
252	159
253	157
254	160
255	161
256	163
257	162
258	164
259	165
260	166
261	167
262	169
263	168
264	170
265	171
266	172
267	173
268	175
269	174
270	176
271	177
272	178
273	177
274	179
275	178
276	178
277	179
278	180
279	180
280	181
281	178
282	182
283	183
284	184
285	183
286	185
287	184
288	186
289	187
290	188
291	187
292	189
293	188
294	190
295	191
296	192
297	191
298	193
299	192
300	194
301	195
302	196
303	195
304	197
305	196
306	196
307	197
308	198
309	199
310	201
311	200
312	200
313	201
314	202
315	201
316	203
317	202
318	204
319	205
320	206
321	207
322	209
323	208
324	208
325	209
326	210
327	211
328	213
329	212
330	212
331	213
332	214
333	215
334	217
335	216
336	218
337	219
338	220
339	219
340	221
341	220
342	222
343	223
344	224
345	223
346	225
347	224
348	226
349	227
350	228
351	229
352	231
353	230
354	232
355	233
356	18
357	18
358	233
359	19
360	233
361	234
362	19
363	19
364	234
365	235
366	200
367	202
368	236
369	237
370	238
371	239
372	240
373	241
374	242
375	241
376	243
377	242
378	242
379	243
380	244
381	243
382	245
383	244
384	245
385	243
386	246
387	246
388	247
389	245
390	245
391	247
392	248
393	249
394	251
395	250
396	252
397	253
398	254
399	255
400	257
401	256
402	256
403	257
404	258
405	257
406	259
407	258
408	258
409	259
410	260
411	261
412	263
413	262
414	262
415	263
416	264
417	263
418	265
419	264
420	200
421	266
422	201
423	266
424	267
425	201
426	159
427	268
428	158
429	158
430	268
431	269
432	269
433	270
434	158
435	158
436	270
437	156
438	270
439	271
440	156
441	272
442	273
443	274
444	275
445	277
446	276
447	278
448	177
449	279
450	177
451	178
452	279
453	279
454	178
455	177
456	280
457	282
458	281
459	281
460	282
461	283
462	282
463	284
464	283
465	284
466	282
467	285
468	286
469	288
470	287
471	287
472	288
473	289
474	288
475	290
476	289
477	291
478	293
479	292
480	292
481	293
482	294
483	293
484	295
485	294
486	296
487	297
488	298
489	297
490	299
491	298
492	298
493	299
494	300
495	300
496	301
497	298
498	302
499	303
500	304
501	303
502	305
503	304
504	306
505	307
506	308
507	307
508	309
509	308
510	309
511	307
512	310
513	307
514	311
515	310
516	312
517	313
518	314
519	313
520	315
521	314
522	314
523	315
524	316
525	317
526	319
527	318
528	318
529	319
530	320
531	321
532	323
533	322
534	322
535	323
536	324
537	325
538	327
539	326
540	326
541	327
542	328
543	329
544	331
545	330
546	330
547	331
548	332
549	333
550	335
551	334
552	334
553	335
554	336
555	336
556	337
557	334
558	334
559	337
560	338
561	339
562	341
563	340
564	340
565	341
566	342
567	341
568	343
569	342
570	343
571	341
572	344
573	345
574	347
575	346
576	346
577	347
578	348
579	349
580	351
581	350
582	352
583	353
584	354
585	287
586	289
587	355
588	356
589	357
590	358
591	359
592	361
593	360
594	360
595	361
596	362
597	363
598	364
599	365
600	364
601	366
602	365
603	365
604	366
605	367
606	368
607	370
608	369
609	369
610	370
611	371
612	372
613	374
614	373
615	373
616	374
617	375
618	376
619	377
620	378
621	377
622	379
623	378
624	378
625	379
626	380
627	381
628	383
629	382
630	384
631	385
632	386
633	387
634	389
635	388
636	390
637	391
638	392
639	391
640	393
641	392
642	392
643	393
644	394
645	393
646	395
647	394
648	394
649	395
650	396
651	397
652	399
653	398
654	400
655	401
656	402
657	403
658	404
659	405
660	404
661	406
662	405
663	405
664	406
665	407
666	408
667	410
668	409
669	409
670	410
671	411
672	410
673	412
674	411
675	413
676	414
677	415
678	414
679	416
680	415
681	417
682	418
683	419
684	418
685	283
686	419
687	419
688	283
689	284
690	420
691	422
692	421
693	421
694	422
695	423
696	424
697	426
698	425
699	427
700	428
701	429
702	430
703	432
704	431
705	433
706	434
707	435
708	434
709	436
710	435
711	437
712	438
713	439
714	440
715	442
716	441
717	441
718	442
719	443
720	444
721	446
722	445
723	445
724	446
725	447
726	446
727	448
728	447
729	448
730	446
731	449
732	450
733	452
734	451
735	453
736	455
737	454
738	454
739	455
740	456
741	455
742	457
743	456
744	456
745	457
746	458
747	459
748	461
749	460
750	460
751	461
752	462
753	461
754	463
755	462
756	463
757	461
758	464
759	461
760	465
761	464
762	466
763	467
764	468
765	469
766	471
767	470
768	472
769	473
770	474
771	473
772	475
773	474
774	476
775	477
776	478
777	477
778	479
779	478
780	480
781	482
782	481
783	481
784	482
785	483
786	482
787	484
788	483
789	485
790	486
791	487
792	488
793	490
794	489
795	489
796	490
797	491
798	490
799	492
800	491
801	493
802	494
803	495
804	496
805	498
806	497
807	499
808	500
809	501
810	502
811	504
812	503
813	505
814	506
815	507
816	506
817	508
818	507
819	509
820	510
821	511
822	512
823	514
824	513
825	515
826	516
827	517
828	518
829	520
830	519
831	521
832	522
833	523
834	524
835	526
836	525
837	525
838	526
839	527
840	526
841	528
842	527
843	527
844	528
845	529
846	530
847	532
848	531
849	530
850	532
851	531
852	533
853	535
854	534
855	536
856	538
857	537
858	537
859	538
860	539
861	538
862	540
863	539
864	539
865	540
866	541
867	541
868	542
869	539
870	543
871	544
872	545
873	544
874	546
875	545
876	545
877	546
878	547
879	547
880	548
881	545
882	549
883	550
884	551
885	552
886	554
887	553
888	555
889	557
890	556
891	556
892	557
893	558
894	557
895	559
896	558
897	559
898	557
899	560
900	557
901	561
902	560
903	562
904	563
905	564
906	563
907	565
908	564
909	566
910	567
911	568
912	567
913	569
914	568
915	570
916	571
917	572
918	571
919	573
920	572
921	573
922	571
923	574
924	571
925	575
926	574
927	574
928	575
929	576
930	577
931	579
932	578
933	580
934	582
935	581
936	581
937	582
938	583
939	582
940	584
941	583
942	584
943	582
944	585
945	582
946	586
947	585
948	587
949	588
950	589
951	588
952	590
953	589
954	591
955	592
956	593
957	592
958	594
959	593
960	595
961	596
962	597
963	596
964	598
965	597
966	599
967	600
968	601
969	600
970	602
971	601
972	601
973	602
974	603
975	602
976	604
977	603
978	603
979	604
980	605
981	605
982	606
983	603
984	603
985	606
986	607
987	607
988	601
989	603
990	608
991	609
992	610
993	609
994	611
995	610
996	610
997	611
998	612
999	613
1000	615
1001	614
1002	616
1003	617
1004	618
1005	617
1006	619
1007	618
1008	618
1009	619
1010	620
1011	621
1012	623
1013	622
1014	624
1015	625
1016	626
1017	627
1018	629
1019	628
1020	630
1021	632
1022	631
1023	631
1024	632
1025	633
1026	632
1027	634
1028	633
1029	633
1030	634
1031	635
1032	635
1033	636
1034	633
1035	637
1036	638
1037	639
1038	640
1039	642
1040	641
1041	641
1042	642
1043	643
1044	642
1045	644
1046	643
1047	645
1048	647
1049	646
1050	646
1051	647
1052	648
1053	647
1054	649
1055	648
1056	648
1057	649
1058	650
1059	650
1060	651
1061	648
1062	648
1063	651
1064	652
1065	653
1066	655
1067	654
1068	656
1069	657
1070	658
1071	657
1072	659
1073	658
1074	658
1075	659
1076	660
1077	661
1078	662
1079	585
1080	585
1081	662
1082	584
1083	663
1084	664
1085	665
1086	664
1087	666
1088	665
1089	665
1090	666
1091	667
1092	668
1093	670
1094	669
1095	671
1096	672
1097	673
1098	672
1099	674
1100	673
1101	673
1102	674
1103	675
1104	675
1105	676
1106	673
1107	676
1108	675
1109	677
1110	675
1111	678
1112	677
1113	677
1114	678
1115	679
1116	678
1117	680
1118	679
1119	681
1120	682
1121	683
1122	682
1123	684
1124	683
1125	683
1126	684
1127	685
1128	684
1129	686
1130	685
1131	687
1132	688
1133	689
1134	688
1135	690
1136	689
1137	691
1138	692
1139	693
1140	692
1141	694
1142	693
1143	693
1144	694
1145	695
1146	695
1147	696
1148	693
1149	697
1150	699
1151	698
1152	698
1153	699
1154	700
1155	699
1156	701
1157	700
1158	700
1159	701
1160	702
1161	703
1162	705
1163	704
1164	706
1165	707
1166	708
1167	707
1168	709
1169	708
1170	682
1171	710
1172	684
1173	710
1174	711
1175	684
1176	712
1177	713
1178	714
1179	713
1180	715
1181	714
1182	714
1183	715
1184	716
1185	715
1186	717
1187	716
1188	717
1189	715
1190	718
1191	715
1192	719
1193	718
1194	719
1195	715
1196	713
1197	720
1198	722
1199	721
1200	721
1201	722
1202	723
1203	722
1204	724
1205	723
1206	724
1207	722
1208	725
1209	722
1210	726
1211	725
1212	726
1213	722
1214	727
1215	728
1216	729
1217	730
1218	729
1219	731
1220	730
1221	730
1222	731
1223	732
1224	732
1225	733
1226	730
1227	730
1228	733
1229	734
1230	733
1231	735
1232	734
1233	734
1234	735
1235	736
1236	736
1237	737
1238	734
1239	738
1240	607
1241	739
1242	739
1243	607
1244	740
1245	607
1246	606
1247	740
1248	741
1249	743
1250	742
1251	742
1252	743
1253	744
1254	743
1255	745
1256	744
1257	744
1258	745
1259	746
1260	745
1261	747
1262	746
1263	679
1264	748
1265	677
1266	748
1267	749
1268	677
1269	750
1270	751
1271	725
1272	725
1273	751
1274	752
1275	752
1276	753
1277	725
1278	725
1279	753
1280	724
1281	753
1282	754
1283	724
1284	755
1285	756
1286	757
1287	756
1288	758
1289	757
1290	758
1291	756
1292	759
1293	756
1294	760
1295	759
1296	759
1297	760
1298	761
1299	760
1300	762
1301	761
1302	763
1303	765
1304	764
1305	764
1306	765
1307	766
1308	765
1309	767
1310	766
1311	766
1312	767
1313	768
1314	767
1315	769
1316	768
1317	724
1318	770
1319	722
1320	771
1321	772
1322	773
1323	772
1324	774
1325	773
1326	773
1327	774
1328	775
1329	774
1330	776
1331	775
1332	777
1333	778
1334	779
1335	778
1336	780
1337	779
1338	779
1339	780
1340	781
1341	781
1342	782
1343	779
1344	779
1345	782
1346	719
1347	782
1348	718
1349	719
1350	718
1351	782
1352	783
1353	782
1354	781
1355	783
1356	784
1357	786
1358	785
1359	785
1360	786
1361	787
1362	787
1363	788
1364	785
1365	785
1366	788
1367	789
1368	788
1369	790
1370	789
1371	791
1372	792
1373	793
1374	792
1375	794
1376	793
1377	794
1378	792
1379	795
1380	792
1381	796
1382	795
1383	795
1384	796
1385	797
1386	798
1387	800
1388	799
1389	799
1390	800
1391	801
1392	800
1393	802
1394	801
1395	801
1396	802
1397	803
1398	802
1399	800
1400	803
1401	804
1402	805
1403	806
1404	805
1405	807
1406	806
1407	806
1408	807
1409	808
1410	808
1411	809
1412	806
1413	807
1414	805
1415	808
1416	805
1417	810
1418	808
1419	805
1420	807
1421	811
1422	807
1423	812
1424	811
1425	813
1426	814
1427	815
1428	814
1429	816
1430	815
1431	815
1432	816
1433	817
1434	817
1435	818
1436	815
1437	815
1438	818
1439	813
1440	819
1441	821
1442	820
1443	820
1444	821
1445	822
1446	822
1447	823
1448	820
1449	820
1450	823
1451	824
1452	824
1453	825
1454	820
1455	820
1456	825
1457	826
1458	821
1459	819
1460	827
1461	827
1462	819
1463	828
1464	829
1465	831
1466	830
1467	830
1468	831
1469	832
1470	832
1471	833
1472	830
1473	830
1474	833
1475	834
1476	835
1477	837
1478	836
1479	836
1480	837
1481	838
1482	839
1483	841
1484	840
1485	840
1486	841
1487	842
1488	841
1489	843
1490	842
1491	844
1492	845
1493	846
1494	845
1495	847
1496	846
1497	848
1498	849
1499	850
1500	851
1501	853
1502	852
1503	854
1504	855
1505	856
1506	857
1507	859
1508	858
1509	860
1510	861
1511	862
1512	863
1513	865
1514	864
1515	866
1516	867
1517	868
1518	867
1519	869
1520	868
1521	870
1522	871
1523	872
1524	873
1525	875
1526	874
1527	876
1528	877
1529	878
1530	879
1531	880
1532	881
1533	880
1534	882
1535	881
1536	881
1537	882
1538	883
1539	884
1540	886
1541	885
1542	887
1543	888
1544	889
1545	888
1546	890
1547	889
1548	891
1549	892
1550	893
1551	892
1552	894
1553	893
1554	893
1555	894
1556	895
1557	896
1558	898
1559	897
1560	897
1561	898
1562	899
1563	898
1564	900
1565	899
1566	901
1567	903
1568	902
1569	902
1570	903
1571	904
1572	903
1573	905
1574	904
1575	906
1576	907
1577	908
1578	907
1579	909
1580	908
1581	910
1582	911
1583	912
1584	913
1585	915
1586	914
1587	914
1588	915
1589	916
1590	917
1591	919
1592	918
1593	918
1594	919
1595	920
1596	921
1597	923
1598	922
1599	922
1600	923
1601	924
1602	925
1603	927
1604	926
1605	928
1606	929
1607	930
1608	929
1609	931
1610	930
1611	932
1612	933
1613	934
1614	935
1615	937
1616	936
1617	902
1618	904
1619	938
1620	904
1621	939
1622	938
1623	940
1624	941
1625	942
1626	943
1627	945
1628	944
1629	943
1630	945
1631	944
1632	946
1633	948
1634	947
1635	947
1636	948
1637	949
1638	948
1639	950
1640	949
1641	950
1642	948
1643	820
1644	948
1645	827
1646	820
1647	820
1648	827
1649	819
1650	827
1651	951
1652	819
1653	819
1654	951
1655	952
1656	840
1657	842
1658	953
1659	954
1660	955
1661	956
1662	955
1663	957
1664	956
1665	957
1666	955
1667	958
1668	955
1669	959
1670	958
1671	960
1672	962
1673	961
1674	961
1675	962
1676	963
1677	962
1678	964
1679	963
1680	963
1681	964
1682	965
1683	964
1684	962
1685	966
1686	967
1687	968
1688	969
1689	968
1690	970
1691	969
1692	969
1693	970
1694	971
1695	970
1696	972
1697	971
1698	972
1699	970
1700	968
1701	973
1702	882
1703	974
1704	974
1705	882
1706	975
1707	882
1708	880
1709	975
1710	975
1711	880
1712	976
1713	976
1714	977
1715	975
1716	975
1717	977
1718	978
1719	978
1720	974
1721	975
1722	979
1723	980
1724	981
1725	980
1726	982
1727	981
1728	981
1729	982
1730	983
1731	982
1732	984
1733	983
1734	983
1735	984
1736	985
1737	985
1738	986
1739	983
1740	983
1741	986
1742	981
1743	987
1744	989
1745	988
1746	990
1747	991
1748	992
1749	993
1750	995
1751	994
1752	996
1753	997
1754	998
1755	999
1756	1001
1757	1000
1758	1000
1759	1001
1760	1002
1761	1001
1762	1003
1763	1002
1764	1004
1765	1005
1766	1006
1767	1005
1768	1007
1769	1006
1770	1008
1771	1009
1772	1010
1773	1009
1774	1011
1775	1010
1776	1012
1777	1013
1778	1014
1779	1015
1780	1017
1781	1016
1782	1018
1783	1019
1784	1020
1785	1019
1786	1021
1787	1020
1788	1021
1789	1019
1790	1022
1791	1019
1792	1023
1793	1022
1794	1022
1795	1023
1796	1024
1797	1025
1798	1027
1799	1026
1800	1028
1801	1029
1802	1030
1803	1029
1804	1031
1805	1030
1806	1030
1807	1031
1808	1032
1809	1032
1810	1033
1811	1030
1812	1034
1813	1035
1814	1036
1815	1035
1816	1037
1817	1036
1818	1038
1819	1039
1820	1040
1821	1039
1822	1041
1823	1040
1824	1042
1825	1043
1826	1044
1827	1045
1828	1047
1829	1046
1830	1048
1831	1049
1832	1050
1833	1051
1834	1053
1835	1052
1836	1052
1837	1053
1838	1054
1839	1055
1840	1057
1841	1056
1842	1058
1843	1059
1844	1060
1845	1059
1846	1061
1847	1060
1848	1062
1849	1064
1850	1063
1851	1063
1852	1064
1853	1065
1854	1064
1855	1066
1856	1065
1857	1065
1858	1066
1859	1067
1860	1068
1861	1070
1862	1069
1863	1071
1864	1072
1865	1073
1866	1072
1867	1074
1868	1073
1869	1073
1870	1074
1871	1075
1872	1075
1873	1076
1874	1073
1875	1077
1876	1078
1877	1079
1878	1078
1879	1080
1880	1079
1881	1079
1882	1080
1883	1081
1884	1081
1885	1082
1886	1079
1887	1083
1888	1084
1889	1085
1890	1084
1891	1086
1892	1085
1893	1087
1894	1088
1895	1089
1896	1088
1897	1090
1898	1089
1899	1089
1900	1090
1901	1091
1902	1092
1903	1094
1904	1093
1905	1095
1906	1097
1907	1096
1908	1096
1909	1097
1910	1098
1911	1097
1912	1099
1913	1098
1914	1100
1915	1101
1916	1102
1917	1103
1918	1105
1919	1104
1920	1106
1921	1108
1922	1107
1923	1107
1924	1108
1925	1109
1926	1108
1927	1110
1928	1109
1929	1111
1930	1112
1931	1113
1932	1112
1933	1114
1934	1113
1935	1113
1936	1114
1937	1115
1938	1116
1939	1118
1940	1117
1941	1119
1942	1120
1943	1121
1944	1120
1945	1122
1946	1121
1947	1121
1948	1122
1949	1123
1950	1123
1951	1124
1952	1121
1953	1121
1954	1124
1955	1125
1956	1124
1957	1126
1958	1125
1959	1126
1960	1124
1961	1127
1962	1124
1963	1128
1964	1127
1965	1128
1966	1124
1967	1129
1968	1124
1969	1130
1970	1129
1971	1130
1972	1124
1973	1123
1974	1131
1975	1133
1976	1132
1977	1132
1978	1133
1979	1134
1980	1135
1981	1137
1982	1136
1983	1138
1984	1139
1985	1140
1986	1141
1987	1143
1988	1142
1989	1142
1990	1143
1991	1144
1992	1145
1993	1147
1994	1146
1995	1146
1996	1147
1997	1148
1998	1148
1999	1149
2000	1146
2001	1146
2002	1149
2003	1150
2004	1151
2005	1152
2006	1153
2007	1152
2008	1154
2009	1153
2010	1153
2011	1154
2012	1155
2013	1154
2014	1156
2015	1155
2016	1157
2017	1158
2018	1159
2019	1160
2020	1161
2021	1162
2022	1161
2023	1163
2024	1162
2025	1162
2026	1163
2027	1164
2028	1165
2029	1167
2030	1166
2031	1168
2032	1169
2033	1170
2034	1171
2035	1173
2036	1172
2037	1172
2038	1173
2039	1174
2040	1173
2041	1175
2042	1174
2043	1176
2044	1177
2045	1178
2046	1179
2047	1181
2048	1180
2049	1182
2050	1183
2051	1184
2052	1185
2053	1187
2054	1186
2055	1186
2056	1187
2057	1188
2058	1189
2059	1190
2060	1191
2061	1190
2062	1192
2063	1191
2064	1191
2065	1192
2066	1193
2067	1192
2068	1194
2069	1193
2070	1193
2071	1194
2072	1195
2073	1195
2074	1196
2075	1193
2076	1197
2077	1198
2078	1199
2079	1198
2080	1200
2081	1199
2082	1201
2083	1202
2084	1203
2085	1202
2086	1204
2087	1203
2088	1205
2089	1206
2090	1207
2091	1208
2092	1210
2093	1209
2094	1209
2095	1210
2096	1211
2097	1210
2098	1212
2099	1211
2100	1212
2101	1210
2102	1213
2103	1214
2104	1216
2105	1215
2106	1217
2107	1219
2108	1218
2109	1218
2110	1219
2111	1220
2112	1219
2113	1221
2114	1220
2115	1222
2116	1224
2117	1223
2118	1223
2119	1224
2120	1225
2121	1224
2122	1226
2123	1225
2124	1227
2125	1228
2126	1229
2127	1228
2128	1230
2129	1229
2130	1229
2131	1230
2132	1231
2133	1230
2134	1232
2135	1231
2136	1231
2137	1232
2138	1233
2139	1232
2140	1234
2141	1233
2142	1227
2143	1235
2144	1233
2145	1236
2146	1238
2147	1237
2148	1239
2149	1240
2150	1241
2151	1242
2152	1244
2153	1243
2154	1243
2155	1244
2156	1245
2157	1246
2158	1248
2159	1247
2160	1249
2161	1250
2162	1251
2163	1252
2164	1254
2165	1253
2166	1253
2167	1254
2168	1255
2169	1254
2170	1256
2171	1255
2172	1255
2173	1256
2174	1257
2175	1258
2176	1260
2177	1259
2178	1261
2179	1262
2180	1263
2181	1262
2182	1264
2183	1263
2184	1265
2185	1266
2186	1267
2187	1268
2188	1270
2189	1269
2190	1269
2191	1270
2192	1271
2193	1272
2194	1274
2195	1273
2196	1275
2197	1276
2198	1277
2199	1278
2200	1280
2201	1279
2202	1281
2203	1282
2204	1283
2205	1284
2206	1286
2207	1285
2208	1287
2209	1081
2210	1288
2211	1081
2212	1080
2213	1288
2214	1289
2215	1290
2216	1291
2217	1290
2218	1292
2219	1291
2220	1293
2221	1294
2222	1295
2223	1296
2224	1297
2225	1298
2226	1297
2227	1299
2228	1298
2229	1298
2230	1299
2231	1300
2232	1301
2233	1303
2234	1302
2235	1302
2236	1303
2237	1304
2238	1305
2239	1307
2240	1306
2241	1306
2242	1307
2243	1308
2244	1309
2245	1311
2246	1310
2247	1310
2248	1311
2249	1312
2250	1313
2251	1315
2252	1314
2253	1314
2254	1315
2255	1316
2256	1317
2257	1319
2258	1318
2259	1318
2260	1319
2261	1320
2262	1319
2263	1321
2264	1320
2265	1322
2266	1323
2267	1324
2268	1325
2269	1327
2270	1326
2271	1328
2272	1329
2273	1330
2274	1329
2275	1331
2276	1330
2277	1330
2278	1331
2279	1332
2280	1331
2281	1333
2282	1332
2283	1334
2284	1335
2285	1336
2286	1335
2287	1337
2288	1336
2289	1338
2290	1339
2291	1340
2292	1341
2293	1343
2294	1342
2295	1342
2296	1343
2297	1344
2298	1343
2299	1345
2300	1344
2301	1345
2302	1343
2303	1346
2304	1347
2305	1348
2306	1349
2307	1348
2308	1350
2309	1349
2310	1349
2311	1350
2312	1351
2313	1352
2314	1353
2315	1354
2316	1353
2317	1355
2318	1354
2319	1354
2320	1355
2321	1356
2322	1357
2323	1359
2324	1358
2325	1358
2326	1359
2327	1360
2328	1359
2329	1361
2330	1360
2331	1360
2332	1361
2333	1362
2334	1363
2335	1365
2336	1364
2337	1364
2338	1365
2339	1366
2340	1365
2341	1367
2342	1366
2343	1366
2344	1367
2345	1368
2346	1369
2347	1371
2348	1370
2349	1370
2350	1371
2351	1372
2352	1371
2353	1373
2354	1372
2355	1374
2356	1375
2357	1376
2358	1377
2359	1378
2360	1379
2361	1378
2362	1380
2363	1379
2364	1379
2365	1380
2366	1381
2367	1382
2368	1384
2369	1383
2370	1385
2371	1386
2372	1387
2373	1386
2374	1388
2375	1387
2376	1389
2377	1390
2378	1391
2379	1390
2380	1392
2381	1391
2382	1393
2383	1394
2384	1395
2385	1396
2386	1398
2387	1397
2388	1399
2389	1400
2390	1401
2391	1402
2392	1404
2393	1403
2394	1405
2395	1406
2396	1407
2397	1408
2398	1409
2399	1410
2400	1409
2401	1411
2402	1410
2403	1410
2404	1411
2405	1412
2406	1413
2407	1415
2408	1414
2409	1416
2410	1417
2411	1418
2412	1419
2413	1421
2414	1420
2415	1422
2416	1423
2417	1424
2418	1425
2419	1427
2420	1426
2421	1428
2422	1429
2423	1430
2424	1431
2425	1433
2426	1432
2427	1434
2428	1435
2429	1436
2430	1435
2431	1437
2432	1436
2433	1436
2434	1437
2435	1438
2436	1439
2437	1441
2438	1440
2439	1440
2440	1441
2441	1442
2442	1441
2443	1443
2444	1442
2445	1442
2446	1443
2447	1444
2448	1445
2449	1447
2450	1446
2451	1448
2452	1449
2453	1450
2454	1451
2455	1453
2456	1452
2457	1452
2458	1453
2459	1454
2460	1455
2461	1457
2462	1456
2463	1456
2464	1457
2465	1458
2466	1459
2467	1461
2468	1460
2469	1460
2470	1461
2471	1462
2472	1461
2473	1463
2474	1462
2475	1464
2476	1465
2477	1466
2478	1467
2479	1096
2480	1468
2481	1468
2482	1096
2483	1469
2484	1096
2485	1098
2486	1469
2487	1469
2488	1098
2489	1470
2490	1471
2491	1473
2492	1472
2493	1472
2494	1473
2495	1474
2496	1473
2497	1475
2498	1474
2499	1474
2500	1475
2501	1476
2502	1475
2503	1477
2504	1476
2505	1477
2506	1475
2507	1478
2508	1475
2509	1479
2510	1478
2511	1479
2512	1475
2513	1473
2514	1480
2515	1481
2516	1074
2517	1074
2518	1481
2519	1075
2520	1482
2521	1483
2522	1484
2523	1483
2524	1485
2525	1484
2526	1484
2527	1485
2528	1486
2529	1485
2530	1487
2531	1486
2532	1487
2533	1485
2534	1488
2535	1485
2536	1489
2537	1488
2538	1489
2539	1485
2540	1490
2541	1485
2542	1491
2543	1490
2544	1491
2545	1485
2546	1483
2547	1483
2548	1492
2549	1491
2550	1491
2551	1492
2552	1493
2553	1493
2554	1494
2555	1491
2556	1491
2557	1494
2558	1495
2559	1495
2560	1496
2561	1491
2562	1491
2563	1496
2564	1490
2565	1496
2566	1497
2567	1490
2568	1490
2569	1497
2570	1498
2571	1498
2572	1489
2573	1490
2574	1489
2575	1498
2576	1499
2577	1500
2578	1477
2579	1479
2580	1479
2581	1477
2582	1478
2583	1501
2584	1502
2585	1503
2586	1502
2587	1504
2588	1503
2589	1503
2590	1504
2591	1505
2592	1504
2593	1502
2594	1505
2595	1505
2596	1502
2597	1506
2598	1507
2599	1508
2600	1435
2601	1508
2602	1509
2603	1435
2604	1435
2605	1509
2606	1437
2607	1299
2608	1297
2609	1510
2610	1510
2611	1297
2612	1511
2613	1512
2614	1107
2615	1513
2616	1513
2617	1107
2618	1514
2619	1107
2620	1109
2621	1514
2622	1514
2623	1109
2624	1513
2625	1109
2626	1515
2627	1513
2628	1516
2629	1517
2630	1518
2631	1517
2632	1519
2633	1518
2634	1518
2635	1519
2636	1520
2637	1519
2638	1521
2639	1520
2640	1520
2641	1521
2642	1522
2643	1521
2644	1523
2645	1522
2646	1523
2647	1521
2648	1524
2649	1521
2650	1517
2651	1524
2652	1517
2653	1521
2654	1519
2655	1525
2656	1527
2657	1526
2658	1526
2659	1527
2660	1528
2661	1527
2662	1529
2663	1528
2664	1528
2665	1529
2666	1530
2667	1530
2668	1531
2669	1528
2670	1531
2671	1530
2672	1532
2673	1533
2674	1535
2675	1534
2676	1534
2677	1535
2678	1536
2679	1535
2680	1537
2681	1536
2682	1536
2683	1537
2684	1538
2685	1538
2686	1539
2687	1536
2688	1536
2689	1539
2690	1540
2691	1540
2692	1534
2693	1536
2694	1541
2695	1542
2696	1543
2697	1542
2698	1544
2699	1543
2700	1544
2701	1542
2702	1541
2703	1545
2704	1547
2705	1546
2706	1546
2707	1547
2708	1548
2709	1547
2710	1545
2711	1548
2712	1548
2713	1545
2714	1546
2715	1549
2716	1551
2717	1550
2718	1552
2719	1554
2720	1553
2721	1553
2722	1554
2723	1555
2724	1554
2725	1556
2726	1555
2727	1557
2728	1558
2729	1559
2730	1558
2731	1560
2732	1559
2733	1559
2734	1560
2735	1561
2736	1560
2737	1562
2738	1561
2739	1562
2740	1560
2741	1563
2742	1560
2743	1564
2744	1563
2745	1563
2746	1564
2747	1565
2748	1566
2749	1568
2750	1567
2751	1567
2752	1568
2753	1569
2754	1570
2755	1572
2756	1571
2757	1573
2758	1574
2759	1575
2760	1574
2761	1576
2762	1575
2763	1575
2764	1576
2765	1577
2766	1576
2767	1578
2768	1577
2769	1577
2770	1578
2771	1579
2772	1580
2773	1582
2774	1581
2775	1581
2776	1582
2777	1583
2778	1584
2779	1586
2780	1585
2781	1585
2782	1586
2783	1587
2784	1588
2785	1589
2786	1590
2787	1589
2788	1591
2789	1590
2790	1590
2791	1591
2792	1592
2793	1593
2794	1595
2795	1594
2796	1594
2797	1595
2798	1596
2799	1597
2800	1598
2801	1599
2802	1598
2803	1600
2804	1599
2805	1599
2806	1600
2807	1601
2808	1602
2809	1604
2810	1603
2811	1605
2812	1607
2813	1606
2814	1606
2815	1607
2816	1608
2817	1607
2818	1609
2819	1608
2820	1608
2821	1609
2822	1610
2823	1611
2824	1613
2825	1612
2826	1614
2827	1615
2828	1616
2829	1617
2830	1619
2831	1618
2832	1618
2833	1619
2834	1620
2835	1621
2836	1623
2837	1622
2838	1622
2839	1623
2840	1624
2841	1625
2842	1626
2843	1627
2844	1626
2845	1628
2846	1627
2847	1627
2848	1628
2849	1629
2850	1629
2851	1630
2852	1627
2853	1627
2854	1630
2855	1631
2856	1632
2857	1634
2858	1633
2859	1633
2860	1634
2861	1635
2862	1636
2863	1638
2864	1637
2865	1639
2866	1640
2867	1641
2868	1642
2869	1644
2870	1643
2871	1643
2872	1644
2873	1645
2874	1646
2875	1647
2876	1648
2877	1647
2878	1649
2879	1648
2880	1648
2881	1649
2882	1650
2883	1651
2884	1653
2885	1652
2886	1652
2887	1653
2888	1654
2889	1655
2890	1656
2891	1657
2892	1656
2893	1658
2894	1657
2895	1657
2896	1658
2897	1659
2898	1660
2899	1662
2900	1661
2901	1661
2902	1662
2903	1663
2904	1664
2905	1666
2906	1665
2907	1665
2908	1666
2909	1667
2910	1668
2911	1670
2912	1669
2913	1669
2914	1670
2915	1671
2916	1670
2917	1672
2918	1671
2919	1671
2920	1672
2921	1673
2922	1674
2923	1676
2924	1675
2925	1675
2926	1676
2927	1677
2928	1678
2929	1680
2930	1679
2931	1681
2932	1682
2933	1683
2934	1684
2935	1686
2936	1685
2937	1687
2938	1688
2939	1689
2940	1690
2941	1692
2942	1691
2943	1691
2944	1692
2945	1693
2946	1694
2947	1695
2948	1696
2949	1695
2950	1697
2951	1696
2952	1696
2953	1697
2954	1698
2955	1699
2956	1700
2957	1701
2958	1700
2959	1702
2960	1701
2961	1701
2962	1702
2963	1703
2964	1702
2965	1704
2966	1703
2967	1703
2968	1704
2969	1705
2970	1706
2971	1707
2972	1708
2973	1707
2974	1709
2975	1708
2976	1708
2977	1709
2978	1710
2979	1711
2980	1713
2981	1712
2982	1714
2983	1715
2984	1716
2985	1717
2986	1719
2987	1718
2988	1718
2989	1719
2990	1720
2991	1719
2992	1721
2993	1720
2994	1722
2995	1723
2996	1724
2997	1725
2998	1727
2999	1726
3000	1728
3001	1729
3002	1730
3003	1731
3004	1733
3005	1732
3006	1732
3007	1733
3008	1734
3009	1735
3010	1737
3011	1736
3012	1736
3013	1737
3014	1738
3015	1739
3016	1741
3017	1740
3018	1740
3019	1741
3020	1742
3021	1743
3022	1744
3023	1745
3024	1744
3025	1746
3026	1745
3027	1745
3028	1746
3029	1747
3030	1748
3031	1750
3032	1749
3033	1749
3034	1750
3035	1751
3036	1752
3037	1754
3038	1753
3039	1753
3040	1754
3041	1755
3042	1754
3043	1756
3044	1755
3045	1756
3046	1754
3047	1757
3048	1754
3049	1758
3050	1757
3051	1759
3052	1760
3053	1761
3054	1762
3055	1764
3056	1763
3057	1765
3058	1766
3059	1767
3060	1766
3061	1768
3062	1767
3063	1767
3064	1768
3065	1769
3066	1770
3067	1772
3068	1771
3069	1771
3070	1772
3071	1773
3072	1774
3073	1776
3074	1775
3075	1775
3076	1776
3077	1777
3078	1778
3079	1780
3080	1779
3081	1781
3082	1782
3083	1783
3084	1782
3085	1784
3086	1783
3087	1785
3088	1786
3089	1787
3090	1788
3091	1790
3092	1789
3093	1791
3094	1792
3095	1793
3096	1792
3097	1794
3098	1793
3099	1795
3100	1796
3101	1797
3102	1796
3103	1798
3104	1797
3105	1799
3106	1801
3107	1800
3108	1800
3109	1801
3110	1802
3111	1801
3112	1803
3113	1802
3114	1600
3115	1598
3116	1804
3117	1598
3118	1805
3119	1804
3120	1806
3121	1807
3122	1808
3123	1807
3124	1809
3125	1808
3126	1808
3127	1809
3128	1810
3129	1809
3130	1811
3131	1810
3132	1810
3133	1811
3134	1812
3135	1808
3136	1810
3137	1813
3138	1813
3139	1810
3140	1811
3141	1814
3142	1816
3143	1815
3144	1815
3145	1816
3146	1817
3147	1816
3148	1818
3149	1817
3150	1817
3151	1818
3152	1819
3153	1818
3154	1820
3155	1819
3156	1821
3157	1823
3158	1822
3159	1822
3160	1823
3161	1824
3162	1823
3163	1825
3164	1824
3165	1824
3166	1825
3167	1826
3168	1826
3169	1827
3170	1824
3171	1824
3172	1827
3173	1828
3174	1827
3175	1826
3176	1829
3177	1829
3178	1826
3179	1830
3180	1831
3181	1833
3182	1832
3183	1834
3184	1578
3185	1835
3186	1578
3187	1576
3188	1835
3189	1835
3190	1576
3191	1836
3192	1576
3193	1574
3194	1836
3195	1837
3196	1838
3197	1839
3198	1838
3199	1840
3200	1839
3201	1839
3202	1840
3203	1841
3204	1840
3205	1842
3206	1841
3207	1841
3208	1842
3209	1843
3210	1843
3211	1839
3212	1841
3213	1844
3214	1845
3215	1846
3216	1845
3217	1847
3218	1846
3219	1846
3220	1847
3221	1848
3222	1847
3223	1849
3224	1848
3225	1846
3226	1848
3227	1850
3228	1848
3229	1851
3230	1850
3231	1852
3232	1854
3233	1853
3234	1853
3235	1854
3236	1855
3237	1854
3238	1856
3239	1855
3240	1855
3241	1856
3242	1857
3243	1853
3244	1855
3245	1858
3246	1858
3247	1855
3248	1859
3249	1855
3250	1856
3251	1859
3252	1859
3253	1856
3254	1860
3255	1861
3256	1863
3257	1862
3258	1862
3259	1863
3260	1864
3261	1865
3262	1811
3263	1810
3264	1819
3265	1866
3266	1817
3267	1866
3268	1815
3269	1817
3270	1867
3271	1868
3272	1869
3273	1868
3274	1870
3275	1869
3276	1869
3277	1870
3278	1871
3279	1871
3280	1872
3281	1869
3282	1873
3283	1874
3284	1875
3285	1874
3286	1876
3287	1875
3288	1877
3289	1878
3290	1879
3291	1878
3292	1880
3293	1879
3294	1879
3295	1880
3296	1881
3297	1882
3298	1884
3299	1883
3300	1883
3301	1884
3302	1885
3303	1886
3304	1888
3305	1887
3306	1887
3307	1888
3308	1889
3309	1888
3310	1890
3311	1889
3312	1891
3313	1892
3314	1893
3315	1894
3316	1896
3317	1895
3318	1895
3319	1896
3320	1897
3321	1898
3322	1900
3323	1899
3324	1901
3325	1902
3326	1903
3327	1902
3328	1904
3329	1903
3330	1905
3331	1906
3332	1907
3333	1906
3334	1908
3335	1907
3336	1907
3337	1908
3338	1909
3339	1908
3340	1910
3341	1909
3342	1910
3343	1908
3344	1906
3345	1906
3346	1911
3347	1910
3348	1912
3349	1800
3350	1913
3351	1800
3352	1802
3353	1913
3354	1913
3355	1802
3356	1914
3357	1914
3358	1912
3359	1913
3360	1915
3361	1916
3362	1917
3363	1918
3364	1919
3365	1920
3366	1919
3367	1921
3368	1920
3369	1920
3370	1921
3371	1922
3372	1921
3373	1923
3374	1922
3375	1923
3376	1921
3377	1924
3378	1925
3379	1927
3380	1926
3381	1926
3382	1927
3383	1928
3384	1929
3385	1931
3386	1930
3387	1932
3388	1933
3389	1934
3390	1935
3391	1937
3392	1936
3393	1938
3394	1939
3395	1940
3396	1939
3397	1941
3398	1940
3399	1942
3400	1943
3401	1944
3402	1943
3403	1945
3404	1944
3405	1945
3406	1943
3407	1946
3408	1943
3409	1947
3410	1946
3411	1948
3412	1949
3413	1950
3414	1951
3415	1953
3416	1952
3417	1954
3418	1956
3419	1955
3420	1955
3421	1956
3422	1957
3423	1956
3424	1958
3425	1957
3426	1957
3427	1958
3428	1959
3429	1958
3430	1960
3431	1959
3432	1959
3433	1960
3434	1961
3435	1962
3436	1964
3437	1963
3438	1965
3439	1966
3440	1967
3441	1968
3442	1970
3443	1969
3444	1971
3445	1972
3446	1973
3447	1974
3448	1976
3449	1975
3450	1977
3451	1978
3452	1979
3453	1978
3454	1980
3455	1979
3456	1981
3457	1983
3458	1982
3459	1982
3460	1983
3461	1984
3462	1983
3463	1985
3464	1984
3465	1984
3466	1985
3467	1986
3468	1987
3469	1989
3470	1988
3471	1990
3472	1991
3473	1992
3474	1991
3475	1993
3476	1992
3477	1992
3478	1993
3479	1994
3480	1995
3481	1996
3482	1997
3483	1996
3484	1998
3485	1997
3486	1997
3487	1998
3488	1999
3489	1998
3490	2000
3491	1999
3492	2001
3493	2003
3494	2002
3495	2002
3496	2003
3497	2004
3498	2003
3499	2005
3500	2004
3501	2004
3502	2005
3503	2006
3504	2007
3505	2009
3506	2008
3507	2008
3508	2009
3509	2010
3510	2009
3511	2011
3512	2010
3513	2011
3514	2009
3515	2012
3516	2013
3517	2015
3518	2014
3519	2014
3520	2015
3521	2016
3522	2017
3523	2019
3524	2018
3525	2020
3526	2021
3527	2022
3528	2021
3529	2023
3530	2022
3531	2022
3532	2023
3533	2024
3534	2023
3535	2025
3536	2024
3537	2026
3538	2027
3539	2028
3540	2027
3541	2029
3542	2028
3543	2030
3544	2032
3545	2031
3546	2031
3547	2032
3548	2033
3549	2032
3550	2034
3551	2033
3552	2035
3553	2036
3554	2037
3555	2036
3556	2038
3557	2037
3558	2037
3559	2038
3560	2039
3561	2040
3562	2041
3563	2042
3564	2041
3565	2043
3566	2042
3567	2042
3568	2043
3569	2044
3570	2045
3571	2047
3572	2046
3573	2046
3574	2047
3575	2048
3576	2047
3577	2049
3578	2048
3579	2049
3580	2047
3581	2050
3582	2047
3583	2051
3584	2050
3585	2052
3586	2053
3587	2054
3588	2053
3589	2055
3590	2054
3591	2056
3592	2057
3593	2058
3594	2059
3595	2061
3596	2060
3597	2062
3598	2063
3599	2064
3600	2065
3601	2067
3602	2066
3603	2068
3604	2069
3605	2070
3606	2069
3607	2071
3608	2070
3609	2072
3610	2073
3611	2074
3612	2073
3613	2075
3614	2074
3615	2076
3616	2077
3617	2078
3618	2079
3619	2081
3620	2080
3621	2080
3622	2081
3623	2082
3624	2083
3625	2085
3626	2084
3627	2086
3628	2088
3629	2087
3630	2087
3631	2088
3632	2089
3633	2088
3634	2090
3635	2089
3636	2091
3637	2092
3638	2093
3639	2092
3640	2094
3641	2093
3642	2093
3643	2094
3644	2095
3645	2095
3646	2096
3647	2093
3648	2097
3649	2098
3650	2099
3651	2100
3652	2102
3653	2101
3654	2103
3655	2104
3656	2105
3657	2104
3658	2106
3659	2105
3660	2107
3661	2108
3662	2109
3663	2108
3664	2110
3665	2109
3666	2111
3667	2112
3668	2113
3669	2112
3670	2114
3671	2113
3672	2115
3673	2116
3674	2117
3675	2116
3676	2118
3677	2117
3678	2119
3679	2120
3680	2121
3681	2122
3682	2124
3683	2123
3684	2125
3685	2126
3686	2127
3687	2128
3688	2130
3689	2129
3690	2131
3691	2132
3692	2133
3693	2132
3694	2134
3695	2133
3696	2135
3697	2136
3698	2137
3699	2138
3700	2140
3701	2139
3702	2141
3703	2142
3704	2143
3705	2142
3706	2144
3707	2143
3708	2145
3709	2146
3710	2147
3711	2148
3712	2149
3713	2150
3714	2149
3715	2151
3716	2150
3717	2150
3718	2151
3719	2152
3720	2151
3721	2153
3722	2152
3723	2153
3724	2151
3725	2154
3726	2155
3727	2157
3728	2156
3729	2158
3730	2160
3731	2159
3732	2159
3733	2160
3734	2161
3735	2160
3736	2162
3737	2161
3738	2161
3739	2162
3740	2163
3741	2162
3742	2164
3743	2163
3744	2165
3745	2167
3746	2166
3747	2166
3748	2167
3749	2168
3750	2167
3751	2169
3752	2168
3753	2170
3754	2171
3755	2172
3756	2171
3757	2173
3758	2172
3759	2174
3760	2175
3761	2176
3762	2177
3763	2179
3764	2178
3765	2180
3766	2181
3767	2182
3768	2181
3769	2183
3770	2182
3771	2184
3772	2186
3773	2185
3774	2185
3775	2186
3776	2187
3777	2186
3778	2188
3779	2187
3780	2187
3781	2188
3782	2189
3783	2190
3784	2192
3785	2191
3786	2191
3787	2192
3788	2193
3789	2194
3790	2196
3791	2195
3792	2197
3793	2198
3794	2199
3795	2200
3796	2202
3797	2201
3798	2203
3799	2204
3800	2205
3801	2206
3802	2208
3803	2207
3804	2207
3805	2208
3806	2209
3807	2208
3808	2210
3809	2209
3810	2209
3811	2210
3812	2211
3813	2211
3814	2212
3815	2209
3816	2209
3817	2212
3818	2207
3819	2213
3820	2215
3821	2214
3822	2214
3823	2215
3824	2216
3825	2215
3826	2217
3827	2216
3828	2218
3829	2219
3830	2220
3831	2221
3832	2223
3833	2222
3834	2224
3835	2225
3836	2226
3837	2225
3838	2227
3839	2226
3840	2226
3841	2227
3842	2228
3843	2229
3844	2231
3845	2230
3846	2232
3847	2233
3848	2234
3849	2235
3850	2237
3851	2236
3852	2238
3853	2239
3854	2240
3855	2241
3856	2243
3857	2242
3858	2242
3859	2243
3860	2244
3861	2245
3862	2247
3863	2246
3864	2246
3865	2247
3866	2248
3867	2249
3868	2251
3869	2250
3870	2250
3871	2251
3872	2252
3873	2252
3874	2253
3875	2250
3876	2250
3877	2253
3878	2254
3879	2255
3880	2256
3881	2257
3882	2256
3883	2258
3884	2257
3885	2257
3886	2258
3887	2259
3888	2258
3889	2260
3890	2259
3891	2261
3892	2262
3893	2263
3894	2264
3895	2266
3896	2265
3897	2267
3898	2269
3899	2268
3900	2268
3901	2269
3902	2270
3903	2269
3904	2271
3905	2270
3906	2257
3907	2259
3908	2272
3909	2273
3910	2275
3911	2274
3912	2276
3913	2277
3914	2278
3915	2277
3916	2279
3917	2278
3918	2280
3919	2281
3920	2282
3921	2283
3922	2285
3923	2284
3924	2284
3925	2285
3926	2286
3927	2287
3928	2289
3929	2288
3930	2290
3931	2291
3932	2292
3933	2293
3934	2295
3935	2294
3936	2294
3937	2295
3938	2296
3939	2297
3940	2299
3941	2298
3942	2298
3943	2299
3944	2300
3945	2299
3946	2301
3947	2300
3948	2300
3949	2301
3950	2302
3951	2303
3952	2305
3953	2304
3954	2304
3955	2305
3956	2306
3957	2307
3958	2309
3959	2308
3960	2310
3961	2311
3962	2312
3963	2313
3964	2315
3965	2314
3966	2316
3967	2317
3968	2318
3969	2319
3970	2321
3971	2320
3972	2322
3973	2323
3974	2324
3975	2325
3976	2327
3977	2326
3978	2328
3979	2329
3980	2330
3981	2331
3982	2333
3983	2332
3984	2334
3985	2335
3986	2336
3987	2335
3988	2337
3989	2336
3990	2338
3991	2339
3992	2340
3993	2341
3994	2343
3995	2342
3996	2342
3997	2343
3998	2344
3999	2345
4000	2347
4001	2346
4002	2348
4003	2349
4004	2350
4005	2351
4006	2353
4007	2352
4008	2354
4009	2355
4010	2356
4011	2357
4012	2359
4013	2358
4014	2360
4015	2361
4016	2362
4017	2363
4018	2365
4019	2364
4020	2364
4021	2365
4022	2366
4023	2365
4024	2367
4025	2366
4026	2368
4027	2369
4028	2370
4029	2371
4030	2373
4031	2372
4032	2374
4033	2375
4034	2376
4035	2377
4036	2379
4037	2378
4038	2380
4039	2381
4040	2382
4041	2383
4042	2385
4043	2384
4044	2384
4045	2385
4046	2386
4047	2385
4048	2387
4049	2386
4050	2388
4051	2389
4052	2390
4053	2389
4054	2391
4055	2390
4056	2392
4057	2394
4058	2393
4059	2393
4060	2394
4061	2395
4062	2394
4063	2396
4064	2395
4065	2397
4066	2399
4067	2398
4068	2398
4069	2399
4070	2400
4071	2399
4072	2401
4073	2400
4074	2400
4075	2401
4076	2402
4077	2399
4078	2403
4079	2401
4080	2401
4081	2403
4082	2404
4083	2403
4084	2405
4085	2404
4086	2404
4087	2405
4088	2402
4089	2406
4090	2408
4091	2407
4092	2407
4093	2408
4094	2409
4095	2408
4096	2410
4097	2409
4098	2409
4099	2410
4100	2411
4101	2411
4102	2412
4103	2409
4104	2409
4105	2412
4106	2407
4107	2412
4108	2413
4109	2407
4110	2414
4111	2416
4112	2415
4113	2415
4114	2416
4115	2417
4116	2416
4117	2418
4118	2417
4119	2418
4120	2416
4121	2419
4122	2416
4123	2420
4124	2419
4125	2419
4126	2420
4127	2421
4128	2420
4129	2422
4130	2421
4131	2423
4132	2401
4133	2424
4134	2401
4135	2404
4136	2424
4137	2005
4138	2003
4139	2425
4140	2426
4141	2428
4142	2427
4143	2427
4144	2428
4145	2429
4146	2429
4147	2430
4148	2427
4149	2427
4150	2430
4151	2431
4152	2431
4153	2432
4154	2427
4155	2427
4156	2432
4157	2433
4158	2434
4159	2435
4160	2436
4161	2435
4162	2437
4163	2436
4164	2436
4165	2437
4166	2438
4167	2437
4168	2439
4169	2438
4170	2438
4171	2439
4172	2440
4173	2441
4174	2443
4175	2442
4176	2442
4177	2443
4178	2444
4179	2443
4180	2445
4181	2444
4182	2444
4183	2445
4184	2446
4185	2445
4186	2447
4187	2446
4188	2446
4189	2447
4190	2448
4191	2449
4192	2451
4193	2450
4194	2450
4195	2451
4196	2452
4197	2451
4198	2453
4199	2452
4200	2452
4201	2453
4202	2454
4203	2454
4204	2455
4205	2452
4206	2452
4207	2455
4208	2456
4209	2455
4210	2457
4211	2456
4212	2456
4213	2457
4214	2458
4215	2458
4216	2459
4217	2456
4218	2459
4219	2458
4220	2460
4221	2452
4222	2456
4223	2450
4224	2450
4225	2456
4226	2461
4227	2456
4228	2459
4229	2461
4230	2386
4231	2462
4232	2384
4233	2463
4234	2465
4235	2464
4236	2464
4237	2465
4238	2466
4239	2465
4240	2467
4241	2466
4242	2467
4243	2465
4244	2468
4245	2465
4246	2469
4247	2468
4248	2469
4249	2465
4250	2470
4251	2465
4252	2471
4253	2470
4254	2471
4255	2465
4256	2463
4257	2472
4258	2474
4259	2473
4260	2473
4261	2474
4262	2475
4263	2474
4264	2476
4265	2475
4266	2476
4267	2474
4268	2477
4269	2478
4270	2480
4271	2479
4272	2479
4273	2480
4274	2481
4275	2482
4276	2484
4277	2483
4278	2483
4279	2484
4280	2485
4281	2484
4282	2486
4283	2485
4284	2487
4285	2488
4286	2489
4287	2488
4288	2490
4289	2489
4290	2489
4291	2490
4292	2491
4293	2492
4294	2494
4295	2493
4296	2495
4297	2496
4298	2497
4299	2496
4300	2498
4301	2497
4302	2498
4303	2496
4304	2499
4305	2496
4306	2500
4307	2499
4308	2501
4309	2502
4310	2503
4311	2502
4312	2504
4313	2503
4314	2505
4315	2506
4316	2507
4317	2506
4318	2508
4319	2507
4320	2507
4321	2508
4322	2509
4323	2510
4324	2512
4325	2511
4326	2511
4327	2512
4328	2513
4329	2514
4330	2516
4331	2515
4332	2515
4333	2516
4334	2517
4335	2518
4336	2520
4337	2519
4338	2521
4339	2522
4340	2523
4341	2524
4342	2526
4343	2525
4344	2525
4345	2526
4346	2527
4347	2472
4348	2473
4349	2528
4350	2529
4351	2530
4352	2531
4353	2530
4354	2532
4355	2531
4356	2533
4357	2534
4358	2535
4359	2534
4360	2536
4361	2535
4362	2535
4363	2536
4364	2537
4365	2538
4366	2540
4367	2539
4368	2541
4369	2542
4370	2543
4371	2544
4372	2546
4373	2545
4374	2547
4375	2548
4376	2549
4377	2548
4378	2550
4379	2549
4380	2549
4381	2550
4382	2551
4383	2551
4384	2552
4385	2549
4386	2553
4387	2554
4388	2555
4389	2554
4390	2556
4391	2555
4392	2557
4393	2558
4394	2559
4395	2560
4396	2562
4397	2561
4398	2563
4399	2564
4400	2565
4401	2564
4402	2566
4403	2565
4404	2567
4405	2568
4406	2569
4407	2570
4408	2571
4409	2572
4410	2571
4411	2573
4412	2572
4413	2572
4414	2573
4415	2574
4416	2575
4417	2576
4418	2577
4419	2576
4420	2578
4421	2577
4422	2577
4423	2578
4424	2579
4425	2579
4426	2580
4427	2577
4428	2577
4429	2580
4430	2581
4431	2582
4432	2583
4433	2584
4434	2583
4435	2585
4436	2584
4437	2584
4438	2585
4439	2586
4440	2586
4441	2587
4442	2584
4443	2584
4444	2587
4445	2588
4446	2589
4447	2591
4448	2590
4449	2592
4450	2593
4451	2594
4452	2593
4453	2595
4454	2594
4455	2594
4456	2595
4457	2596
4458	2597
4459	2599
4460	2598
4461	2598
4462	2599
4463	2600
4464	2601
4465	2602
4466	2603
4467	2602
4468	2604
4469	2603
4470	2603
4471	2604
4472	2605
4473	2604
4474	2606
4475	2605
4476	2606
4477	2604
4478	2607
4479	2608
4480	2610
4481	2609
4482	2609
4483	2610
4484	2611
4485	2611
4486	2612
4487	2609
4488	2609
4489	2612
4490	2613
4491	2614
4492	2616
4493	2615
4494	2615
4495	2616
4496	2617
4497	2616
4498	2618
4499	2617
4500	2618
4501	2616
4502	2619
4503	2620
4504	2622
4505	2621
4506	2621
4507	2622
4508	2623
4509	2622
4510	2624
4511	2623
4512	2625
4513	2626
4514	2627
4515	2626
4516	2628
4517	2627
4518	2627
4519	2628
4520	2629
4521	2630
4522	2632
4523	2631
4524	2633
4525	2635
4526	2634
4527	2634
4528	2635
4529	2636
4530	2636
4531	2637
4532	2634
4533	2634
4534	2637
4535	2638
4536	2637
4537	2639
4538	2638
4539	2640
4540	2641
4541	2642
4542	2641
4543	2643
4544	2642
4545	2642
4546	2643
4547	2644
4548	2643
4549	2645
4550	2644
4551	2646
4552	2647
4553	2648
4554	2649
4555	2651
4556	2650
4557	2652
4558	2654
4559	2653
4560	2653
4561	2654
4562	2655
4563	2654
4564	2656
4565	2655
4566	2657
4567	2658
4568	2659
4569	2660
4570	2661
4571	2611
4572	2611
4573	2661
4574	2612
4575	2508
4576	2506
4577	2662
4578	2662
4579	2506
4580	2663
4581	2641
4582	2664
4583	2643
4584	2664
4585	2665
4586	2643
4587	2643
4588	2665
4589	2666
4590	2578
4591	2667
4592	2577
4593	2668
4594	2669
4595	2670
4596	2671
4597	2672
4598	2636
4599	2636
4600	2672
4601	2637
4602	2672
4603	2673
4604	2637
4605	2621
4606	2623
4607	2674
4608	2675
4609	2677
4610	2676
4611	2676
4612	2677
4613	2678
4614	2678
4615	2679
4616	2676
4617	2676
4618	2679
4619	2680
4620	2681
4621	2683
4622	2682
4623	2682
4624	2683
4625	2684
4626	2685
4627	2687
4628	2686
4629	2686
4630	2687
4631	2688
4632	2689
4633	2691
4634	2690
4635	2690
4636	2691
4637	2692
4638	2692
4639	2689
4640	2690
4641	2693
4642	2694
4643	2695
4644	2694
4645	2696
4646	2695
4647	2695
4648	2696
4649	2697
4650	2697
4651	2698
4652	2695
4653	2695
4654	2698
4655	2693
4656	2699
4657	2701
4658	2700
4659	2700
4660	2701
4661	2702
4662	2701
4663	2699
4664	2702
4665	2703
4666	2704
4667	2705
4668	2706
4669	2708
4670	2707
4671	2707
4672	2708
4673	2709
4674	2710
4675	2712
4676	2711
4677	2711
4678	2712
4679	2713
4680	2713
4681	2714
4682	2711
4683	2711
4684	2714
4685	2715
4686	2716
4687	2718
4688	2717
4689	2717
4690	2718
4691	2719
4692	2718
4693	2720
4694	2719
4695	2719
4696	2720
4697	2721
4698	2722
4699	2724
4700	2723
4701	2725
4702	2727
4703	2726
4704	2726
4705	2727
4706	2728
4707	2727
4708	2729
4709	2728
4710	2730
4711	2732
4712	2731
4713	2731
4714	2732
4715	2733
4716	2732
4717	2734
4718	2733
4719	2733
4720	2734
4721	2735
4722	2735
4723	2736
4724	2733
4725	2737
4726	2738
4727	2739
4728	2740
4729	2742
4730	2741
4731	2741
4732	2742
4733	2743
4734	2742
4735	2744
4736	2743
4737	2743
4738	2744
4739	2745
4740	2746
4741	2748
4742	2747
4743	2747
4744	2748
4745	2749
4746	2750
4747	2751
4748	2752
4749	2751
4750	2753
4751	2752
4752	2752
4753	2753
4754	2754
4755	2753
4756	2755
4757	2754
4758	2756
4759	2757
4760	2758
4761	2757
4762	2759
4763	2758
4764	2760
4765	2761
4766	2762
4767	2761
4768	2763
4769	2762
4770	2762
4771	2763
4772	2764
4773	2763
4774	2765
4775	2764
4776	2766
4777	2767
4778	2768
4779	2767
4780	2769
4781	2768
4782	2770
4783	2772
4784	2771
4785	2771
4786	2772
4787	2773
4788	2772
4789	2774
4790	2773
4791	2775
4792	2776
4793	2777
4794	2776
4795	2778
4796	2777
4797	2779
4798	2780
4799	2781
4800	2782
4801	2784
4802	2783
4803	2783
4804	2784
4805	2785
4806	2784
4807	2786
4808	2785
4809	2787
4810	2788
4811	2789
4812	2788
4813	2790
4814	2789
4815	2791
4816	2792
4817	2793
4818	2794
4819	2796
4820	2795
4821	2797
4822	2798
4823	2799
4824	2800
4825	2802
4826	2801
4827	2801
4828	2802
4829	2803
4830	2804
4831	2806
4832	2805
4833	2807
4834	2808
4835	2809
4836	2810
4837	2812
4838	2811
4839	2813
4840	2814
4841	2815
4842	2814
4843	2816
4844	2815
4845	2817
4846	2818
4847	2819
4848	2820
4849	2822
4850	2821
4851	2823
4852	2824
4853	2825
4854	2826
4855	2828
4856	2827
4857	2829
4858	2830
4859	2831
4860	2830
4861	2832
4862	2831
4863	2833
4864	2834
4865	2835
4866	2834
4867	2836
4868	2835
4869	2835
4870	2836
4871	2837
4872	2838
4873	2840
4874	2839
4875	2841
4876	2842
4877	2843
4878	2842
4879	2844
4880	2843
4881	2843
4882	2844
4883	2845
4884	2844
4885	2846
4886	2845
4887	2846
4888	2844
4889	2842
4890	2847
4891	2849
4892	2848
4893	2848
4894	2849
4895	2850
4896	2851
4897	2853
4898	2852
4899	2854
4900	2856
4901	2855
4902	2855
4903	2856
4904	2857
4905	2856
4906	2858
4907	2857
4908	2859
4909	2860
4910	2861
4911	2862
4912	2864
4913	2863
4914	2863
4915	2864
4916	2865
4917	2865
4918	2866
4919	2863
4920	2863
4921	2866
4922	2867
4923	2868
4924	2870
4925	2869
4926	2869
4927	2870
4928	2871
4929	2872
4930	2874
4931	2873
4932	2873
4933	2874
4934	2875
4935	2876
4936	2877
4937	2878
4938	2877
4939	2879
4940	2878
4941	2878
4942	2879
4943	2880
4944	2881
4945	2883
4946	2882
4947	2884
4948	2885
4949	2886
4950	2885
4951	2887
4952	2886
4953	2886
4954	2887
4955	2888
4956	2888
4957	2889
4958	2886
4959	2890
4960	2891
4961	2892
4962	2891
4963	2893
4964	2892
4965	2892
4966	2893
4967	2894
4968	2895
4969	2897
4970	2896
4971	2896
4972	2897
4973	2898
4974	2898
4975	2899
4976	2896
4977	2896
4978	2899
4979	2900
4980	2900
4981	2901
4982	2896
4983	2901
4984	2900
4985	2902
4986	2900
4987	2899
4988	2902
4989	2902
4990	2899
4991	2903
4992	2904
4993	2906
4994	2905
4995	2905
4996	2906
4997	2907
4998	2908
4999	2910
5000	2909
5001	2911
5002	2912
5003	2913
5004	2914
5005	2916
5006	2915
5007	2917
5008	2918
5009	2919
5010	2920
5011	2922
5012	2921
5013	2921
5014	2922
5015	2923
5016	2924
5017	2926
5018	2925
5019	2925
5020	2926
5021	2927
5022	2928
5023	2930
5024	2929
5025	2929
5026	2930
5027	2931
5028	2931
5029	2932
5030	2929
5031	2929
5032	2932
5033	2933
5034	2932
5035	2934
5036	2933
5037	2935
5038	2936
5039	2937
5040	2936
5041	2938
5042	2937
5043	2939
5044	2940
5045	2941
5046	2942
5047	2944
5048	2943
5049	2945
5050	2946
5051	2947
5052	2946
5053	2948
5054	2947
5055	2949
5056	2951
5057	2950
5058	2950
5059	2951
5060	2952
5061	2951
5062	2953
5063	2952
5064	2954
5065	2955
5066	2956
5067	2955
5068	2957
5069	2956
5070	2956
5071	2957
5072	2958
5073	2958
5074	2959
5075	2956
5076	2960
5077	2961
5078	2962
5079	2963
5080	2965
5081	2964
5082	2964
5083	2965
5084	2966
5085	2967
5086	2969
5087	2968
5088	2970
5089	2972
5090	2971
5091	2971
5092	2972
5093	2973
5094	2972
5095	2974
5096	2973
5097	2975
5098	2976
5099	2977
5100	2976
5101	2978
5102	2977
5103	2979
5104	2980
5105	2981
5106	2982
5107	2984
5108	2983
5109	2985
5110	2986
5111	2987
5112	2988
5113	2989
5114	2953
5115	2990
5116	2991
5117	2992
5118	2950
5119	2952
5120	2993
5121	2993
5122	2952
5123	2994
5124	2952
5125	2988
5126	2994
5127	2994
5128	2988
5129	2995
5130	2995
5131	2996
5132	2994
5133	2996
5134	2995
5135	2997
5136	2998
5137	3000
5138	2999
5139	3001
5140	3002
5141	3003
5142	3002
5143	3004
5144	3003
5145	3003
5146	3004
5147	3005
5148	3006
5149	3008
5150	3007
5151	3009
5152	3010
5153	3011
5154	3010
5155	3012
5156	3011
5157	3013
5158	3014
5159	3015
5160	3016
5161	3017
5162	3018
5163	3017
5164	3019
5165	3018
5166	3018
5167	3019
5168	3020
5169	3021
5170	3023
5171	3022
5172	3024
5173	3025
5174	3026
5175	3025
5176	3027
5177	3026
5178	3028
5179	3029
5180	3030
5181	3029
5182	3031
5183	3030
5184	3032
5185	3033
5186	3034
5187	3035
5188	3037
5189	3036
5190	3038
5191	3039
5192	3040
5193	3039
5194	3041
5195	3040
5196	3040
5197	3041
5198	3042
5199	3041
5200	3043
5201	3042
5202	3042
5203	3043
5204	3040
5205	3043
5206	3044
5207	3040
5208	3044
5209	3043
5210	3045
5211	3041
5212	3046
5213	3043
5214	3046
5215	3047
5216	3043
5217	3043
5218	3047
5219	3048
5220	3047
5221	3049
5222	3048
5223	3050
5224	2994
5225	3051
5226	3051
5227	2994
5228	3052
5229	2994
5230	2996
5231	3052
5232	3052
5233	2996
5234	3053
5235	3054
5236	3056
5237	3055
5238	3055
5239	3056
5240	3057
5241	3056
5242	3058
5243	3057
5244	3059
5245	3061
5246	3060
5247	3060
5248	3061
5249	3062
5250	3061
5251	3063
5252	3062
5253	3064
5254	3066
5255	3065
5256	3065
5257	3066
5258	3067
5259	3066
5260	3068
5261	3067
5262	3067
5263	3068
5264	3069
5265	3069
5266	3070
5267	3067
5268	3071
5269	3072
5270	3073
5271	3072
5272	3074
5273	3073
5274	3075
5275	3076
5276	3077
5277	3076
5278	3078
5279	3077
5280	3077
5281	3078
5282	3079
5283	3078
5284	3076
5285	3079
5286	3079
5287	3076
5288	3080
5289	3080
5290	3081
5291	3079
5292	3082
5293	3084
5294	3083
5295	3083
5296	3084
5297	3085
5298	3084
5299	3086
5300	3085
5301	3085
5302	3086
5303	3087
5304	3088
5305	3090
5306	3089
5307	3089
5308	3090
5309	3091
5310	3090
5311	3092
5312	3091
5313	3093
5314	3094
5315	3095
5316	3096
5317	3098
5318	3097
5319	3097
5320	3098
5321	3099
5322	3098
5323	3100
5324	3099
5325	3099
5326	3100
5327	3101
5328	3102
5329	3104
5330	3103
5331	3103
5332	3104
5333	3105
5334	3104
5335	3106
5336	3105
5337	3105
5338	3106
5339	3107
5340	3107
5341	3108
5342	3105
5343	3108
5344	3107
5345	3109
5346	3109
5347	3110
5348	3108
5349	3108
5350	3110
5351	3111
5352	3110
5353	3112
5354	3111
5355	3111
5356	3112
5357	3103
5358	3103
5359	3105
5360	3111
5361	3111
5362	3105
5363	3108
5364	3113
5365	3115
5366	3114
5367	3114
5368	3115
5369	3116
5370	3117
5371	3119
5372	3118
5373	3118
5374	3119
5375	3120
5376	3121
5377	3122
5378	3123
5379	3122
5380	3124
5381	3123
5382	3123
5383	3124
5384	3125
5385	3126
5386	3128
5387	3127
5388	3127
5389	3128
5390	3129
5391	3130
5392	3132
5393	3131
5394	3133
5395	3134
5396	3135
5397	3136
5398	3138
5399	3137
5400	3139
5401	3140
5402	3141
5403	3142
5404	3144
5405	3143
5406	3145
5407	3146
5408	3147
5409	3148
5410	3150
5411	3149
5412	3151
5413	3152
5414	3153
5415	3152
5416	3154
5417	3153
5418	3153
5419	3154
5420	3155
5421	3156
5422	3158
5423	3157
5424	3159
5425	3160
5426	3161
5427	3162
5428	3163
5429	3164
5430	3163
5431	3165
5432	3164
5433	3164
5434	3165
5435	3166
5436	3167
5437	3169
5438	3168
5439	3168
5440	3169
5441	3170
5442	3171
5443	3173
5444	3172
5445	3172
5446	3173
5447	3174
5448	3175
5449	3177
5450	3176
5451	3176
5452	3177
5453	3178
5454	3179
5455	3181
5456	3180
5457	3180
5458	3181
5459	3182
5460	3181
5461	3183
5462	3182
5463	3184
5464	3185
5465	3186
5466	3187
5467	3189
5468	3188
5469	3190
5470	3191
5471	3192
5472	3191
5473	3193
5474	3192
5475	3192
5476	3193
5477	3194
5478	3195
5479	3196
5480	3197
5481	3196
5482	3198
5483	3197
5484	3197
5485	3198
5486	3199
5487	3200
5488	3202
5489	3201
5490	3201
5491	3202
5492	3203
5493	3203
5494	3204
5495	3201
5496	3201
5497	3204
5498	3205
5499	3206
5500	3208
5501	3207
5502	3209
5503	3210
5504	3211
5505	3210
5506	3212
5507	3211
5508	3211
5509	3212
5510	3213
5511	3214
5512	3216
5513	3215
5514	3217
5515	3218
5516	3219
5517	3218
5518	3220
5519	3219
5520	3221
5521	3222
5522	3223
5523	3222
5524	3224
5525	3223
5526	3223
5527	3224
5528	3225
5529	3224
5530	3226
5531	3225
5532	3227
5533	3228
5534	3229
5535	3230
5536	3232
5537	3231
5538	3233
5539	3234
5540	3235
5541	2718
5542	3236
5543	2720
5544	3237
5545	3239
5546	3238
5547	3238
5548	3239
5549	3240
5550	3239
5551	3241
5552	3240
5553	3240
5554	3241
5555	3242
5556	3242
5557	3243
5558	3240
5559	3240
5560	3243
5561	3244
5562	3084
5563	3245
5564	3086
5565	3086
5566	3245
5567	3246
5568	3246
5569	3247
5570	3086
5571	3086
5572	3247
5573	3248
5574	3249
5575	3250
5576	3251
5577	3250
5578	3252
5579	3251
5580	3251
5581	3252
5582	3253
5583	3252
5584	3254
5585	3253
5586	3253
5587	3254
5588	3255
5589	3255
5590	3256
5591	3253
5592	3256
5593	3255
5594	3257
5595	3255
5596	3258
5597	3257
5598	3258
5599	3255
5600	3259
5601	3255
5602	3254
5603	3259
5604	3259
5605	3254
5606	3260
5607	3254
5608	3252
5609	3260
5610	3260
5611	3252
5612	3250
5613	3261
5614	3263
5615	3262
5616	3262
5617	3263
5618	3264
5619	3263
5620	3265
5621	3264
5622	3264
5623	3265
5624	3266
5625	3266
5626	3267
5627	3264
5628	3264
5629	3267
5630	3268
5631	3268
5632	3269
5633	3264
5634	3264
5635	3269
5636	3270
5637	3270
5638	3262
5639	3264
5640	3271
5641	3272
5642	3076
5643	3272
5644	3080
5645	3076
5646	3273
5647	3274
5648	3275
5649	3274
5650	3276
5651	3275
5652	3275
5653	3276
5654	3277
5655	3277
5656	3278
5657	3275
5658	3275
5659	3278
5660	3276
5661	3279
5662	3281
5663	3280
5664	3280
5665	3281
5666	3282
5667	3282
5668	3283
5669	3280
5670	3280
5671	3283
5672	3284
5673	3258
5674	3259
5675	3285
5676	3285
5677	3259
5678	3260
5679	3286
5680	3288
5681	3287
5682	3287
5683	3288
5684	3097
5685	3097
5686	3099
5687	3287
5688	3287
5689	3099
5690	3289
5691	3290
5692	3292
5693	3291
5694	3291
5695	3292
5696	3293
5697	3293
5698	3294
5699	3291
5700	3291
5701	3294
5702	3295
5703	3294
5704	3296
5705	3295
5706	3296
5707	3294
5708	3297
5709	3298
5710	3277
5711	3299
5712	3277
5713	3276
5714	3299
5715	3299
5716	3276
5717	3300
5718	3276
5719	3301
5720	3300
5721	3300
5722	3301
5723	3302
5724	3302
5725	3299
5726	3300
5727	3303
5728	3304
5729	3305
5730	3304
5731	3306
5732	3305
5733	3306
5734	3304
5735	3307
5736	3307
5737	3308
5738	3306
5739	3306
5740	3308
5741	3309
5742	3308
5743	3310
5744	3309
5745	3100
5746	3098
5747	3311
5748	3098
5749	3312
5750	3311
5751	3313
5752	3314
5753	3315
5754	3314
5755	3316
5756	3315
5757	3315
5758	3316
5759	3317
5760	3317
5761	3313
5762	3315
5763	3318
5764	3319
5765	3320
5766	3319
5767	3321
5768	3320
5769	3320
5770	3321
5771	3322
5772	3322
5773	3323
5774	3320
5775	3320
5776	3323
5777	3324
5778	3324
5779	3325
5780	3320
5781	3320
5782	3325
5783	3318
5784	3326
5785	3328
5786	3327
5787	3327
5788	3328
5789	3329
5790	3330
5791	3327
5792	3329
5793	3331
5794	3332
5795	3328
5796	3328
5797	3332
5798	3329
5799	3326
5800	3331
5801	3328
5802	3333
5803	3335
5804	3334
5805	3332
5806	3331
5807	3336
5808	3329
5809	3332
5810	3337
5811	3338
5812	3339
5813	3340
5814	3338
5815	3341
5816	3339
5817	3342
5818	3343
5819	3344
5820	3331
5821	3326
5822	3336
5823	3345
5824	3346
5825	3340
5826	3329
5827	3337
5828	3347
5829	3348
5830	3347
5831	3349
5832	3329
5833	3347
5834	3348
5835	3338
5836	3350
5837	3351
5838	3341
5839	3338
5840	3351
5841	3352
5842	3350
5843	3338
5844	3346
5845	3338
5846	3340
5847	3353
5848	3352
5849	3338
5850	3346
5851	3353
5852	3338
5853	3354
5854	3355
5855	3356
5856	3356
5857	3355
5858	3357
5859	3352
5860	3358
5861	3350
5862	3358
5863	3359
5864	3350
5865	3360
5866	3349
5867	3361
5868	3362
5869	3348
5870	3349
5871	3360
5872	3362
5873	3349
5874	3363
5875	3329
5876	3348
5877	3362
5878	3363
5879	3348
5880	3330
5881	3329
5882	3363
5883	3352
5884	3364
5885	3358
5886	3353
5887	3364
5888	3352
5889	3364
5890	3359
5891	3358
5892	3364
5893	3365
5894	3359
5895	3366
5896	3363
5897	3362
5898	3366
5899	3330
5900	3363
5901	3367
5902	3332
5903	3368
5904	3369
5905	3343
5906	3370
5907	3342
5908	3369
5909	3371
5910	3343
5911	3369
5912	3344
5913	3369
5914	3342
5915	3344
5916	3347
5917	3367
5918	3372
5919	3373
5920	3347
5921	3372
5922	3347
5923	3372
5924	3374
5925	3337
5926	3375
5927	3367
5928	3332
5929	3367
5930	3337
5931	3367
5932	3347
5933	3337
5934	3376
5935	3359
5936	3377
5937	3350
5938	3378
5939	3376
5940	3359
5941	3376
5942	3350
5943	3379
5944	3354
5945	3380
5946	3343
5947	3381
5948	3370
5949	3354
5950	3379
5951	3355
5952	3360
5953	3383
5954	3382
5955	3384
5956	3383
5957	3361
5958	3361
5959	3383
5960	3385
5961	3383
5962	3360
5963	3361
5964	3349
5965	3386
5966	3373
5967	3347
5968	3373
5969	3349
5970	3387
5971	3389
5972	3388
5973	3377
5974	3365
5975	3390
5976	3365
5977	3377
5978	3359
5979	3391
5980	3392
5981	3362
5982	3366
5983	3392
5984	3393
5985	3392
5986	3366
5987	3362
5988	3394
5989	3396
5990	3395
5991	3397
5992	3396
5993	3394
5994	3398
5995	3400
5996	3399
5997	3401
5998	3402
5999	3403
6000	3404
6001	3382
6002	3360
6003	3330
6004	3393
6005	3405
6006	3406
6007	3408
6008	3407
6009	3409
6010	3406
6011	3407
6012	3364
6013	3411
6014	3410
6015	3353
6016	3412
6017	3411
6018	3411
6019	3364
6020	3353
6021	3364
6022	3413
6023	3410
6024	3365
6025	3410
6026	3390
6027	3410
6028	3365
6029	3364
6030	3393
6031	3330
6032	3366
6033	3396
6034	3397
6035	3414
6036	3415
6037	3417
6038	3416
6039	3417
6040	3418
6041	3416
6042	3415
6043	3416
6044	3419
6045	3420
6046	3421
6047	3422
6048	3423
6049	3421
6050	3420
6051	3421
6052	3423
6053	3424
6054	3417
6055	3426
6056	3425
6057	3417
6058	3427
6059	3426
6060	3417
6061	3425
6062	3428
6063	3429
6064	3417
6065	3428
6066	3422
6067	3431
6068	3430
6069	3432
6070	3433
6071	3434
6072	3435
6073	3437
6074	3436
6075	3433
6076	3432
6077	3438
6078	3427
6079	3417
6080	3415
6081	3417
6082	3429
6083	3418
6084	3431
6085	3422
6086	3421
6087	3418
6088	3429
6089	3439
6090	3438
6091	3432
6092	3440
6093	3441
6094	3443
6095	3442
6096	3444
6097	3445
6098	3446
6099	3444
6100	3446
6101	3447
6102	3448
6103	3449
6104	3450
6105	3451
6106	3448
6107	3450
6108	3452
6109	3453
6110	3449
6111	3448
6112	3452
6113	3449
6114	3453
6115	3454
6116	3455
6117	3452
6118	3454
6119	3453
6120	3456
6121	3457
6122	3455
6123	3454
6124	3456
6125	3455
6126	3458
6127	3457
6128	3456
6129	3454
6130	3458
6131	3456
6132	3459
6133	3460
6134	3461
6135	3462
6136	3460
6137	3459
6138	3463
6139	3464
6140	3465
6141	3466
6142	3464
6143	3463
6144	3467
6145	3466
6146	3463
6147	3468
6148	3464
6149	3466
6150	3469
6151	3468
6152	3466
6153	3469
6154	3466
6155	3467
6156	3470
6157	3464
6158	3468
6159	3471
6160	3470
6161	3468
6162	3471
6163	3468
6164	3469
6165	3472
6166	3464
6167	3470
6168	3473
6169	3470
6170	3471
6171	3473
6172	3472
6173	3470
6174	3464
6175	3474
6176	3475
6177	3464
6178	3472
6179	3476
6180	3464
6181	3476
6182	3474
6183	3477
6184	3479
6185	3478
6186	3480
6187	3479
6188	3481
6189	3482
6190	3480
6191	3481
6192	3477
6193	3481
6194	3479
6195	3477
6196	3482
6197	3481
6198	3479
6199	3480
6200	3483
6201	3480
6202	3482
6203	3483
6204	3483
6205	3484
6206	3479
6207	3485
6208	3484
6209	3483
6210	3486
6211	3462
6212	3459
6213	3472
6214	3473
6215	3476
6216	3487
6217	3488
6218	3489
6219	3490
6220	3446
6221	3491
6222	3450
6223	3492
6224	3493
6225	3449
6226	3494
6227	3492
6228	3492
6229	3450
6230	3449
6231	3494
6232	3449
6233	3453
6234	3495
6235	3496
6236	3497
6237	3455
6238	3499
6239	3498
6240	3455
6241	3500
6242	3498
6243	3501
6244	3503
6245	3502
6246	3504
6247	3460
6248	3503
6249	3460
6250	3502
6251	3503
6252	3499
6253	3455
6254	3457
6255	3499
6256	3458
6257	3505
6258	3458
6259	3499
6260	3457
6261	3467
6262	3507
6263	3506
6264	3507
6265	3467
6266	3463
6267	3508
6268	3510
6269	3509
6270	3508
6271	3511
6272	3512
6273	3510
6274	3508
6275	3512
6276	3513
6277	3514
6278	3515
6279	3516
6280	3518
6281	3517
6282	3519
6283	3447
6284	3490
6285	3447
6286	3519
6287	3444
6288	3485
6289	3520
6290	3521
6291	3522
6292	3501
6293	3502
6294	3522
6295	3502
6296	3486
6297	3446
6298	3490
6299	3447
6300	3523
6301	3471
6302	3524
6303	3482
6304	3526
6305	3525
6306	3483
6307	3525
6308	3520
6309	3525
6310	3483
6311	3482
6312	3483
6313	3520
6314	3527
6315	3520
6316	3485
6317	3483
6318	3460
6319	3462
6320	3502
6321	3462
6322	3486
6323	3502
6324	3471
6325	3523
6326	3473
6327	3528
6328	3530
6329	3529
6330	3528
6331	3531
6332	3530
6333	3532
6334	3534
6335	3533
6336	3529
6337	3535
6338	3536
6339	3528
6340	3535
6341	3537
6342	3535
6343	3528
6344	3529
6345	3531
6346	3539
6347	3538
6348	3531
6349	3537
6350	3538
6351	3534
6352	3541
6353	3540
6354	3537
6355	3531
6356	3528
6357	3541
6358	3534
6359	3532
6360	3542
6361	3544
6362	3543
6363	3545
6364	3546
6365	3547
6366	3548
6367	3546
6368	3544
6369	3549
6370	3546
6371	3548
6372	3550
6373	3547
6374	3546
6375	3549
6376	3550
6377	3546
6378	3551
6379	3553
6380	3552
6381	3553
6382	3554
6383	3552
6384	3555
6385	3557
6386	3556
6387	3555
6388	3558
6389	3557
6390	3559
6391	3555
6392	3556
6393	3556
6394	3560
6395	3554
6396	3561
6397	3560
6398	3556
6399	3556
6400	3557
6401	3561
6402	3542
6403	3548
6404	3544
6405	3562
6406	3563
6407	3564
6408	3565
6409	3566
6410	3556
6411	3565
6412	3556
6413	3553
6414	3567
6415	3565
6416	3553
6417	3553
6418	3551
6419	3563
6420	3553
6421	3563
6422	3562
6423	3566
6424	3559
6425	3556
6426	3556
6427	3554
6428	3553
6429	3568
6430	3549
6431	3569
6432	3570
6433	3568
6434	3569
6435	3549
6436	3568
6437	3550
6438	3568
6439	3570
6440	3550
6441	3567
6442	3553
6443	3562
6444	3542
6445	3572
6446	3571
6447	3543
6448	3573
6449	3572
6450	3572
6451	3542
6452	3543
6453	3546
6454	3574
6455	3575
6456	3573
6457	3546
6458	3575
6459	3546
6460	3576
6461	3574
6462	3555
6463	3578
6464	3577
6465	3579
6466	3555
6467	3577
6468	3580
6469	3557
6470	3581
6471	3580
6472	3558
6473	3579
6474	3558
6475	3580
6476	3557
6477	3582
6478	3583
6479	3548
6480	3584
6481	3582
6482	3548
6483	3582
6484	3542
6485	3571
6486	3549
6487	3582
6488	3585
6489	3542
6490	3582
6491	3548
6492	3582
6493	3549
6494	3548
6495	3586
6496	3571
6497	3542
6498	3544
6499	3573
6500	3587
6501	3573
6502	3543
6503	3544
6504	3546
6505	3573
6506	3544
6507	3566
6508	3588
6509	3589
6510	3565
6511	3590
6512	3588
6513	3588
6514	3566
6515	3565
6516	3559
6517	3589
6518	3578
6519	3566
6520	3589
6521	3591
6522	3589
6523	3559
6524	3566
6525	3578
6526	3555
6527	3559
6528	3592
6529	3594
6530	3593
6531	3594
6532	3592
6533	3595
6534	3596
6535	3549
6536	3585
6537	3570
6538	3596
6539	3597
6540	3549
6541	3596
6542	3569
6543	3596
6544	3570
6545	3569
6546	3590
6547	3565
6548	3567
6549	3576
6550	3546
6551	3545
6552	3555
6553	3579
6554	3558
6555	3598
6556	3599
6557	3600
6558	3598
6559	3602
6560	3601
6561	3601
6562	3603
6563	3598
6564	3603
6565	3604
6566	3598
6567	3605
6568	3598
6569	3600
6570	3602
6571	3598
6572	3605
6573	3606
6574	3607
6575	3608
6576	3609
6577	3604
6578	3603
6579	3610
6580	3607
6581	3606
6582	3610
6583	3611
6584	3607
6585	3612
6586	3613
6587	3614
6588	3598
6589	3615
6590	3613
6591	3613
6592	3612
6593	3599
6594	3613
6595	3599
6596	3598
6597	3616
6598	3607
6599	3617
6600	3607
6601	3616
6602	3608
6603	3618
6604	3619
6605	3620
6606	3621
6607	3623
6608	3622
6609	3624
6610	3622
6611	3623
6612	3617
6613	3611
6614	3625
6615	3611
6616	3617
6617	3607
6618	3626
6619	3628
6620	3627
6621	3629
6622	3626
6623	3627
6624	3629
6625	3627
6626	3630
6627	3626
6628	3631
6629	3628
6630	3629
6631	3632
6632	3626
6633	3632
6634	3631
6635	3626
6636	3633
6637	3635
6638	3634
6639	3636
6640	3637
6641	3638
6642	3637
6643	3639
6644	3638
6645	3637
6646	3640
6647	3639
6648	3636
6649	3638
6650	3641
6651	3641
6652	3638
6653	3642
6654	3643
6655	3645
6656	3644
6657	3646
6658	3647
6659	3639
6660	3640
6661	3646
6662	3639
6663	3639
6664	3648
6665	3638
6666	3649
6667	3651
6668	3650
6669	3650
6670	3652
6671	3653
6672	3654
6673	3650
6674	3653
6675	3651
6676	3655
6677	3650
6678	3655
6679	3652
6680	3650
6681	3656
6682	3657
6683	3658
6684	3659
6685	3629
6686	3630
6687	3659
6688	3630
6689	3660
6690	3660
6691	3661
6692	3659
6693	3662
6694	3663
6695	3664
6696	3662
6697	3665
6698	3663
6699	3665
6700	3666
6701	3663
6702	3632
6703	3629
6704	3667
6705	3627
6706	3668
6707	3669
6708	3670
6709	3627
6710	3669
6711	3627
6712	3671
6713	3668
6714	3672
6715	3674
6716	3673
6717	3675
6718	3676
6719	3677
6720	3671
6721	3627
6722	3628
6723	3678
6724	3636
6725	3679
6726	3640
6727	3678
6728	3680
6729	3636
6730	3678
6731	3637
6732	3678
6733	3640
6734	3637
6735	3679
6736	3681
6737	3636
6738	3679
6739	3641
6740	3682
6741	3641
6742	3679
6743	3636
6744	3682
6745	3642
6746	3683
6747	3643
6748	3684
6749	3685
6750	3686
6751	3688
6752	3687
6753	3647
6754	3689
6755	3690
6756	3646
6757	3691
6758	3689
6759	3689
6760	3647
6761	3646
6762	3658
6763	3693
6764	3692
6765	3647
6766	3690
6767	3694
6768	3657
6769	3695
6770	3693
6771	3693
6772	3658
6773	3657
6774	3657
6775	3696
6776	3695
6777	3662
6778	3697
6779	3698
6780	3697
6781	3662
6782	3664
6783	3662
6784	3699
6785	3698
6786	3700
6787	3630
6788	3670
6789	3627
6790	3670
6791	3630
6792	3642
6793	3682
6794	3641
6795	3696
6796	3657
6797	3656
6798	3630
6799	3700
6800	3660
6801	3684
6802	3643
6803	3644
6804	3701
6805	3703
6806	3702
6807	3701
6808	3704
6809	3703
6810	3704
6811	3705
6812	3703
6813	3704
6814	3706
6815	3705
6816	3707
6817	3709
6818	3708
6819	3707
6820	3710
6821	3709
6822	3710
6823	3707
6824	3711
6825	3711
6826	3707
6827	3712
6828	3713
6829	3714
6830	3707
6831	3707
6832	3714
6833	3712
6834	3715
6835	3706
6836	3704
6837	3716
6838	3717
6839	3718
6840	3719
6841	3721
6842	3720
6843	3701
6844	3722
6845	3723
6846	3702
6847	3724
6848	3722
6849	3722
6850	3701
6851	3702
6852	3724
6853	3705
6854	3725
6855	3724
6856	3702
6857	3703
6858	3705
6859	3724
6860	3703
6861	3707
6862	3726
6863	3727
6864	3726
6865	3707
6866	3708
6867	3713
6868	3727
6869	3728
6870	3707
6871	3729
6872	3727
6873	3727
6874	3713
6875	3707
6876	3730
6877	3713
6878	3728
6879	3713
6880	3731
6881	3728
6882	3732
6883	3714
6884	3730
6885	3733
6886	3714
6887	3730
6888	3713
6889	3730
6890	3714
6891	3712
6892	3734
6893	3732
6894	3714
6895	3732
6896	3712
6897	3326
6898	3328
6899	3327
6900	3328
6901	3329
6902	3327
6903	3327
6904	3329
6905	3330
6906	3329
6907	3363
6908	3330
6909	3330
6910	3363
6911	3366
6912	3363
6913	3362
6914	3366
6915	3362
6916	3363
6917	3348
6918	3363
6919	3329
6920	3348
6921	3348
6922	3329
6923	3347
6924	3329
6925	3337
6926	3347
6927	3337
6928	3329
6929	3332
6930	3329
6931	3328
6932	3332
6933	3332
6934	3328
6935	3331
6936	3328
6937	3326
6938	3331
6939	3331
6940	3326
6941	3336
6942	3336
6943	3332
6944	3331
6945	3333
6946	3335
6947	3334
6948	3342
6949	3343
6950	3344
6951	3345
6952	3346
6953	3340
6954	3340
6955	3346
6956	3338
6957	3346
6958	3353
6959	3338
6960	3338
6961	3353
6962	3352
6963	3353
6964	3364
6965	3352
6966	3352
6967	3364
6968	3358
6969	3364
6970	3359
6971	3358
6972	3359
6973	3364
6974	3365
6975	3340
6976	3338
6977	3339
6978	3339
6979	3338
6980	3341
6981	3338
6982	3351
6983	3341
6984	3351
6985	3338
6986	3350
6987	3338
6988	3352
6989	3350
6990	3350
6991	3352
6992	3358
6993	3358
6994	3359
6995	3350
6996	3347
6997	3349
6998	3348
6999	3349
7000	3362
7001	3348
7002	3362
7003	3349
7004	3360
7005	3349
7006	3361
7007	3360
7008	3354
7009	3355
7010	3356
7011	3355
7012	3357
7013	3356
7014	3418
7015	3416
7016	3417
7017	3417
7018	3416
7019	3415
7020	3416
7021	3419
7022	3415
7023	3422
7024	3420
7025	3421
7026	3420
7027	3423
7028	3421
7029	3421
7030	3423
7031	3424
7032	3441
7033	3443
7034	3442
7035	3445
7036	3446
7037	3444
7038	3446
7039	3447
7040	3444
7041	3451
7042	3448
7043	3450
7044	3450
7045	3448
7046	3449
7047	3448
7048	3452
7049	3449
7050	3449
7051	3452
7052	3453
7053	3452
7054	3454
7055	3453
7056	3453
7057	3454
7058	3455
7059	3454
7060	3456
7061	3455
7062	3455
7063	3456
7064	3457
7065	3456
7066	3458
7067	3457
7068	3458
7069	3456
7070	3454
7071	3461
7072	3459
7073	3460
7074	3460
7075	3459
7076	3462
7077	3459
7078	3486
7079	3462
7080	3465
7081	3463
7082	3464
7083	3463
7084	3466
7085	3464
7086	3466
7087	3463
7088	3467
7089	3467
7090	3469
7091	3466
7092	3466
7093	3469
7094	3468
7095	3469
7096	3471
7097	3468
7098	3468
7099	3471
7100	3470
7101	3471
7102	3473
7103	3470
7104	3470
7105	3473
7106	3472
7107	3473
7108	3476
7109	3472
7110	3472
7111	3476
7112	3464
7113	3476
7114	3474
7115	3464
7116	3464
7117	3474
7118	3475
7119	3466
7120	3468
7121	3464
7122	3468
7123	3470
7124	3464
7125	3464
7126	3470
7127	3472
7128	3478
7129	3477
7130	3479
7131	3479
7132	3477
7133	3481
7134	3477
7135	3482
7136	3481
7137	3481
7138	3482
7139	3480
7140	3482
7141	3483
7142	3480
7143	3480
7144	3483
7145	3479
7146	3479
7147	3481
7148	3480
7149	3479
7150	3483
7151	3484
7152	3483
7153	3485
7154	3484
7155	3487
7156	3488
7157	3489
7158	3529
7159	3528
7160	3530
7161	3530
7162	3528
7163	3531
7164	3532
7165	3534
7166	3533
7167	3543
7168	3542
7169	3544
7170	3542
7171	3548
7172	3544
7173	3544
7174	3548
7175	3546
7176	3548
7177	3549
7178	3546
7179	3546
7180	3549
7181	3550
7182	3550
7183	3547
7184	3546
7185	3546
7186	3547
7187	3545
7188	3558
7189	3557
7190	3555
7191	3555
7192	3557
7193	3556
7194	3557
7195	3561
7196	3556
7197	3556
7198	3561
7199	3560
7200	3560
7201	3554
7202	3556
7203	3556
7204	3554
7205	3553
7206	3554
7207	3552
7208	3553
7209	3553
7210	3552
7211	3551
7212	3551
7213	3563
7214	3553
7215	3553
7216	3563
7217	3562
7218	3563
7219	3564
7220	3562
7221	3555
7222	3556
7223	3559
7224	3556
7225	3566
7226	3559
7227	3566
7228	3556
7229	3565
7230	3556
7231	3553
7232	3565
7233	3565
7234	3553
7235	3567
7236	3553
7237	3562
7238	3567
7239	3599
7240	3600
7241	3598
7242	3598
7243	3600
7244	3605
7245	3605
7246	3602
7247	3598
7248	3598
7249	3602
7250	3601
7251	3601
7252	3603
7253	3598
7254	3598
7255	3603
7256	3604
7257	3603
7258	3609
7259	3604
7260	3608
7261	3606
7262	3607
7263	3606
7264	3610
7265	3607
7266	3607
7267	3610
7268	3611
7269	3569
7270	3568
7271	3549
7272	3549
7273	3568
7274	3550
7275	3568
7276	3570
7277	3550
7278	3570
7279	3568
7280	3569
7281	3628
7282	3627
7283	3626
7284	3626
7285	3627
7286	3629
7287	3627
7288	3630
7289	3629
7290	3629
7291	3630
7292	3659
7293	3630
7294	3660
7295	3659
7296	3659
7297	3660
7298	3661
7299	3628
7300	3626
7301	3631
7302	3631
7303	3626
7304	3632
7305	3626
7306	3629
7307	3632
7308	3632
7309	3629
7310	3667
7311	3633
7312	3635
7313	3634
7314	3642
7315	3641
7316	3638
7317	3641
7318	3636
7319	3638
7320	3638
7321	3636
7322	3637
7323	3637
7324	3639
7325	3638
7326	3638
7327	3639
7328	3648
7329	3637
7330	3640
7331	3639
7332	3640
7333	3646
7334	3639
7335	3639
7336	3646
7337	3647
7338	3643
7339	3645
7340	3644
7341	3649
7342	3651
7343	3650
7344	3651
7345	3655
7346	3650
7347	3650
7348	3655
7349	3652
7350	3652
7351	3653
7352	3650
7353	3650
7354	3653
7355	3654
7356	3656
7357	3657
7358	3658
7359	3664
7360	3662
7361	3663
7362	3662
7363	3665
7364	3663
7365	3663
7366	3665
7367	3666
7368	3702
7369	3701
7370	3703
7371	3701
7372	3704
7373	3703
7374	3703
7375	3704
7376	3705
7377	3704
7378	3706
7379	3705
7380	3706
7381	3704
7382	3715
7383	3708
7384	3707
7385	3709
7386	3709
7387	3707
7388	3710
7389	3707
7390	3711
7391	3710
7392	3711
7393	3707
7394	3712
7395	3707
7396	3714
7397	3712
7398	3714
7399	3707
7400	3713
7401	3368
7402	3367
7403	3332
7404	3367
7405	3337
7406	3332
7407	3337
7408	3367
7409	3347
7410	3367
7411	3372
7412	3347
7413	3347
7414	3372
7415	3374
7416	3371
7417	3342
7418	3369
7419	3369
7420	3342
7421	3344
7422	3344
7423	3343
7424	3369
7425	3369
7426	3343
7427	3370
7428	3343
7429	3381
7430	3370
7431	3372
7432	3373
7433	3347
7434	3373
7435	3349
7436	3347
7437	3337
7438	3375
7439	3367
7440	3350
7441	3378
7442	3376
7443	3350
7444	3359
7445	3376
7446	3376
7447	3359
7448	3377
7449	3359
7450	3365
7451	3377
7452	3377
7453	3365
7454	3390
7455	3365
7456	3410
7457	3390
7458	3410
7459	3365
7460	3364
7461	3364
7462	3413
7463	3410
7464	3380
7465	3379
7466	3354
7467	3379
7468	3355
7469	3354
7470	3382
7471	3360
7472	3383
7473	3360
7474	3361
7475	3383
7476	3383
7477	3361
7478	3384
7479	3361
7480	3383
7481	3385
7482	3349
7483	3386
7484	3373
7485	3387
7486	3389
7487	3388
7488	3391
7489	3392
7490	3362
7491	3362
7492	3392
7493	3366
7494	3392
7495	3393
7496	3366
7497	3366
7498	3393
7499	3330
7500	3393
7501	3405
7502	3330
7503	3395
7504	3394
7505	3396
7506	3394
7507	3397
7508	3396
7509	3396
7510	3397
7511	3414
7512	3398
7513	3400
7514	3399
7515	3401
7516	3402
7517	3403
7518	3404
7519	3382
7520	3360
7521	3408
7522	3407
7523	3406
7524	3407
7525	3409
7526	3406
7527	3410
7528	3364
7529	3411
7530	3364
7531	3353
7532	3411
7533	3411
7534	3353
7535	3412
7536	3430
7537	3422
7538	3431
7539	3431
7540	3422
7541	3421
7542	3434
7543	3432
7544	3433
7545	3433
7546	3432
7547	3438
7548	3432
7549	3440
7550	3438
7551	3435
7552	3437
7553	3436
7554	3415
7555	3427
7556	3417
7557	3417
7558	3427
7559	3426
7560	3426
7561	3425
7562	3417
7563	3417
7564	3425
7565	3428
7566	3428
7567	3429
7568	3417
7569	3417
7570	3429
7571	3418
7572	3429
7573	3439
7574	3418
7575	3491
7576	3490
7577	3446
7578	3446
7579	3490
7580	3447
7581	3490
7582	3519
7583	3447
7584	3447
7585	3519
7586	3444
7587	3493
7588	3450
7589	3492
7590	3450
7591	3449
7592	3492
7593	3492
7594	3449
7595	3494
7596	3449
7597	3453
7598	3494
7599	3495
7600	3496
7601	3497
7602	3498
7603	3455
7604	3499
7605	3499
7606	3455
7607	3457
7608	3457
7609	3458
7610	3499
7611	3499
7612	3458
7613	3505
7614	3455
7615	3500
7616	3498
7617	3504
7618	3460
7619	3503
7620	3460
7621	3502
7622	3503
7623	3503
7624	3502
7625	3501
7626	3502
7627	3522
7628	3501
7629	3522
7630	3502
7631	3486
7632	3502
7633	3462
7634	3486
7635	3462
7636	3502
7637	3460
7638	3506
7639	3467
7640	3507
7641	3507
7642	3467
7643	3463
7644	3509
7645	3508
7646	3510
7647	3510
7648	3508
7649	3512
7650	3508
7651	3511
7652	3512
7653	3513
7654	3514
7655	3515
7656	3516
7657	3518
7658	3517
7659	3521
7660	3485
7661	3520
7662	3485
7663	3483
7664	3520
7665	3520
7666	3483
7667	3525
7668	3483
7669	3482
7670	3525
7671	3525
7672	3482
7673	3526
7674	3524
7675	3523
7676	3471
7677	3471
7678	3523
7679	3473
7680	3483
7681	3520
7682	3527
7683	3529
7684	3535
7685	3536
7686	3529
7687	3535
7688	3528
7689	3535
7690	3537
7691	3528
7692	3528
7693	3537
7694	3531
7695	3537
7696	3538
7697	3531
7698	3531
7699	3539
7700	3538
7701	3540
7702	3534
7703	3541
7704	3541
7705	3534
7706	3532
7707	3572
7708	3571
7709	3542
7710	3542
7711	3543
7712	3572
7713	3572
7714	3543
7715	3573
7716	3543
7717	3544
7718	3573
7719	3573
7720	3544
7721	3546
7722	3546
7723	3575
7724	3573
7725	3575
7726	3546
7727	3574
7728	3546
7729	3576
7730	3574
7731	3576
7732	3546
7733	3545
7734	3580
7735	3557
7736	3581
7737	3557
7738	3558
7739	3580
7740	3558
7741	3579
7742	3580
7743	3579
7744	3558
7745	3555
7746	3555
7747	3577
7748	3579
7749	3577
7750	3555
7751	3578
7752	3555
7753	3559
7754	3578
7755	3578
7756	3559
7757	3589
7758	3559
7759	3566
7760	3589
7761	3589
7762	3566
7763	3588
7764	3566
7765	3565
7766	3588
7767	3588
7768	3565
7769	3590
7770	3565
7771	3567
7772	3590
7773	3583
7774	3548
7775	3582
7776	3548
7777	3542
7778	3582
7779	3582
7780	3542
7781	3571
7782	3542
7783	3586
7784	3571
7785	3584
7786	3582
7787	3548
7788	3548
7789	3582
7790	3549
7791	3582
7792	3585
7793	3549
7794	3549
7795	3585
7796	3596
7797	3596
7798	3569
7799	3549
7800	3569
7801	3596
7802	3570
7803	3596
7804	3597
7805	3570
7806	3544
7807	3573
7808	3587
7809	3566
7810	3589
7811	3591
7812	3593
7813	3592
7814	3594
7815	3592
7816	3595
7817	3594
7818	3614
7819	3612
7820	3613
7821	3612
7822	3599
7823	3613
7824	3613
7825	3599
7826	3598
7827	3598
7828	3615
7829	3613
7830	3608
7831	3607
7832	3616
7833	3616
7834	3607
7835	3617
7836	3607
7837	3611
7838	3617
7839	3617
7840	3611
7841	3625
7842	3618
7843	3619
7844	3620
7845	3621
7846	3623
7847	3622
7848	3623
7849	3624
7850	3622
7851	3668
7852	3669
7853	3627
7854	3669
7855	3670
7856	3627
7857	3627
7858	3670
7859	3630
7860	3670
7861	3700
7862	3630
7863	3630
7864	3700
7865	3660
7866	3668
7867	3627
7868	3671
7869	3671
7870	3627
7871	3628
7872	3672
7873	3674
7874	3673
7875	3675
7876	3676
7877	3677
7878	3680
7879	3640
7880	3678
7881	3678
7882	3640
7883	3637
7884	3637
7885	3636
7886	3678
7887	3678
7888	3636
7889	3679
7890	3636
7891	3641
7892	3679
7893	3679
7894	3641
7895	3682
7896	3641
7897	3642
7898	3682
7899	3682
7900	3642
7901	3683
7902	3679
7903	3681
7904	3636
7905	3685
7906	3643
7907	3684
7908	3643
7909	3644
7910	3684
7911	3686
7912	3688
7913	3687
7914	3691
7915	3689
7916	3646
7917	3646
7918	3689
7919	3647
7920	3689
7921	3690
7922	3647
7923	3647
7924	3690
7925	3694
7926	3692
7927	3658
7928	3693
7929	3658
7930	3657
7931	3693
7932	3693
7933	3657
7934	3695
7935	3657
7936	3696
7937	3695
7938	3696
7939	3657
7940	3656
7941	3698
7942	3662
7943	3697
7944	3697
7945	3662
7946	3664
7947	3662
7948	3699
7949	3698
7950	3716
7951	3717
7952	3718
7953	3719
7954	3721
7955	3720
7956	3723
7957	3701
7958	3722
7959	3701
7960	3702
7961	3722
7962	3722
7963	3702
7964	3724
7965	3702
7966	3703
7967	3724
7968	3724
7969	3703
7970	3705
7971	3705
7972	3725
7973	3724
7974	3708
7975	3726
7976	3707
7977	3726
7978	3727
7979	3707
7980	3707
7981	3727
7982	3713
7983	3727
7984	3728
7985	3713
7986	3713
7987	3728
7988	3730
7989	3730
7990	3714
7991	3713
7992	3714
7993	3730
7994	3733
7995	3707
7996	3729
7997	3727
7998	3713
7999	3731
8000	3728
8001	3730
8002	3732
8003	3714
8004	3714
8005	3732
8006	3712
8007	3712
8008	3734
8009	3732
