0	0
1	1
2	2
3	1
4	3
5	2
6	2
7	3
8	4
9	5
10	6
11	7
12	6
13	8
14	7
15	7
16	8
17	9
18	10
19	12
20	11
21	11
22	12
23	13
24	14
25	16
26	15
27	15
28	16
29	17
30	18
31	20
32	19
33	19
34	20
35	21
36	22
37	24
38	23
39	23
40	24
41	25
42	24
43	26
44	25
45	25
46	26
47	27
48	27
49	28
50	25
51	25
52	28
53	29
54	28
55	30
56	29
57	31
58	33
59	32
60	32
61	33
62	34
63	34
64	35
65	32
66	32
67	35
68	36
69	35
70	37
71	36
72	36
73	37
74	38
75	37
76	39
77	38
78	38
79	39
80	40
81	40
82	41
83	38
84	42
85	43
86	44
87	45
88	47
89	46
90	46
91	47
92	48
93	47
94	49
95	48
96	48
97	49
98	50
99	49
100	51
101	50
102	51
103	49
104	52
105	49
106	53
107	52
108	54
109	55
110	56
111	55
112	57
113	56
114	56
115	57
116	58
117	59
118	61
119	60
120	60
121	61
122	62
123	62
124	63
125	60
126	60
127	63
128	64
129	63
130	65
131	64
132	64
133	65
134	66
135	65
136	67
137	66
138	67
139	65
140	63
141	63
142	68
143	67
144	68
145	63
146	62
147	62
148	69
149	68
150	70
151	71
152	72
153	71
154	73
155	72
156	72
157	73
158	74
159	73
160	75
161	74
162	74
163	75
164	76
165	76
166	77
167	74
168	78
169	79
170	80
171	79
172	81
173	80
174	80
175	81
176	82
177	81
178	83
179	82
180	82
181	83
182	84
183	83
184	85
185	84
186	84
187	85
188	86
189	86
190	87
191	84
192	84
193	87
194	88
195	88
196	82
197	84
198	89
199	91
200	90
201	90
202	91
203	71
204	91
205	92
206	71
207	71
208	92
209	93
210	92
211	94
212	93
213	93
214	94
215	95
216	95
217	73
218	93
219	93
220	73
221	71
222	96
223	97
224	35
225	35
226	97
227	98
228	97
229	99
230	98
231	98
232	99
233	37
234	37
235	35
236	98
237	50
238	100
239	48
240	48
241	100
242	101
243	101
244	102
245	48
246	48
247	102
248	103
249	103
250	104
251	48
252	48
253	104
254	46
255	104
256	105
257	46
258	105
259	104
260	106
261	104
262	107
263	106
264	106
265	107
266	108
267	29
268	109
269	25
270	25
271	109
272	110
273	109
274	111
275	110
276	110
277	111
278	23
279	23
280	25
281	110
282	103
283	112
284	104
285	112
286	107
287	104
288	99
289	113
290	37
291	113
292	114
293	37
294	37
295	114
296	39
297	115
298	117
299	116
300	116
301	117
302	118
303	118
304	119
305	116
306	116
307	119
308	120
309	119
310	121
311	120
312	121
313	119
314	122
315	119
316	123
317	122
318	123
319	119
320	124
321	119
322	118
323	124
324	124
325	118
326	125
327	75
328	73
329	126
330	126
331	73
332	127
333	73
334	95
335	127
336	128
337	129
338	130
339	129
340	131
341	130
342	130
343	131
344	132
345	132
346	133
347	130
348	130
349	133
350	134
351	133
352	135
353	134
354	136
355	64
356	137
357	137
358	64
359	138
360	64
361	66
362	138
363	64
364	139
365	136
366	140
367	142
368	141
369	141
370	142
371	143
372	144
373	146
374	145
375	145
376	146
377	147
378	148
379	150
380	149
381	149
382	150
383	151
384	151
385	152
386	149
387	149
388	152
389	153
390	154
391	156
392	155
393	155
394	156
395	157
396	158
397	160
398	159
399	159
400	160
401	161
402	162
403	163
404	164
405	163
406	165
407	164
408	164
409	165
410	166
411	165
412	167
413	166
414	166
415	167
416	168
417	168
418	169
419	166
420	166
421	169
422	170
423	169
424	171
425	170
426	170
427	171
428	172
429	173
430	175
431	174
432	176
433	177
434	178
435	179
436	181
437	180
438	180
439	181
440	182
441	181
442	183
443	182
444	182
445	184
446	180
447	185
448	165
449	186
450	186
451	165
452	187
453	165
454	163
455	187
456	187
457	163
458	188
459	163
460	189
461	188
462	168
463	190
464	169
465	190
466	171
467	169
468	171
469	190
470	191
471	190
472	192
473	191
474	193
475	194
476	195
477	194
478	196
479	195
480	195
481	196
482	197
483	196
484	198
485	197
486	197
487	198
488	199
489	198
490	200
491	199
492	199
493	200
494	201
495	201
496	202
497	199
498	203
499	205
500	204
501	204
502	205
503	206
504	205
505	207
506	206
507	206
508	207
509	208
510	207
511	209
512	208
513	209
514	207
515	210
516	207
517	211
518	210
519	211
520	207
521	212
522	207
523	213
524	212
525	213
526	207
527	214
528	207
529	205
530	214
531	215
532	217
533	216
534	216
535	217
536	218
537	217
538	219
539	218
540	218
541	219
542	220
543	220
544	221
545	218
546	222
547	223
548	224
549	223
550	225
551	224
552	224
553	225
554	226
555	225
556	227
557	226
558	226
559	227
560	228
561	229
562	230
563	231
564	230
565	232
566	231
567	231
568	232
569	233
570	232
571	234
572	233
573	234
574	232
575	235
576	232
577	236
578	235
579	236
580	232
581	230
582	230
583	237
584	236
585	236
586	237
587	238
588	238
589	239
590	236
591	239
592	238
593	240
594	236
595	239
596	235
597	235
598	239
599	241
600	241
601	242
602	235
603	235
604	242
605	243
606	243
607	234
608	235
609	234
610	243
611	244
612	243
613	242
614	244
615	244
616	242
617	245
618	187
619	246
620	186
621	246
622	247
623	186
624	186
625	247
626	248
627	249
628	251
629	250
630	250
631	251
632	252
633	251
634	253
635	252
636	254
637	255
638	256
639	255
640	257
641	256
642	256
643	257
644	258
645	257
646	259
647	258
648	259
649	257
650	260
651	257
652	261
653	260
654	261
655	257
656	262
657	257
658	255
659	262
660	262
661	255
662	263
663	264
664	265
665	217
666	217
667	265
668	219
669	250
670	266
671	194
672	194
673	266
674	196
675	266
676	252
677	196
678	252
679	266
680	250
681	267
682	269
683	268
684	268
685	269
686	270
687	269
688	271
689	270
690	270
691	271
692	272
693	272
694	273
695	270
696	270
697	273
698	274
699	273
700	275
701	274
702	276
703	277
704	278
705	277
706	279
707	278
708	278
709	279
710	280
711	281
712	283
713	282
714	282
715	283
716	284
717	283
718	285
719	284
720	284
721	285
722	286
723	287
724	289
725	288
726	288
727	289
728	290
729	291
730	293
731	292
732	292
733	293
734	294
735	295
736	297
737	296
738	296
739	297
740	298
741	299
742	300
743	301
744	300
745	302
746	301
747	302
748	300
749	303
750	303
751	304
752	302
753	302
754	304
755	305
756	305
757	306
758	302
759	302
760	306
761	307
762	307
763	308
764	302
765	302
766	308
767	301
768	308
769	309
770	301
771	301
772	309
773	310
774	311
775	312
776	313
777	312
778	314
779	313
780	313
781	314
782	315
783	316
784	318
785	317
786	319
787	320
788	321
789	320
790	322
791	321
792	322
793	320
794	323
795	323
796	324
797	322
798	322
799	324
800	325
801	325
802	326
803	322
804	322
805	326
806	327
807	326
808	328
809	327
810	327
811	328
812	329
813	329
814	330
815	327
816	327
817	330
818	331
819	330
820	332
821	331
822	331
823	332
824	333
825	333
826	334
827	331
828	331
829	321
830	327
831	321
832	322
833	327
834	335
835	336
836	337
837	338
838	339
839	340
840	339
841	341
842	340
843	340
844	341
845	342
846	343
847	344
848	345
849	344
850	346
851	345
852	345
853	346
854	347
855	346
856	348
857	347
858	347
859	348
860	349
861	349
862	350
863	347
864	347
865	350
866	345
867	350
868	351
869	345
870	345
871	351
872	352
873	353
874	355
875	354
876	354
877	355
878	356
879	357
880	359
881	358
882	358
883	359
884	360
885	359
886	361
887	360
888	360
889	361
890	362
891	363
892	365
893	364
894	364
895	365
896	366
897	365
898	367
899	366
900	366
901	367
902	368
903	368
904	369
905	366
906	366
907	369
908	370
909	370
910	364
911	366
912	364
913	370
914	371
915	370
916	372
917	371
918	373
919	374
920	375
921	374
922	376
923	375
924	375
925	376
926	377
927	376
928	378
929	377
930	379
931	381
932	380
933	380
934	381
935	382
936	381
937	383
938	382
939	382
940	383
941	384
942	384
943	385
944	382
945	386
946	387
947	388
948	375
949	377
950	389
951	390
952	391
953	392
954	391
955	393
956	392
957	394
958	396
959	395
960	395
961	396
962	397
963	396
964	398
965	397
966	399
967	401
968	400
969	400
970	401
971	402
972	401
973	403
974	402
975	402
976	403
977	404
978	403
979	405
980	404
981	405
982	403
983	406
984	403
985	407
986	406
987	406
988	407
989	408
990	409
991	410
992	411
993	410
994	412
995	411
996	411
997	412
998	413
999	414
1000	416
1001	415
1002	417
1003	418
1004	419
1005	418
1006	420
1007	419
1008	419
1009	420
1010	421
1011	420
1012	422
1013	421
1014	423
1015	424
1016	425
1017	424
1018	426
1019	425
1020	425
1021	426
1022	427
1023	426
1024	428
1025	427
1026	427
1027	428
1028	429
1029	430
1030	432
1031	431
1032	403
1033	401
1034	407
1035	433
1036	435
1037	434
1038	436
1039	268
1040	437
1041	437
1042	268
1043	438
1044	268
1045	270
1046	438
1047	438
1048	270
1049	439
1050	270
1051	274
1052	439
1053	368
1054	440
1055	369
1056	440
1057	441
1058	369
1059	369
1060	441
1061	442
1062	443
1063	444
1064	344
1065	344
1066	444
1067	346
1068	444
1069	445
1070	346
1071	346
1072	445
1073	348
1074	446
1075	448
1076	447
1077	447
1078	448
1079	449
1080	448
1081	450
1082	449
1083	449
1084	450
1085	451
1086	451
1087	452
1088	449
1089	449
1090	452
1091	453
1092	453
1093	454
1094	449
1095	449
1096	454
1097	455
1098	454
1099	453
1100	455
1101	455
1102	453
1103	456
1104	456
1105	457
1106	455
1107	455
1108	457
1109	458
1110	458
1111	449
1112	455
1113	449
1114	458
1115	459
1116	459
1117	447
1118	449
1119	460
1120	461
1121	462
1122	461
1123	463
1124	462
1125	462
1126	463
1127	464
1128	463
1129	465
1130	464
1131	464
1132	465
1133	466
1134	465
1135	467
1136	466
1137	467
1138	465
1139	468
1140	465
1141	469
1142	468
1143	469
1144	465
1145	470
1146	465
1147	471
1148	470
1149	471
1150	465
1151	472
1152	465
1153	463
1154	472
1155	473
1156	474
1157	475
1158	474
1159	476
1160	475
1161	475
1162	476
1163	477
1164	477
1165	478
1166	475
1167	475
1168	478
1169	479
1170	480
1171	482
1172	481
1173	481
1174	482
1175	483
1176	482
1177	484
1178	483
1179	484
1180	482
1181	485
1182	482
1183	486
1184	485
1185	485
1186	486
1187	487
1188	487
1189	488
1190	485
1191	485
1192	488
1193	489
1194	488
1195	490
1196	489
1197	489
1198	490
1199	491
1200	491
1201	492
1202	489
1203	489
1204	492
1205	484
1206	484
1207	485
1208	489
1209	493
1210	495
1211	494
1212	494
1213	495
1214	496
1215	495
1216	497
1217	496
1218	496
1219	497
1220	498
1221	499
1222	500
1223	501
1224	500
1225	502
1226	501
1227	501
1228	502
1229	503
1230	504
1231	506
1232	505
1233	505
1234	506
1235	507
1236	506
1237	508
1238	507
1239	509
1240	510
1241	511
1242	510
1243	512
1244	511
1245	511
1246	512
1247	513
1248	514
1249	515
1250	516
1251	515
1252	517
1253	516
1254	516
1255	517
1256	518
1257	519
1258	520
1259	521
1260	520
1261	522
1262	521
1263	521
1264	522
1265	523
1266	523
1267	524
1268	521
1269	521
1270	524
1271	525
1272	524
1273	526
1274	525
1275	525
1276	526
1277	527
1278	527
1279	528
1280	525
1281	529
1282	530
1283	531
1284	530
1285	532
1286	531
1287	531
1288	532
1289	533
1290	534
1291	536
1292	535
1293	535
1294	536
1295	537
1296	536
1297	538
1298	537
1299	537
1300	538
1301	539
1302	540
1303	542
1304	541
1305	541
1306	542
1307	543
1308	542
1309	544
1310	543
1311	543
1312	544
1313	545
1314	545
1315	546
1316	543
1317	546
1318	545
1319	547
1320	548
1321	550
1322	549
1323	551
1324	552
1325	553
1326	552
1327	554
1328	553
1329	553
1330	554
1331	555
1332	554
1333	556
1334	555
1335	556
1336	554
1337	557
1338	554
1339	558
1340	557
1341	559
1342	561
1343	560
1344	560
1345	561
1346	562
1347	561
1348	563
1349	562
1350	562
1351	563
1352	564
1353	563
1354	565
1355	564
1356	564
1357	565
1358	566
1359	566
1360	567
1361	564
1362	564
1363	568
1364	562
1365	568
1366	569
1367	562
1368	562
1369	569
1370	560
1371	570
1372	571
1373	572
1374	571
1375	573
1376	572
1377	572
1378	573
1379	574
1380	573
1381	575
1382	574
1383	574
1384	575
1385	576
1386	576
1387	577
1388	574
1389	577
1390	576
1391	578
1392	578
1393	579
1394	577
1395	579
1396	578
1397	580
1398	580
1399	532
1400	579
1401	579
1402	532
1403	530
1404	530
1405	577
1406	579
1407	577
1408	530
1409	574
1410	530
1411	581
1412	574
1413	574
1414	581
1415	582
1416	582
1417	572
1418	574
1419	541
1420	543
1421	583
1422	543
1423	546
1424	583
1425	556
1426	557
1427	584
1428	585
1429	587
1430	586
1431	586
1432	587
1433	588
1434	587
1435	589
1436	588
1437	588
1438	589
1439	590
1440	591
1441	593
1442	592
1443	594
1444	595
1445	596
1446	595
1447	597
1448	596
1449	596
1450	597
1451	598
1452	598
1453	599
1454	596
1455	597
1456	595
1457	600
1458	595
1459	601
1460	600
1461	600
1462	601
1463	602
1464	603
1465	604
1466	605
1467	604
1468	606
1469	605
1470	605
1471	606
1472	607
1473	606
1474	608
1475	607
1476	609
1477	610
1478	611
1479	610
1480	612
1481	611
1482	611
1483	612
1484	613
1485	613
1486	614
1487	611
1488	615
1489	617
1490	616
1491	616
1492	617
1493	618
1494	617
1495	619
1496	618
1497	620
1498	621
1499	622
1500	623
1501	625
1502	624
1503	624
1504	625
1505	626
1506	625
1507	627
1508	626
1509	627
1510	625
1511	628
1512	629
1513	631
1514	630
1515	630
1516	631
1517	632
1518	632
1519	633
1520	630
1521	630
1522	633
1523	634
1524	633
1525	635
1526	634
1527	634
1528	635
1529	636
1530	612
1531	637
1532	613
1533	613
1534	637
1535	638
1536	637
1537	639
1538	638
1539	640
1540	641
1541	642
1542	643
1543	624
1544	644
1545	624
1546	626
1547	644
1548	644
1549	626
1550	645
1551	626
1552	646
1553	645
1554	645
1555	646
1556	647
1557	648
1558	650
1559	649
1560	651
1561	652
1562	653
1563	654
1564	656
1565	655
1566	655
1567	656
1568	657
1569	658
1570	660
1571	659
1572	659
1573	660
1574	661
1575	660
1576	662
1577	661
1578	663
1579	664
1580	665
1581	666
1582	668
1583	667
1584	667
1585	668
1586	669
1587	668
1588	670
1589	669
1590	671
1591	672
1592	673
1593	672
1594	674
1595	673
1596	675
1597	677
1598	676
1599	676
1600	677
1601	678
1602	677
1603	679
1604	678
1605	678
1606	679
1607	680
1608	681
1609	682
1610	683
1611	682
1612	684
1613	683
1614	683
1615	684
1616	685
1617	684
1618	686
1619	685
1620	686
1621	684
1622	687
1623	688
1624	690
1625	689
1626	691
1627	692
1628	693
1629	692
1630	694
1631	693
1632	695
1633	696
1634	697
1635	696
1636	698
1637	697
1638	699
1639	701
1640	700
1641	700
1642	701
1643	702
1644	701
1645	703
1646	702
1647	704
1648	705
1649	706
1650	705
1651	707
1652	706
1653	708
1654	709
1655	710
1656	709
1657	711
1658	710
1659	710
1660	711
1661	712
1662	711
1663	713
1664	712
1665	713
1666	711
1667	714
1668	711
1669	715
1670	714
1671	715
1672	711
1673	716
1674	711
1675	717
1676	716
1677	716
1678	717
1679	718
1680	709
1681	719
1682	711
1683	711
1684	719
1685	717
1686	720
1687	722
1688	721
1689	721
1690	722
1691	723
1692	723
1693	724
1694	721
1695	721
1696	724
1697	725
1698	724
1699	726
1700	725
1701	725
1702	726
1703	727
1704	727
1705	728
1706	725
1707	729
1708	730
1709	731
1710	730
1711	732
1712	731
1713	733
1714	734
1715	735
1716	734
1717	736
1718	735
1719	735
1720	736
1721	737
1722	738
1723	740
1724	739
1725	739
1726	740
1727	741
1728	740
1729	742
1730	741
1731	743
1732	744
1733	745
1734	744
1735	746
1736	745
1737	747
1738	748
1739	749
1740	748
1741	750
1742	749
1743	751
1744	753
1745	752
1746	752
1747	753
1748	754
1749	753
1750	755
1751	754
1752	754
1753	755
1754	756
1755	756
1756	757
1757	754
1758	758
1759	759
1760	760
1761	759
1762	761
1763	760
1764	760
1765	761
1766	762
1767	761
1768	763
1769	762
1770	764
1771	765
1772	766
1773	765
1774	767
1775	766
1776	766
1777	767
1778	768
1779	767
1780	769
1781	768
1782	770
1783	771
1784	772
1785	771
1786	773
1787	772
1788	774
1789	775
1790	776
1791	775
1792	777
1793	776
1794	778
1795	780
1796	779
1797	779
1798	780
1799	781
1800	780
1801	782
1802	781
1803	783
1804	784
1805	785
1806	784
1807	786
1808	785
1809	785
1810	786
1811	787
1812	788
1813	786
1814	789
1815	789
1816	786
1817	784
1818	790
1819	792
1820	791
1821	791
1822	792
1823	793
1824	793
1825	794
1826	791
1827	791
1828	794
1829	795
1830	794
1831	796
1832	795
1833	795
1834	796
1835	797
1836	796
1837	798
1838	797
1839	799
1840	801
1841	800
1842	800
1843	801
1844	802
1845	801
1846	803
1847	802
1848	802
1849	803
1850	804
1851	803
1852	805
1853	804
1854	804
1855	805
1856	806
1857	805
1858	807
1859	806
1860	808
1861	809
1862	585
1863	809
1864	810
1865	585
1866	585
1867	810
1868	587
1869	811
1870	812
1871	604
1872	604
1873	812
1874	606
1875	812
1876	813
1877	606
1878	814
1879	815
1880	816
1881	815
1882	817
1883	816
1884	816
1885	817
1886	633
1887	817
1888	818
1889	633
1890	633
1891	632
1892	816
1893	632
1894	819
1895	816
1896	816
1897	819
1898	820
1899	613
1900	638
1901	821
1902	627
1903	822
1904	626
1905	822
1906	646
1907	626
1908	823
1909	824
1910	753
1911	824
1912	755
1913	753
1914	825
1915	827
1916	826
1917	826
1918	827
1919	828
1920	827
1921	829
1922	828
1923	826
1924	830
1925	825
1926	831
1927	833
1928	832
1929	832
1930	833
1931	834
1932	835
1933	836
1934	837
1935	836
1936	838
1937	837
1938	837
1939	838
1940	839
1941	838
1942	840
1943	839
1944	839
1945	840
1946	841
1947	841
1948	842
1949	839
1950	842
1951	841
1952	843
1953	843
1954	844
1955	842
1956	844
1957	843
1958	845
1959	843
1960	846
1961	845
1962	846
1963	843
1964	847
1965	847
1966	836
1967	846
1968	846
1969	836
1970	848
1971	840
1972	838
1973	847
1974	847
1975	838
1976	836
1977	849
1978	851
1979	850
1980	850
1981	851
1982	852
1983	851
1984	853
1985	852
1986	853
1987	851
1988	854
1989	855
1990	857
1991	856
1992	856
1993	857
1994	858
1995	857
1996	859
1997	858
1998	859
1999	857
2000	860
2001	861
2002	863
2003	862
2004	862
2005	863
2006	864
2007	865
2008	866
2009	867
2010	866
2011	868
2012	867
2013	867
2014	868
2015	869
2016	869
2017	870
2018	867
2019	870
2020	869
2021	871
2022	869
2023	872
2024	871
2025	872
2026	869
2027	873
2028	869
2029	868
2030	873
2031	873
2032	868
2033	874
2034	868
2035	875
2036	874
2037	875
2038	868
2039	876
2040	877
2041	879
2042	878
2043	880
2044	881
2045	882
2046	881
2047	883
2048	882
2049	882
2050	883
2051	884
2052	884
2053	885
2054	882
2055	886
2056	887
2057	888
2058	889
2059	891
2060	890
2061	890
2062	891
2063	892
2064	891
2065	893
2066	892
2067	892
2068	893
2069	894
2070	895
2071	896
2072	897
2073	896
2074	898
2075	897
2076	897
2077	898
2078	899
2079	898
2080	900
2081	899
2082	899
2083	900
2084	901
2085	901
2086	902
2087	899
2088	899
2089	902
2090	897
2091	902
2092	903
2093	897
2094	903
2095	902
2096	904
2097	902
2098	905
2099	904
2100	904
2101	905
2102	906
2103	906
2104	907
2105	904
2106	908
2107	893
2108	891
2109	909
2110	911
2111	910
2112	910
2113	911
2114	912
2115	911
2116	913
2117	912
2118	914
2119	915
2120	916
2121	915
2122	917
2123	916
2124	918
2125	919
2126	920
2127	919
2128	921
2129	920
2130	920
2131	921
2132	922
2133	919
2134	923
2135	921
2136	924
2137	925
2138	926
2139	925
2140	927
2141	926
2142	927
2143	925
2144	928
2145	925
2146	929
2147	928
2148	928
2149	929
2150	930
2151	931
2152	933
2153	932
2154	934
2155	936
2156	935
2157	935
2158	936
2159	937
2160	936
2161	938
2162	937
2163	937
2164	938
2165	939
2166	940
2167	942
2168	941
2169	941
2170	942
2171	943
2172	942
2173	944
2174	943
2175	945
2176	946
2177	947
2178	948
2179	950
2180	949
2181	949
2182	950
2183	951
2184	952
2185	954
2186	953
2187	953
2188	954
2189	955
2190	955
2191	956
2192	953
2193	953
2194	956
2195	957
2196	958
2197	960
2198	959
2199	961
2200	962
2201	963
2202	962
2203	964
2204	963
2205	963
2206	964
2207	965
2208	964
2209	966
2210	965
2211	967
2212	968
2213	969
2214	968
2215	970
2216	969
2217	969
2218	970
2219	971
2220	972
2221	974
2222	973
2223	973
2224	974
2225	975
2226	974
2227	976
2228	975
2229	975
2230	976
2231	839
2232	976
2233	977
2234	839
2235	839
2236	977
2237	836
2238	977
2239	978
2240	836
2241	973
2242	975
2243	842
2244	975
2245	839
2246	842
2247	979
2248	976
2249	835
2250	980
2251	852
2252	981
2253	981
2254	852
2255	853
2256	905
2257	902
2258	982
2259	982
2260	902
2261	901
2262	900
2263	898
2264	983
2265	898
2266	896
2267	983
2268	983
2269	896
2270	984
2271	985
2272	929
2273	925
2274	986
2275	988
2276	987
2277	987
2278	988
2279	989
2280	988
2281	990
2282	989
2283	991
2284	986
2285	987
2286	988
2287	986
2288	992
2289	992
2290	986
2291	993
2292	994
2293	996
2294	995
2295	995
2296	996
2297	997
2298	996
2299	998
2300	997
2301	999
2302	1000
2303	1001
2304	1000
2305	1002
2306	1001
2307	1001
2308	1002
2309	1003
2310	1004
2311	1006
2312	1005
2313	1005
2314	1006
2315	1007
2316	1006
2317	1008
2318	1007
2319	1009
2320	1010
2321	1011
2322	1010
2323	1012
2324	1011
2325	1011
2326	1012
2327	1013
2328	1012
2329	1014
2330	1013
2331	1012
2332	1010
2333	1015
2334	1010
2335	1016
2336	1015
2337	1017
2338	1019
2339	1018
2340	1018
2341	1019
2342	1020
2343	1019
2344	1021
2345	1020
2346	1020
2347	1021
2348	1022
2349	1023
2350	1024
2351	1025
2352	1024
2353	1026
2354	1025
2355	1025
2356	1026
2357	1027
2358	1026
2359	1028
2360	1027
2361	1029
2362	1030
2363	1031
2364	1030
2365	1032
2366	1031
2367	1033
2368	1034
2369	1035
2370	1034
2371	1036
2372	1035
2373	1035
2374	1036
2375	1037
2376	1038
2377	1039
2378	1040
2379	1039
2380	1041
2381	1040
2382	1040
2383	1041
2384	1042
2385	1041
2386	1043
2387	1042
2388	1042
2389	1043
2390	1044
2391	1045
2392	1047
2393	1046
2394	1048
2395	1049
2396	1050
2397	1051
2398	1053
2399	1052
2400	1052
2401	1053
2402	1054
2403	1055
2404	1057
2405	1056
2406	1058
2407	1060
2408	1059
2409	1059
2410	1060
2411	1061
2412	1060
2413	1062
2414	1061
2415	1063
2416	1064
2417	1065
2418	1064
2419	1066
2420	1065
2421	1067
2422	1068
2423	1069
2424	1070
2425	1072
2426	1071
2427	1071
2428	1072
2429	1073
2430	1074
2431	1076
2432	1075
2433	1075
2434	1076
2435	1077
2436	1076
2437	1078
2438	1077
2439	1078
2440	1076
2441	1079
2442	1075
2443	1077
2444	1080
2445	1080
2446	1077
2447	1081
2448	1077
2449	1082
2450	1081
2451	1083
2452	1084
2453	1085
2454	1086
2455	1087
2456	1088
2457	1087
2458	1089
2459	1088
2460	1088
2461	1089
2462	1090
2463	1091
2464	1093
2465	1092
2466	1092
2467	1093
2468	1094
2469	1095
2470	1097
2471	1096
2472	1096
2473	1097
2474	1098
2475	1097
2476	1099
2477	1098
2478	1100
2479	1101
2480	1102
2481	1101
2482	1018
2483	1102
2484	1102
2485	1018
2486	1020
2487	1020
2488	1103
2489	1102
2490	1102
2491	1103
2492	1104
2493	1104
2494	1105
2495	1102
2496	1102
2497	1105
2498	1101
2499	1105
2500	1106
2501	1101
2502	1101
2503	1106
2504	1107
2505	1108
2506	1109
2507	1110
2508	1109
2509	1111
2510	1110
2511	1111
2512	1109
2513	1112
2514	1109
2515	1113
2516	1112
2517	1112
2518	1113
2519	1114
2520	1113
2521	1115
2522	1114
2523	1114
2524	1115
2525	1116
2526	1115
2527	1117
2528	1116
2529	1117
2530	1115
2531	1118
2532	1118
2533	1119
2534	1117
2535	1120
2536	1121
2537	1109
2538	1109
2539	1121
2540	1113
2541	1121
2542	1122
2543	1113
2544	1113
2545	1122
2546	1123
2547	1123
2548	1118
2549	1113
2550	1113
2551	1118
2552	1115
2553	1124
2554	1080
2555	1125
2556	1125
2557	1080
2558	1081
2559	1126
2560	1127
2561	1128
2562	1127
2563	1129
2564	1128
2565	1129
2566	1127
2567	1130
2568	1127
2569	1131
2570	1130
2571	1130
2572	1131
2573	1132
2574	1131
2575	1133
2576	1132
2577	1132
2578	1133
2579	1134
2580	1133
2581	1135
2582	1134
2583	1135
2584	1133
2585	1136
2586	1129
2587	1130
2588	1137
2589	1137
2590	1130
2591	1138
2592	1130
2593	1132
2594	1138
2595	1138
2596	1132
2597	1139
2598	1132
2599	1134
2600	1139
2601	1139
2602	1134
2603	1140
2604	1134
2605	1141
2606	1140
2607	1141
2608	1134
2609	1142
2610	1142
2611	1143
2612	1141
2613	1144
2614	1146
2615	1145
2616	1145
2617	1146
2618	1147
2619	1146
2620	1148
2621	1147
2622	1147
2623	1148
2624	1149
2625	1149
2626	1150
2627	1147
2628	1147
2629	1150
2630	1151
2631	1151
2632	1152
2633	1147
2634	1147
2635	1152
2636	1145
2637	1152
2638	1153
2639	1145
2640	1145
2641	1153
2642	1144
2643	1154
2644	1156
2645	1155
2646	1155
2647	1156
2648	1157
2649	1157
2650	1158
2651	1155
2652	1155
2653	1158
2654	1159
2655	1159
2656	1160
2657	1155
2658	1155
2659	1160
2660	1161
2661	1156
2662	1161
2663	1162
2664	1163
2665	1164
2666	1165
2667	1164
2668	1166
2669	1165
2670	1165
2671	1166
2672	1167
2673	1168
2674	1169
2675	1170
2676	1169
2677	1171
2678	1170
2679	1170
2680	1171
2681	1172
2682	1173
2683	1175
2684	1174
2685	1176
2686	1177
2687	1178
2688	1177
2689	1179
2690	1178
2691	1180
2692	1181
2693	1182
2694	1181
2695	1183
2696	1182
2697	1184
2698	1185
2699	1186
2700	1185
2701	1187
2702	1186
2703	1186
2704	1187
2705	1188
2706	1189
2707	1191
2708	1190
2709	1190
2710	1191
2711	1192
2712	1193
2713	1195
2714	1194
2715	1194
2716	1195
2717	1196
2718	1195
2719	1197
2720	1196
2721	1197
2722	1195
2723	1198
2724	1199
2725	1201
2726	1200
2727	1200
2728	1201
2729	1202
2730	1201
2731	1203
2732	1202
2733	1204
2734	1205
2735	1206
2736	1205
2737	1207
2738	1206
2739	1208
2740	1209
2741	1144
2742	1144
2743	1209
2744	1146
2745	1209
2746	1210
2747	1146
2748	1146
2749	1210
2750	1148
2751	1210
2752	1149
2753	1148
2754	1149
2755	1210
2756	1211
2757	1212
2758	1213
2759	1157
2760	1157
2761	1213
2762	1158
2763	1213
2764	1214
2765	1158
2766	1215
2767	1217
2768	1216
2769	1216
2770	1217
2771	1218
2772	1217
2773	1219
2774	1218
2775	1219
2776	1217
2777	1220
2778	1217
2779	1221
2780	1220
2781	1220
2782	1221
2783	1222
2784	1223
2785	1225
2786	1224
2787	1224
2788	1225
2789	1226
2790	1225
2791	1227
2792	1226
2793	1226
2794	1227
2795	1228
2796	1227
2797	1229
2798	1228
2799	1228
2800	1229
2801	1230
2802	1224
2803	1226
2804	1231
2805	1231
2806	1226
2807	1228
2808	1232
2809	1234
2810	1233
2811	1233
2812	1234
2813	1235
2814	1236
2815	1237
2816	1238
2817	1237
2818	1239
2819	1238
2820	1238
2821	1239
2822	1240
2823	1241
2824	1243
2825	1242
2826	1244
2827	1245
2828	1246
2829	1245
2830	1247
2831	1246
2832	1248
2833	1249
2834	1250
2835	1251
2836	1253
2837	1252
2838	1252
2839	1253
2840	1254
2841	1254
2842	1255
2843	1252
2844	1252
2845	1255
2846	1256
2847	1257
2848	1259
2849	1258
2850	1258
2851	1259
2852	1260
2853	1261
2854	1263
2855	1262
2856	1262
2857	1263
2858	1264
2859	1265
2860	1267
2861	1266
2862	1268
2863	1269
2864	1270
2865	1269
2866	1271
2867	1270
2868	1270
2869	1271
2870	1272
2871	1272
2872	1273
2873	1270
2874	1270
2875	1273
2876	1274
2877	1273
2878	1275
2879	1274
2880	1274
2881	1275
2882	1276
2883	1275
2884	1277
2885	1276
2886	1277
2887	1275
2888	1278
2889	1275
2890	1279
2891	1278
2892	1279
2893	1275
2894	1280
2895	1275
2896	1272
2897	1280
2898	1272
2899	1275
2900	1273
2901	1281
2902	1282
2903	1283
2904	1282
2905	1284
2906	1283
2907	1283
2908	1284
2909	1285
2910	1285
2911	1286
2912	1283
2913	1281
2914	1287
2915	1282
2916	1288
2917	1290
2918	1289
2919	1289
2920	1290
2921	1291
2922	1292
2923	1293
2924	1294
2925	1293
2926	1295
2927	1294
2928	1294
2929	1295
2930	1296
2931	1297
2932	1299
2933	1298
2934	1298
2935	1299
2936	1300
2937	1299
2938	1301
2939	1300
2940	1302
2941	1303
2942	1304
2943	1305
2944	1306
2945	1307
2946	1306
2947	1308
2948	1307
2949	1307
2950	1308
2951	1309
2952	1310
2953	1312
2954	1311
2955	1311
2956	1312
2957	1313
2958	1312
2959	1314
2960	1313
2961	1314
2962	1312
2963	1315
2964	1312
2965	1316
2966	1315
2967	1306
2968	1317
2969	1308
2970	1317
2971	1318
2972	1308
2973	1319
2974	1320
2975	1321
2976	1320
2977	1322
2978	1321
2979	1321
2980	1322
2981	1323
2982	1324
2983	1326
2984	1325
2985	1325
2986	1326
2987	1327
2988	1326
2989	1328
2990	1327
2991	1329
2992	1330
2993	1331
2994	1330
2995	1332
2996	1331
2997	1331
2998	1332
2999	1333
