0	0.416
1	0.282
2	0.404
3	0.420
4	0.255
5	0.404
6	0.431
7	0.282
8	0.404
9	0.431
10	0.247
11	0.424
12	0.431
13	0.310
14	0.447
15	0.431
16	0.275
17	0.455
18	0.459
19	0.275
20	0.467
21	0.416
22	0.290
23	0.478
24	0.459
25	0.294
26	0.486
27	0.443
28	0.314
29	0.490
30	0.420
31	0.314
32	0.369
33	0.439
34	0.318
35	0.361
36	0.416
37	0.302
38	0.361
39	0.427
40	0.298
41	0.337
42	0.416
43	0.302
44	0.361
45	0.427
46	0.298
47	0.337
48	0.420
49	0.267
50	0.345
51	0.431
52	0.278
53	0.325
54	0.424
55	0.369
56	0.196
57	0.431
58	0.349
59	0.227
60	0.420
61	0.353
62	0.247
63	0.439
64	0.329
65	0.247
66	0.424
67	0.412
68	0.486
69	0.420
70	0.392
71	0.478
72	0.431
73	0.408
74	0.498
75	0.431
76	0.396
77	0.498
78	0.420
79	0.408
80	0.498
81	0.420
82	0.396
83	0.498
84	0.420
85	0.392
86	0.498
87	0.427
88	0.353
89	0.498
90	0.420
91	0.388
92	0.498
93	0.459
94	0.016
95	0.192
96	0.427
97	0.024
98	0.200
99	0.447
100	0.031
101	0.169
102	0.427
103	0.035
104	0.188
105	0.424
106	0.012
107	0.212
108	0.459
109	0.016
110	0.192
111	0.451
112	0.012
113	0.196
114	0.467
115	0.012
116	0.192
117	0.447
118	0.012
119	0.184
120	0.463
121	0.012
122	0.180
123	0.467
124	0.012
125	0.180
126	0.463
127	0.369
128	0.455
129	0.447
130	0.416
131	0.482
132	0.431
133	0.380
134	0.447
135	0.455
136	0.459
137	0.482
138	0.443
139	0.490
140	0.498
141	0.455
142	0.482
143	0.478
144	0.435
145	0.494
146	0.498
147	0.447
148	0.498
149	0.467
150	0.435
151	0.498
152	0.498
153	0.424
154	0.498
155	0.494
156	0.435
157	0.498
158	0.463
159	0.439
160	0.498
161	0.459
162	0.451
163	0.357
164	0.325
165	0.498
166	0.357
167	0.314
168	0.498
169	0.349
170	0.278
171	0.498
172	0.345
173	0.314
174	0.498
175	0.337
176	0.282
177	0.471
178	0.490
179	0.475
180	0.478
181	0.467
182	0.486
183	0.455
184	0.459
185	0.482
186	0.455
187	0.463
188	0.498
189	0.463
190	0.467
191	0.498
192	0.498
193	0.463
194	0.482
195	0.498
196	0.463
197	0.498
198	0.498
199	0.451
200	0.498
201	0.463
202	0.455
203	0.498
204	0.459
205	0.451
206	0.498
207	0.451
208	0.451
209	0.498
210	0.455
211	0.459
212	0.482
213	0.471
214	0.490
215	0.475
216	0.455
217	0.482
218	0.478
219	0.467
220	0.498
221	0.467
222	0.447
223	0.498
224	0.467
225	0.467
226	0.498
227	0.455
228	0.447
229	0.498
230	0.455
231	0.439
232	0.498
233	0.459
234	0.486
235	0.129
236	0.439
237	0.475
238	0.129
239	0.451
240	0.490
241	0.098
242	0.463
243	0.475
244	0.133
245	0.471
246	0.498
247	0.122
248	0.494
249	0.478
250	0.153
251	0.498
252	0.482
253	0.145
254	0.498
255	0.471
256	0.141
257	0.498
258	0.471
259	0.137
260	0.498
261	0.486
262	0.118
263	0.498
264	0.494
265	0.125
266	0.498
267	0.498
268	0.463
269	0.482
270	0.478
271	0.467
272	0.486
273	0.494
274	0.471
275	0.475
276	0.486
277	0.498
278	0.475
279	0.475
280	0.498
281	0.475
282	0.482
283	0.498
284	0.463
285	0.478
286	0.498
287	0.463
288	0.412
289	0.012
290	0.204
291	0.420
292	0.012
293	0.200
294	0.447
295	0.012
296	0.200
297	0.439
298	0.012
299	0.192
300	0.424
301	0.498
302	0.498
303	0.424
304	0.494
305	0.498
306	0.424
307	0.490
308	0.498
309	0.431
310	0.475
311	0.498
312	0.443
313	0.478
314	0.498
315	0.455
316	0.459
317	0.482
318	0.455
319	0.463
320	0.498
321	0.443
322	0.455
323	0.498
324	0.451
325	0.451
326	0.498
327	0.439
328	0.353
329	0.498
330	0.431
331	0.376
332	0.486
333	0.420
334	0.349
335	0.486
336	0.431
337	0.471
338	0.498
339	0.439
340	0.012
341	0.188
342	0.443
343	0.012
344	0.184
345	0.467
346	0.165
347	0.106
348	0.475
349	0.153
350	0.106
351	0.494
352	0.176
353	0.106
354	0.498
355	0.165
356	0.106
357	0.498
358	0.161
359	0.125
360	0.498
361	0.133
362	0.149
363	0.498
364	0.141
365	0.157
366	0.498
367	0.169
368	0.133
369	0.498
370	0.173
371	0.129
372	0.498
373	0.173
374	0.125
375	0.498
376	0.176
377	0.110
378	0.475
379	0.498
380	0.455
381	0.478
382	0.498
383	0.459
384	0.494
385	0.012
386	0.286
387	0.475
388	0.012
389	0.282
390	0.498
391	0.012
392	0.278
393	0.475
394	0.012
395	0.267
396	0.494
397	0.051
398	0.239
399	0.498
400	0.031
401	0.255
402	0.498
403	0.020
404	0.286
405	0.498
406	0.039
407	0.263
408	0.498
409	0.459
410	0.478
411	0.498
412	0.451
413	0.478
414	0.498
415	0.451
416	0.482
417	0.498
418	0.455
419	0.478
420	0.427
421	0.831
422	0.459
423	0.431
424	0.831
425	0.427
426	0.424
427	0.804
428	0.435
429	0.439
430	0.800
431	0.412
432	0.435
433	0.667
434	0.392
435	0.427
436	0.631
437	0.361
438	0.459
439	0.635
440	0.404
441	0.459
442	0.616
443	0.400
444	0.435
445	0.835
446	0.149
447	0.447
448	0.808
449	0.129
450	0.427
451	0.812
452	0.165
453	0.439
454	0.796
455	0.173
456	0.463
457	0.792
458	0.169
459	0.459
460	0.800
461	0.122
462	0.427
463	0.831
464	0.459
465	0.455
466	0.835
467	0.455
468	0.431
469	0.831
470	0.427
471	0.455
472	0.804
473	0.420
474	0.427
475	0.910
476	0.204
477	0.431
478	0.933
479	0.231
480	0.443
481	0.957
482	0.200
483	0.435
484	0.953
485	0.235
486	0.431
487	0.510
488	0.498
489	0.431
490	0.506
491	0.498
492	0.435
493	0.514
494	0.486
495	0.455
496	0.522
497	0.447
498	0.443
499	0.537
500	0.475
501	0.435
502	0.549
503	0.443
504	0.451
505	0.553
506	0.478
507	0.447
508	0.541
509	0.498
510	0.443
511	0.529
512	0.498
513	0.435
514	0.541
515	0.498
516	0.431
517	0.533
518	0.498
519	0.443
520	0.765
521	0.486
522	0.431
523	0.773
524	0.463
525	0.443
526	0.745
527	0.463
528	0.431
529	0.851
530	0.180
531	0.451
532	0.859
533	0.157
534	0.431
535	0.910
536	0.180
537	0.435
538	0.569
539	0.424
540	0.435
541	0.549
542	0.443
543	0.455
544	0.580
545	0.416
546	0.463
547	0.565
548	0.459
549	0.494
550	0.561
551	0.459
552	0.451
553	0.553
554	0.478
555	0.447
556	0.498
557	0.463
558	0.439
559	0.498
560	0.486
561	0.435
562	0.498
563	0.498
564	0.424
565	0.494
566	0.498
567	0.420
568	0.502
569	0.498
570	0.443
571	0.565
572	0.498
573	0.431
574	0.561
575	0.498
576	0.431
577	0.569
578	0.498
579	0.443
580	0.765
581	0.486
582	0.451
583	0.757
584	0.486
585	0.443
586	0.745
587	0.463
588	0.494
589	0.753
590	0.494
591	0.486
592	0.733
593	0.463
594	0.498
595	0.745
596	0.494
597	0.498
598	0.729
599	0.471
600	0.498
601	0.729
602	0.494
603	0.498
604	0.722
605	0.482
606	0.498
607	0.706
608	0.482
609	0.486
610	0.522
611	0.447
612	0.494
613	0.533
614	0.471
615	0.463
616	0.514
617	0.455
618	0.482
619	0.525
620	0.478
621	0.467
622	0.498
623	0.467
624	0.475
625	0.498
626	0.475
627	0.478
628	0.498
629	0.463
630	0.478
631	0.498
632	0.459
633	0.475
634	0.498
635	0.455
636	0.467
637	0.498
638	0.455
639	0.451
640	0.498
641	0.455
642	0.451
643	0.498
644	0.467
645	0.482
646	0.882
647	0.463
648	0.463
649	0.898
650	0.486
651	0.498
652	0.886
653	0.471
654	0.498
655	0.902
656	0.490
657	0.498
658	0.894
659	0.463
660	0.498
661	0.910
662	0.482
663	0.498
664	0.914
665	0.490
666	0.467
667	0.682
668	0.392
669	0.486
670	0.663
671	0.384
672	0.490
673	0.702
674	0.400
675	0.498
676	0.643
677	0.376
678	0.498
679	0.706
680	0.396
681	0.498
682	0.647
683	0.365
684	0.498
685	0.706
686	0.384
687	0.486
688	0.702
689	0.459
690	0.498
691	0.694
692	0.471
693	0.482
694	0.686
695	0.459
696	0.490
697	0.682
698	0.475
699	0.467
700	0.667
701	0.463
702	0.459
703	0.671
704	0.494
705	0.490
706	0.682
707	0.498
708	0.498
709	0.694
710	0.494
711	0.498
712	0.706
713	0.482
714	0.498
715	0.706
716	0.494
717	0.498
718	0.694
719	0.498
720	0.498
721	0.706
722	0.498
723	0.490
724	0.702
725	0.498
726	0.482
727	0.694
728	0.498
729	0.482
730	0.682
731	0.498
732	0.455
733	0.675
734	0.498
735	0.451
736	0.686
737	0.498
738	0.424
739	0.498
740	0.494
741	0.427
742	0.498
743	0.482
744	0.427
745	0.498
746	0.478
747	0.447
748	0.733
749	0.498
750	0.451
751	0.745
752	0.498
753	0.455
754	0.733
755	0.498
756	0.459
757	0.749
758	0.498
759	0.463
760	0.737
761	0.498
762	0.490
763	0.498
764	0.455
765	0.498
766	0.498
767	0.463
768	0.482
769	0.498
770	0.463
771	0.490
772	0.498
773	0.475
774	0.478
775	0.498
776	0.463
777	0.475
778	0.498
779	0.475
780	0.482
781	0.525
782	0.478
783	0.494
784	0.533
785	0.471
786	0.498
787	0.514
788	0.463
789	0.498
790	0.498
791	0.455
792	0.498
793	0.890
794	0.459
795	0.498
796	0.894
797	0.459
798	0.459
799	0.753
800	0.498
801	0.404
802	0.106
803	0.863
804	0.404
805	0.110
806	0.890
807	0.412
808	0.114
809	0.871
810	0.416
811	0.118
812	0.890
813	0.455
814	0.114
815	0.886
816	0.455
817	0.114
818	0.890
819	0.451
820	0.118
821	0.890
822	0.416
823	0.129
824	0.890
825	0.435
826	0.129
827	0.890
828	0.408
829	0.125
830	0.757
831	0.408
832	0.102
833	0.729
834	0.420
835	0.125
836	0.745
837	0.424
838	0.114
839	0.725
840	0.443
841	0.106
842	0.749
843	0.408
844	0.125
845	0.757
846	0.408
847	0.157
848	0.729
849	0.420
850	0.125
851	0.745
852	0.431
853	0.129
854	0.733
855	0.447
856	0.129
857	0.753
858	0.447
859	0.122
860	0.733
861	0.408
862	0.471
863	0.616
864	0.408
865	0.451
866	0.627
867	0.427
868	0.475
869	0.620
870	0.435
871	0.459
872	0.616
873	0.416
874	0.408
875	0.773
876	0.412
877	0.373
878	0.800
879	0.459
880	0.404
881	0.776
882	0.463
883	0.369
884	0.792
885	0.416
886	0.169
887	0.804
888	0.420
889	0.165
890	0.820
891	0.451
892	0.161
893	0.812
894	0.439
895	0.173
896	0.839
897	0.416
898	0.196
899	0.847
900	0.420
901	0.220
902	0.867
903	0.427
904	0.188
905	0.863
906	0.435
907	0.212
908	0.890
909	0.439
910	0.220
911	0.890
912	0.427
913	0.224
914	0.890
915	0.424
916	0.216
917	0.890
918	0.424
919	0.212
920	0.890
921	0.424
922	0.200
923	0.890
924	0.439
925	0.192
926	0.890
927	0.435
928	0.188
929	0.890
930	0.431
931	0.173
932	0.871
933	0.424
934	0.345
935	0.710
936	0.431
937	0.337
938	0.690
939	0.416
940	0.380
941	0.659
942	0.435
943	0.353
944	0.651
945	0.435
946	0.376
947	0.635
948	0.447
949	0.129
950	0.753
951	0.443
952	0.106
953	0.749
954	0.420
955	0.125
956	0.745
957	0.431
958	0.173
959	0.871
960	0.435
961	0.188
962	0.890
963	0.420
964	0.149
965	0.878
966	0.427
967	0.184
968	0.890
969	0.439
970	0.192
971	0.890
972	0.424
973	0.200
974	0.890
975	0.420
976	0.196
977	0.890
978	0.416
979	0.192
980	0.890
981	0.416
982	0.173
983	0.890
984	0.408
985	0.180
986	0.890
987	0.404
988	0.176
989	0.890
990	0.404
991	0.173
992	0.890
993	0.416
994	0.149
995	0.890
996	0.404
997	0.149
998	0.890
999	0.408
1000	0.141
1001	0.890
1002	0.412
1003	0.137
1004	0.890
1005	0.443
1006	0.137
1007	0.871
1008	0.431
1009	0.173
1010	0.871
1011	0.420
1012	0.149
1013	0.878
1014	0.424
1015	0.184
1016	0.800
1017	0.420
1018	0.188
1019	0.816
1020	0.443
1021	0.180
1022	0.800
1023	0.431
1024	0.188
1025	0.827
1026	0.443
1027	0.184
1028	0.827
1029	0.439
1030	0.404
1031	0.514
1032	0.431
1033	0.408
1034	0.498
1035	0.471
1036	0.412
1037	0.514
1038	0.443
1039	0.412
1040	0.498
1041	0.459
1042	0.412
1043	0.498
1044	0.455
1045	0.424
1046	0.498
1047	0.467
1048	0.431
1049	0.498
1050	0.475
1051	0.420
1052	0.498
1053	0.482
1054	0.427
1055	0.502
1056	0.471
1057	0.408
1058	0.541
1059	0.435
1060	0.286
1061	0.745
1062	0.471
1063	0.278
1064	0.749
1065	0.467
1066	0.298
1067	0.714
1068	0.478
1069	0.310
1070	0.702
1071	0.435
1072	0.482
1073	0.753
1074	0.435
1075	0.475
1076	0.776
1077	0.478
1078	0.482
1079	0.753
1080	0.463
1081	0.471
1082	0.773
1083	0.498
1084	0.486
1085	0.753
1086	0.494
1087	0.478
1088	0.780
1089	0.451
1090	0.353
1091	0.518
1092	0.443
1093	0.365
1094	0.498
1095	0.439
1096	0.353
1097	0.498
1098	0.435
1099	0.388
1100	0.498
1101	0.427
1102	0.353
1103	0.498
1104	0.424
1105	0.384
1106	0.498
1107	0.431
1108	0.408
1109	0.498
1110	0.439
1111	0.404
1112	0.514
1113	0.451
1114	0.353
1115	0.518
1116	0.451
1117	0.388
1118	0.533
1119	0.451
1120	0.420
1121	0.631
1122	0.486
1123	0.400
1124	0.643
1125	0.451
1126	0.427
1127	0.635
1128	0.498
1129	0.416
1130	0.643
1131	0.486
1132	0.435
1133	0.631
1134	0.498
1135	0.420
1136	0.643
1137	0.486
1138	0.400
1139	0.643
1140	0.478
1141	0.400
1142	0.616
1143	0.451
1144	0.420
1145	0.631
1146	0.467
1147	0.420
1148	0.604
1149	0.451
1150	0.427
1151	0.635
1152	0.467
1153	0.439
1154	0.620
1155	0.486
1156	0.431
1157	0.608
1158	0.463
1159	0.431
1160	0.557
1161	0.471
1162	0.408
1163	0.541
1164	0.451
1165	0.427
1166	0.537
1167	0.467
1168	0.439
1169	0.620
1170	0.455
1171	0.388
1172	0.596
1173	0.471
1174	0.384
1175	0.592
1176	0.455
1177	0.412
1178	0.608
1179	0.478
1180	0.400
1181	0.616
1182	0.463
1183	0.259
1184	0.875
1185	0.463
1186	0.251
1187	0.835
1188	0.471
1189	0.235
1190	0.886
1191	0.471
1192	0.224
1193	0.839
1194	0.467
1195	0.208
1196	0.827
1197	0.467
1198	0.043
1199	0.694
1200	0.467
1201	0.043
1202	0.710
1203	0.478
1204	0.055
1205	0.702
1206	0.498
1207	0.055
1208	0.722
1209	0.498
1210	0.063
1211	0.706
1212	0.498
1213	0.075
1214	0.710
1215	0.498
1216	0.075
1217	0.706
1218	0.498
1219	0.075
1220	0.678
1221	0.498
1222	0.063
1223	0.678
1224	0.498
1225	0.075
1226	0.675
1227	0.467
1228	0.298
1229	0.714
1230	0.475
1231	0.318
1232	0.678
1233	0.498
1234	0.318
1235	0.671
1236	0.498
1237	0.325
1238	0.663
1239	0.498
1240	0.329
1241	0.675
1242	0.467
1243	0.322
1244	0.757
1245	0.478
1246	0.310
1247	0.702
1248	0.471
1249	0.278
1250	0.749
1251	0.471
1252	0.235
1253	0.886
1254	0.498
1255	0.231
1256	0.886
1257	0.498
1258	0.227
1259	0.886
1260	0.498
1261	0.290
1262	0.851
1263	0.498
1264	0.239
1265	0.894
1266	0.498
1267	0.298
1268	0.859
1269	0.498
1270	0.055
1271	0.722
1272	0.475
1273	0.067
1274	0.741
1275	0.482
1276	0.067
1277	0.749
1278	0.498
1279	0.071
1280	0.804
1281	0.498
1282	0.067
1283	0.765
1284	0.498
1285	0.059
1286	0.800
1287	0.498
1288	0.055
1289	0.769
1290	0.498
1291	0.357
1292	0.647
1293	0.475
1294	0.318
1295	0.678
1296	0.498
1297	0.349
1298	0.675
1299	0.498
1300	0.055
1301	0.722
1302	0.494
1303	0.039
1304	0.737
1305	0.482
1306	0.067
1307	0.749
1308	0.396
1309	0.114
1310	0.890
1311	0.400
1312	0.118
1313	0.890
1314	0.412
1315	0.125
1316	0.890
1317	0.412
1318	0.129
1319	0.890
1320	0.420
1321	0.404
1322	0.498
1323	0.420
1324	0.412
1325	0.498
1326	0.427
1327	0.420
1328	0.498
1329	0.427
1330	0.420
1331	0.498
1332	0.439
1333	0.424
1334	0.498
1335	0.443
1336	0.424
1337	0.498
1338	0.427
1339	0.498
1340	0.604
1341	0.439
1342	0.498
1343	0.596
1344	0.431
1345	0.498
1346	0.608
1347	0.443
1348	0.498
1349	0.600
1350	0.439
1351	0.498
1352	0.608
1353	0.443
1354	0.498
1355	0.612
1356	0.447
1357	0.498
1358	0.612
1359	0.455
1360	0.498
1361	0.608
1362	0.455
1363	0.498
1364	0.596
1365	0.486
1366	0.498
1367	0.608
1368	0.471
1369	0.498
1370	0.616
1371	0.475
1372	0.498
1373	0.631
1374	0.455
1375	0.490
1376	0.631
1377	0.427
1378	0.475
1379	0.620
1380	0.490
1381	0.012
1382	0.812
1383	0.502
1384	0.012
1385	0.820
1386	0.482
1387	0.012
1388	0.820
1389	0.498
1390	0.012
1391	0.831
1392	0.486
1393	0.039
1394	0.831
1395	0.498
1396	0.043
1397	0.835
1398	0.490
1399	0.059
1400	0.824
1401	0.498
1402	0.043
1403	0.831
1404	0.490
1405	0.059
1406	0.824
1407	0.498
1408	0.071
1409	0.804
1410	0.498
1411	0.059
1412	0.800
1413	0.498
1414	0.039
1415	0.820
1416	0.498
1417	0.012
1418	0.820
1419	0.498
1420	0.333
1421	0.675
1422	0.498
1423	0.329
1424	0.675
1425	0.498
1426	0.341
1427	0.667
1428	0.498
1429	0.325
1430	0.663
1431	0.475
1432	0.318
1433	0.678
1434	0.498
1435	0.349
1436	0.675
1437	0.498
1438	0.337
1439	0.675
1440	0.498
1441	0.455
1442	0.510
1443	0.498
1444	0.455
1445	0.522
1446	0.498
1447	0.463
1448	0.514
1449	0.486
1450	0.459
1451	0.529
1452	0.471
1453	0.467
1454	0.514
1455	0.498
1456	0.463
1457	0.498
1458	0.498
1459	0.451
1460	0.510
1461	0.498
1462	0.451
1463	0.498
1464	0.467
1465	0.455
1466	0.498
1467	0.467
1468	0.467
1469	0.498
1470	0.455
1471	0.451
1472	0.498
1473	0.455
1474	0.463
1475	0.498
1476	0.447
1477	0.463
1478	0.518
1479	0.427
1480	0.506
1481	0.702
1482	0.431
1483	0.553
1484	0.659
1485	0.431
1486	0.498
1487	0.702
1488	0.443
1489	0.498
1490	0.655
1491	0.420
1492	0.498
1493	0.698
1494	0.431
1495	0.498
1496	0.651
1497	0.431
1498	0.776
1499	0.518
1500	0.427
1501	0.804
1502	0.510
1503	0.431
1504	0.804
1505	0.533
1506	0.435
1507	0.831
1508	0.514
1509	0.447
1510	0.812
1511	0.541
1512	0.431
1513	0.592
1514	0.816
1515	0.435
1516	0.600
1517	0.765
1518	0.447
1519	0.569
1520	0.784
1521	0.435
1522	0.573
1523	0.757
1524	0.435
1525	0.553
1526	0.780
1527	0.431
1528	0.714
1529	0.784
1530	0.431
1531	0.725
1532	0.737
1533	0.447
1534	0.733
1535	0.765
1536	0.451
1537	0.733
1538	0.733
1539	0.455
1540	0.757
1541	0.753
1542	0.443
1543	0.529
1544	0.745
1545	0.471
1546	0.498
1547	0.749
1548	0.439
1549	0.498
1550	0.749
1551	0.463
1552	0.498
1553	0.757
1554	0.439
1555	0.498
1556	0.761
1557	0.439
1558	0.635
1559	0.502
1560	0.439
1561	0.573
1562	0.510
1563	0.455
1564	0.608
1565	0.502
1566	0.451
1567	0.576
1568	0.506
1569	0.482
1570	0.588
1571	0.510
1572	0.478
1573	0.600
1574	0.498
1575	0.463
1576	0.608
1577	0.498
1578	0.467
1579	0.592
1580	0.498
1581	0.455
1582	0.596
1583	0.498
1584	0.455
1585	0.600
1586	0.498
1587	0.463
1588	0.690
1589	0.518
1590	0.490
1591	0.686
1592	0.506
1593	0.498
1594	0.702
1595	0.514
1596	0.498
1597	0.694
1598	0.498
1599	0.498
1600	0.706
1601	0.494
1602	0.467
1603	0.635
1604	0.792
1605	0.475
1606	0.584
1607	0.788
1608	0.498
1609	0.627
1610	0.796
1611	0.498
1612	0.620
1613	0.792
1614	0.498
1615	0.624
1616	0.808
1617	0.498
1618	0.616
1619	0.804
1620	0.467
1621	0.667
1622	0.788
1623	0.498
1624	0.675
1625	0.776
1626	0.467
1627	0.678
1628	0.769
1629	0.498
1630	0.686
1631	0.765
1632	0.471
1633	0.714
1634	0.765
1635	0.498
1636	0.714
1637	0.769
1638	0.498
1639	0.690
1640	0.776
1641	0.498
1642	0.710
1643	0.780
1644	0.498
1645	0.859
1646	0.576
1647	0.467
1648	0.859
1649	0.573
1650	0.467
1651	0.878
1652	0.596
1653	0.498
1654	0.776
1655	0.780
1656	0.498
1657	0.776
1658	0.776
1659	0.482
1660	0.733
1661	0.769
1662	0.498
1663	0.753
1664	0.769
1665	0.471
1666	0.714
1667	0.765
1668	0.498
1669	0.714
1670	0.769
1671	0.498
1672	0.714
1673	0.780
1674	0.498
1675	0.749
1676	0.780
1677	0.427
1678	0.498
1679	0.600
1680	0.439
1681	0.498
1682	0.600
1683	0.420
1684	0.498
1685	0.573
1686	0.431
1687	0.498
1688	0.573
1689	0.420
1690	0.498
1691	0.569
1692	0.435
1693	0.498
1694	0.561
1695	0.424
1696	0.498
1697	0.557
1698	0.427
1699	0.498
1700	0.553
1701	0.435
1702	0.498
1703	0.549
1704	0.443
1705	0.510
1706	0.565
1707	0.443
1708	0.514
1709	0.584
1710	0.427
1711	0.675
1712	0.498
1713	0.435
1714	0.678
1715	0.498
1716	0.439
1717	0.667
1718	0.498
1719	0.451
1720	0.686
1721	0.498
1722	0.455
1723	0.675
1724	0.498
1725	0.455
1726	0.686
1727	0.498
1728	0.467
1729	0.686
1730	0.498
1731	0.467
1732	0.675
1733	0.498
1734	0.482
1735	0.694
1736	0.498
1737	0.490
1738	0.682
1739	0.498
1740	0.490
1741	0.702
1742	0.498
1743	0.463
1744	0.690
1745	0.518
1746	0.443
1747	0.698
1748	0.522
1749	0.498
1750	0.686
1751	0.780
1752	0.498
1753	0.710
1754	0.780
1755	0.498
1756	0.106
1757	0.459
1758	0.518
1759	0.125
1760	0.455
1761	0.498
1762	0.125
1763	0.498
1764	0.533
1765	0.153
1766	0.498
1767	0.506
1768	0.118
1769	0.498
1770	0.529
1771	0.137
1772	0.498
1773	0.529
1774	0.133
1775	0.420
1776	0.498
1777	0.149
1778	0.376
1779	0.529
1780	0.169
1781	0.388
1782	0.529
1783	0.169
1784	0.388
1785	0.498
1786	0.153
1787	0.376
1788	0.498
1789	0.149
1790	0.376
1791	0.498
1792	0.184
1793	0.353
1794	0.498
1795	0.173
1796	0.345
1797	0.498
1798	0.141
1799	0.369
1800	0.514
1801	0.188
1802	0.353
1803	0.529
1804	0.169
1805	0.388
1806	0.529
1807	0.188
1808	0.361
1809	0.522
1810	0.145
1811	0.125
1812	0.498
1813	0.161
1814	0.125
1815	0.518
1816	0.165
1817	0.106
1818	0.498
1819	0.165
1820	0.106
1821	0.518
1822	0.176
1823	0.106
1824	0.498
1825	0.176
1826	0.106
1827	0.514
1828	0.463
1829	0.443
1830	0.506
1831	0.463
1832	0.424
1833	0.529
1834	0.482
1835	0.439
1836	0.525
1837	0.482
1838	0.424
1839	0.557
1840	0.498
1841	0.443
1842	0.557
1843	0.490
1844	0.455
1845	0.506
1846	0.463
1847	0.482
1848	0.510
1849	0.447
1850	0.498
1851	0.525
1852	0.471
1853	0.478
1854	0.537
1855	0.443
1856	0.490
1857	0.553
1858	0.455
1859	0.494
1860	0.514
1861	0.427
1862	0.247
1863	0.537
1864	0.427
1865	0.271
1866	0.525
1867	0.408
1868	0.302
1869	0.518
1870	0.125
1871	0.455
1872	0.533
1873	0.129
1874	0.471
1875	0.533
1876	0.153
1877	0.498
1878	0.545
1879	0.129
1880	0.498
1881	0.537
1882	0.122
1883	0.498
1884	0.529
1885	0.137
1886	0.498
1887	0.553
1888	0.455
1889	0.494
1890	0.518
1891	0.475
1892	0.494
1893	0.525
1894	0.471
1895	0.478
1896	0.506
1897	0.463
1898	0.482
1899	0.498
1900	0.463
1901	0.498
1902	0.514
1903	0.471
1904	0.498
1905	0.502
1906	0.451
1907	0.498
1908	0.514
1909	0.459
1910	0.498
1911	0.525
1912	0.498
1913	0.424
1914	0.518
1915	0.498
1916	0.431
1917	0.514
1918	0.498
1919	0.424
1920	0.557
1921	0.188
1922	0.345
1923	0.529
1924	0.188
1925	0.361
1926	0.549
1927	0.165
1928	0.357
1929	0.533
1930	0.129
1931	0.443
1932	0.545
1933	0.098
1934	0.463
1935	0.557
1936	0.125
1937	0.498
1938	0.549
1939	0.114
1940	0.498
1941	0.557
1942	0.114
1943	0.498
1944	0.541
1945	0.325
1946	0.259
1947	0.557
1948	0.286
1949	0.290
1950	0.537
1951	0.349
1952	0.298
1953	0.576
1954	0.129
1955	0.463
1956	0.545
1957	0.098
1958	0.463
1959	0.557
1960	0.125
1961	0.498
1962	0.565
1963	0.467
1964	0.408
1965	0.592
1966	0.459
1967	0.380
1968	0.545
1969	0.431
1970	0.404
1971	0.580
1972	0.447
1973	0.357
1974	0.588
1975	0.392
1976	0.176
1977	0.565
1978	0.420
1979	0.149
1980	0.588
1981	0.416
1982	0.153
1983	0.612
1984	0.447
1985	0.133
1986	0.608
1987	0.420
1988	0.145
1989	0.616
1990	0.267
1991	0.294
1992	0.580
1993	0.271
1994	0.302
1995	0.600
1996	0.243
1997	0.290
1998	0.584
1999	0.212
2000	0.345
2001	0.596
2002	0.200
2003	0.341
2004	0.588
2005	0.184
2006	0.373
2007	0.600
2008	0.188
2009	0.325
2010	0.600
2011	0.161
2012	0.365
2013	0.592
2014	0.404
2015	0.204
2016	0.616
2017	0.392
2018	0.200
2019	0.588
2020	0.392
2021	0.176
2022	0.604
2023	0.384
2024	0.180
2025	0.592
2026	0.129
2027	0.443
2028	0.596
2029	0.098
2030	0.459
2031	0.592
2032	0.129
2033	0.463
2034	0.596
2035	0.125
2036	0.498
2037	0.584
2038	0.157
2039	0.498
2040	0.584
2041	0.122
2042	0.498
2043	0.596
2044	0.463
2045	0.329
2046	0.624
2047	0.482
2048	0.341
2049	0.600
2050	0.482
2051	0.365
2052	0.627
2053	0.498
2054	0.341
2055	0.612
2056	0.498
2057	0.349
2058	0.608
2059	0.498
2060	0.337
2061	0.616
2062	0.498
2063	0.333
2064	0.616
2065	0.267
2066	0.294
2067	0.604
2068	0.255
2069	0.271
2070	0.600
2071	0.243
2072	0.290
2073	0.600
2074	0.341
2075	0.188
2076	0.600
2077	0.302
2078	0.220
2079	0.631
2080	0.337
2081	0.192
2082	0.635
2083	0.310
2084	0.231
2085	0.600
2086	0.318
2087	0.231
2088	0.600
2089	0.302
2090	0.220
2091	0.612
2092	0.361
2093	0.224
2094	0.600
2095	0.341
2096	0.188
2097	0.608
2098	0.129
2099	0.439
2100	0.624
2101	0.122
2102	0.420
2103	0.667
2104	0.133
2105	0.439
2106	0.651
2107	0.114
2108	0.404
2109	0.667
2110	0.114
2111	0.400
2112	0.624
2113	0.290
2114	0.286
2115	0.643
2116	0.314
2117	0.286
2118	0.608
2119	0.298
2120	0.275
2121	0.627
2122	0.322
2123	0.271
2124	0.612
2125	0.447
2126	0.133
2127	0.608
2128	0.420
2129	0.145
2130	0.616
2131	0.463
2132	0.106
2133	0.608
2134	0.435
2135	0.106
2136	0.604
2137	0.463
2138	0.106
2139	0.596
2140	0.439
2141	0.106
2142	0.596
2143	0.435
2144	0.106
2145	0.596
2146	0.431
2147	0.106
2148	0.596
2149	0.420
2150	0.106
2151	0.608
2152	0.424
2153	0.106
2154	0.604
2155	0.412
2156	0.106
2157	0.600
2158	0.404
2159	0.141
2160	0.612
2161	0.027
2162	0.153
2163	0.627
2164	0.020
2165	0.129
2166	0.647
2167	0.016
2168	0.176
2169	0.655
2170	0.027
2171	0.110
2172	0.651
2173	0.024
2174	0.106
2175	0.635
2176	0.024
2177	0.106
2178	0.635
2179	0.012
2180	0.106
2181	0.631
2182	0.012
2183	0.106
2184	0.627
2185	0.016
2186	0.106
2187	0.639
2188	0.318
2189	0.298
2190	0.682
2191	0.341
2192	0.302
2193	0.655
2194	0.310
2195	0.298
2196	0.686
2197	0.306
2198	0.302
2199	0.651
2200	0.078
2201	0.451
2202	0.651
2203	0.063
2204	0.431
2205	0.651
2206	0.098
2207	0.439
2208	0.651
2209	0.086
2210	0.416
2211	0.667
2212	0.118
2213	0.435
2214	0.659
2215	0.298
2216	0.337
2217	0.651
2218	0.314
2219	0.349
2220	0.686
2221	0.306
2222	0.357
2223	0.655
2224	0.349
2225	0.353
2226	0.686
2227	0.353
2228	0.357
2229	0.655
2230	0.271
2231	0.314
2232	0.655
2233	0.294
2234	0.290
2235	0.659
2236	0.298
2237	0.337
2238	0.655
2239	0.310
2240	0.298
2241	0.655
2242	0.310
2243	0.298
2244	0.686
2245	0.306
2246	0.302
2247	0.659
2248	0.298
2249	0.337
2250	0.686
2251	0.306
2252	0.357
2253	0.663
2254	0.106
2255	0.471
2256	0.667
2257	0.086
2258	0.463
2259	0.663
2260	0.125
2261	0.498
2262	0.675
2263	0.106
2264	0.498
2265	0.663
2266	0.102
2267	0.498
2268	0.667
2269	0.098
2270	0.498
2271	0.671
2272	0.094
2273	0.498
2274	0.694
2275	0.165
2276	0.161
2277	0.686
2278	0.196
2279	0.122
2280	0.714
2281	0.196
2282	0.153
2283	0.694
2284	0.220
2285	0.106
2286	0.698
2287	0.227
2288	0.106
2289	0.686
2290	0.231
2291	0.106
2292	0.725
2293	0.184
2294	0.161
2295	0.769
2296	0.180
2297	0.157
2298	0.710
2299	0.173
2300	0.173
2301	0.769
2302	0.165
2303	0.176
2304	0.753
2305	0.184
2306	0.208
2307	0.765
2308	0.176
2309	0.196
2310	0.753
2311	0.125
2312	0.286
2313	0.733
2314	0.133
2315	0.302
2316	0.769
2317	0.122
2318	0.294
2319	0.769
2320	0.129
2321	0.314
2322	0.741
2323	0.102
2324	0.325
2325	0.769
2326	0.114
2327	0.329
2328	0.733
2329	0.133
2330	0.302
2331	0.769
2332	0.129
2333	0.314
2334	0.749
2335	0.290
2336	0.141
2337	0.737
2338	0.302
2339	0.141
2340	0.769
2341	0.306
2342	0.145
2343	0.737
2344	0.329
2345	0.118
2346	0.769
2347	0.329
2348	0.125
2349	0.753
2350	0.125
2351	0.286
2352	0.769
2353	0.122
2354	0.294
2355	0.757
2356	0.110
2357	0.286
2358	0.773
2359	0.094
2360	0.318
2361	0.757
2362	0.086
2363	0.310
2364	0.769
2365	0.114
2366	0.329
2367	0.769
2368	0.129
2369	0.314
2370	0.769
2371	0.329
2372	0.125
2373	0.769
2374	0.310
2375	0.114
2376	0.769
2377	0.306
2378	0.145
2379	0.757
2380	0.282
2381	0.129
2382	0.757
2383	0.302
2384	0.106
2385	0.761
2386	0.314
2387	0.106
2388	0.737
2389	0.278
2390	0.106
2391	0.749
2392	0.322
2393	0.106
2394	0.725
2395	0.286
2396	0.106
2397	0.494
2398	0.443
2399	0.498
2400	0.498
2401	0.451
2402	0.498
2403	0.502
2404	0.431
2405	0.498
2406	0.510
2407	0.447
2408	0.498
2409	0.502
2410	0.435
2411	0.482
2412	0.506
2413	0.463
2414	0.482
2415	0.498
2416	0.443
2417	0.478
2418	0.498
2419	0.467
2420	0.475
2421	0.498
2422	0.451
2423	0.486
2424	0.498
2425	0.094
2426	0.459
2427	0.498
2428	0.094
2429	0.467
2430	0.498
2431	0.114
2432	0.502
2433	0.498
2434	0.173
2435	0.129
2436	0.498
2437	0.173
2438	0.125
2439	0.498
2440	0.176
2441	0.110
2442	0.498
2443	0.455
2444	0.478
2445	0.498
2446	0.451
2447	0.478
2448	0.498
2449	0.463
2450	0.482
2451	0.498
2452	0.451
2453	0.482
2454	0.498
2455	0.451
2456	0.498
2457	0.498
2458	0.467
2459	0.475
2460	0.498
2461	0.459
2462	0.482
2463	0.541
2464	0.498
2465	0.447
2466	0.541
2467	0.118
2468	0.498
2469	0.651
2470	0.110
2471	0.498
2472	0.659
2473	0.110
2474	0.498
2475	0.498
2476	0.506
2477	0.443
2478	0.537
2479	0.518
2480	0.435
2481	0.498
2482	0.510
2483	0.443
2484	0.514
2485	0.522
2486	0.459
2487	0.502
2488	0.510
2489	0.463
2490	0.522
2491	0.506
2492	0.424
2493	0.498
2494	0.557
2495	0.376
2496	0.502
2497	0.573
2498	0.376
2499	0.525
2500	0.529
2501	0.384
2502	0.529
2503	0.573
2504	0.369
2505	0.506
2506	0.702
2507	0.498
2508	0.498
2509	0.694
2510	0.498
2511	0.506
2512	0.698
2513	0.498
2514	0.498
2515	0.694
2516	0.490
2517	0.506
2518	0.702
2519	0.498
2520	0.498
2521	0.690
2522	0.490
2523	0.498
2524	0.690
2525	0.486
2526	0.518
2527	0.725
2528	0.482
2529	0.498
2530	0.690
2531	0.475
2532	0.498
2533	0.694
2534	0.471
2535	0.498
2536	0.702
2537	0.478
2538	0.498
2539	0.702
2540	0.482
2541	0.498
2542	0.690
2543	0.486
2544	0.498
2545	0.706
2546	0.494
2547	0.537
2548	0.518
2549	0.435
2550	0.522
2551	0.506
2552	0.424
2553	0.557
2554	0.498
2555	0.443
2556	0.525
2557	0.498
2558	0.424
2559	0.518
2560	0.498
2561	0.431
2562	0.541
2563	0.498
2564	0.447
2565	0.529
2566	0.573
2567	0.369
2568	0.553
2569	0.573
2570	0.361
2571	0.561
2572	0.565
2573	0.380
2574	0.569
2575	0.565
2576	0.333
2577	0.580
2578	0.557
2579	0.357
2580	0.569
2581	0.533
2582	0.376
2583	0.533
2584	0.588
2585	0.314
2586	0.569
2587	0.596
2588	0.298
2589	0.545
2590	0.573
2591	0.310
2592	0.576
2593	0.576
2594	0.290
2595	0.553
2596	0.973
2597	0.173
2598	0.553
2599	0.980
2600	0.145
2601	0.533
2602	0.984
2603	0.188
2604	0.518
2605	0.984
2606	0.165
2607	0.518
2608	0.984
2609	0.169
2610	0.514
2611	0.984
2612	0.180
2613	0.506
2614	0.984
2615	0.176
2616	0.506
2617	0.984
2618	0.173
2619	0.506
2620	0.984
2621	0.169
2622	0.506
2623	0.984
2624	0.165
2625	0.506
2626	0.984
2627	0.157
2628	0.518
2629	0.984
2630	0.153
2631	0.541
2632	0.976
2633	0.114
2634	0.541
2635	0.941
2636	0.125
2637	0.537
2638	0.957
2639	0.153
2640	0.561
2641	0.776
2642	0.376
2643	0.541
2644	0.757
2645	0.388
2646	0.576
2647	0.757
2648	0.388
2649	0.557
2650	0.725
2651	0.380
2652	0.600
2653	0.725
2654	0.376
2655	0.580
2656	0.788
2657	0.396
2658	0.569
2659	0.596
2660	0.298
2661	0.600
2662	0.592
2663	0.325
2664	0.549
2665	0.596
2666	0.322
2667	0.557
2668	0.631
2669	0.345
2670	0.573
2671	0.635
2672	0.369
2673	0.584
2674	0.627
2675	0.341
2676	0.588
2677	0.627
2678	0.369
2679	0.620
2680	0.627
2681	0.365
2682	0.616
2683	0.631
2684	0.373
2685	0.600
2686	0.631
2687	0.125
2688	0.616
2689	0.627
2690	0.106
2691	0.561
2692	0.620
2693	0.110
2694	0.600
2695	0.627
2696	0.106
2697	0.569
2698	0.620
2699	0.106
2700	0.569
2701	0.608
2702	0.106
2703	0.557
2704	0.608
2705	0.106
2706	0.557
2707	0.620
2708	0.106
2709	0.537
2710	0.631
2711	0.118
2712	0.541
2713	0.631
2714	0.106
2715	0.549
2716	0.612
2717	0.106
2718	0.537
2719	0.616
2720	0.106
2721	0.522
2722	0.608
2723	0.106
2724	0.616
2725	0.631
2726	0.337
2727	0.588
2728	0.859
2729	0.463
2730	0.584
2731	0.898
2732	0.486
2733	0.620
2734	0.867
2735	0.459
2736	0.608
2737	0.902
2738	0.486
2739	0.624
2740	0.894
2741	0.475
2742	0.588
2743	0.808
2744	0.443
2745	0.624
2746	0.808
2747	0.439
2748	0.588
2749	0.859
2750	0.463
2751	0.620
2752	0.867
2753	0.459
2754	0.608
2755	0.902
2756	0.486
2757	0.624
2758	0.894
2759	0.475
2760	0.604
2761	0.922
2762	0.482
2763	0.616
2764	0.898
2765	0.443
2766	0.608
2767	0.933
2768	0.459
2769	0.620
2770	0.867
2771	0.459
2772	0.624
2773	0.498
2774	0.212
2775	0.635
2776	0.498
2777	0.200
2778	0.651
2779	0.522
2780	0.196
2781	0.671
2782	0.522
2783	0.173
2784	0.635
2785	0.498
2786	0.196
2787	0.639
2788	0.498
2789	0.192
2790	0.671
2791	0.522
2792	0.173
2793	0.635
2794	0.604
2795	0.180
2796	0.655
2797	0.561
2798	0.165
2799	0.624
2800	0.569
2801	0.212
2802	0.671
2803	0.522
2804	0.173
2805	0.663
2806	0.525
2807	0.145
2808	0.639
2809	0.498
2810	0.192
2811	0.643
2812	0.498
2813	0.141
2814	0.627
2815	0.498
2816	0.188
2817	0.631
2818	0.498
2819	0.141
2820	0.667
2821	0.722
2822	0.282
2823	0.678
2824	0.710
2825	0.282
2826	0.667
2827	0.729
2828	0.341
2829	0.671
2830	0.698
2831	0.302
2832	0.671
2833	0.698
2834	0.349
2835	0.667
2836	0.749
2837	0.302
2838	0.667
2839	0.765
2840	0.345
2841	0.667
2842	0.729
2843	0.341
2844	0.682
2845	0.859
2846	0.196
2847	0.686
2848	0.804
2849	0.176
2850	0.698
2851	0.843
2852	0.204
2853	0.694
2854	0.773
2855	0.180
2856	0.682
2857	0.929
2858	0.455
2859	0.686
2860	0.914
2861	0.498
2862	0.694
2863	0.949
2864	0.463
2865	0.694
2866	0.941
2867	0.498
2868	0.682
2869	0.945
2870	0.498
2871	0.682
2872	0.929
2873	0.498
2874	0.733
2875	0.812
2876	0.282
2877	0.729
2878	0.773
2879	0.282
2880	0.729
2881	0.773
2882	0.318
2883	0.733
2884	0.812
2885	0.282
2886	0.757
2887	0.816
2888	0.294
2889	0.729
2890	0.839
2891	0.306
2892	0.753
2893	0.847
2894	0.306
2895	0.729
2896	0.867
2897	0.306
2898	0.753
2899	0.878
2900	0.290
2901	0.757
2902	0.816
2903	0.294
2904	0.733
2905	0.812
2906	0.282
2907	0.753
2908	0.820
2909	0.259
2910	0.733
2911	0.827
2912	0.247
2913	0.753
2914	0.835
2915	0.243
2916	0.486
2917	0.737
2918	0.498
2919	0.498
2920	0.745
2921	0.498
2922	0.498
2923	0.722
2924	0.498
2925	0.510
2926	0.725
2927	0.498
2928	0.498
2929	0.714
2930	0.498
2931	0.494
2932	0.710
2933	0.498
2934	0.490
2935	0.702
2936	0.498
2937	0.506
2938	0.714
2939	0.498
2940	0.518
2941	0.498
2942	0.412
2943	0.514
2944	0.498
2945	0.424
2946	0.553
2947	0.608
2948	0.106
2949	0.600
2950	0.616
2951	0.106
2952	0.616
2953	0.616
2954	0.106
2955	0.627
2956	0.498
2957	0.188
2958	0.525
2959	0.086
2960	0.722
2961	0.498
2962	0.055
2963	0.722
2964	0.498
2965	0.102
2966	0.718
2967	0.498
2968	0.075
2969	0.710
2970	0.498
2971	0.098
2972	0.706
2973	0.514
2974	0.067
2975	0.725
2976	0.525
2977	0.106
2978	0.718
2979	0.553
2980	0.090
2981	0.718
2982	0.498
2983	0.357
2984	0.647
2985	0.522
2986	0.357
2987	0.647
2988	0.498
2989	0.369
2990	0.635
2991	0.525
2992	0.380
2993	0.643
2994	0.498
2995	0.376
2996	0.635
2997	0.522
2998	0.357
2999	0.647
3000	0.525
3001	0.380
3002	0.643
3003	0.498
3004	0.369
3005	0.659
3006	0.498
3007	0.380
3008	0.651
3009	0.498
3010	0.369
3011	0.647
3012	0.498
3013	0.420
3014	0.639
3015	0.498
3016	0.439
3017	0.631
3018	0.502
3019	0.416
3020	0.643
3021	0.514
3022	0.443
3023	0.631
3024	0.518
3025	0.416
3026	0.635
3027	0.506
3028	0.447
3029	0.592
3030	0.514
3031	0.435
3032	0.584
3033	0.498
3034	0.451
3035	0.588
3036	0.498
3037	0.412
3038	0.545
3039	0.498
3040	0.435
3041	0.588
3042	0.498
3043	0.408
3044	0.557
3045	0.522
3046	0.408
3047	0.553
3048	0.537
3049	0.416
3050	0.576
3051	0.518
3052	0.325
3053	0.663
3054	0.514
3055	0.345
3056	0.663
3057	0.506
3058	0.318
3059	0.659
3060	0.498
3061	0.329
3062	0.663
3063	0.498
3064	0.318
3065	0.671
3066	0.498
3067	0.329
3068	0.678
3069	0.518
3070	0.325
3071	0.663
3072	0.514
3073	0.345
3074	0.663
3075	0.518
3076	0.333
3077	0.675
3078	0.498
3079	0.349
3080	0.675
3081	0.498
3082	0.314
3083	0.690
3084	0.498
3085	0.329
3086	0.671
3087	0.514
3088	0.482
3089	0.773
3090	0.525
3091	0.490
3092	0.749
3093	0.525
3094	0.471
3095	0.773
3096	0.561
3097	0.490
3098	0.749
3099	0.525
3100	0.035
3101	0.827
3102	0.518
3103	0.012
3104	0.835
3105	0.545
3106	0.012
3107	0.831
3108	0.514
3109	0.012
3110	0.824
3111	0.541
3112	0.012
3113	0.820
3114	0.525
3115	0.471
3116	0.773
3117	0.561
3118	0.490
3119	0.749
3120	0.557
3121	0.478
3122	0.780
3123	0.561
3124	0.498
3125	0.753
3126	0.557
3127	0.498
3128	0.773
3129	0.549
3130	0.498
3131	0.765
3132	0.545
3133	0.498
3134	0.773
3135	0.580
3136	0.024
3137	0.769
3138	0.604
3139	0.012
3140	0.792
3141	0.584
3142	0.016
3143	0.800
3144	0.588
3145	0.486
3146	0.753
3147	0.620
3148	0.486
3149	0.753
3150	0.600
3151	0.482
3152	0.773
3153	0.600
3154	0.212
3155	0.608
3156	0.616
3157	0.224
3158	0.627
3159	0.608
3160	0.227
3161	0.592
3162	0.612
3163	0.243
3164	0.612
3165	0.663
3166	0.078
3167	0.718
3168	0.663
3169	0.043
3170	0.659
3171	0.631
3172	0.063
3173	0.682
3174	0.663
3175	0.078
3176	0.718
3177	0.667
3178	0.098
3179	0.725
3180	0.671
3181	0.098
3182	0.698
3183	0.667
3184	0.153
3185	0.686
3186	0.678
3187	0.133
3188	0.678
3189	0.671
3190	0.196
3191	0.631
3192	0.675
3193	0.169
3194	0.655
3195	0.702
3196	0.184
3197	0.627
3198	0.702
3199	0.157
3200	0.647
3201	0.702
3202	0.157
3203	0.647
3204	0.722
3205	0.161
3206	0.659
3207	0.718
3208	0.133
3209	0.651
3210	0.722
3211	0.161
3212	0.659
3213	0.722
3214	0.141
3215	0.671
3216	0.749
3217	0.157
3218	0.655
3219	0.749
3220	0.137
3221	0.671
3222	0.753
3223	0.055
3224	0.525
3225	0.729
3226	0.078
3227	0.522
3228	0.737
3229	0.063
3230	0.510
3231	0.737
3232	0.055
3233	0.498
3234	0.769
3235	0.055
3236	0.498
3237	0.769
3238	0.059
3239	0.510
3240	0.706
3241	0.082
3242	0.498
3243	0.725
3244	0.047
3245	0.498
3246	0.729
3247	0.043
3248	0.498
3249	0.769
3250	0.059
3251	0.510
3252	0.737
3253	0.063
3254	0.510
3255	0.753
3256	0.055
3257	0.525
3258	0.745
3259	0.020
3260	0.529
3261	0.773
3262	0.020
3263	0.541
3264	0.753
3265	0.043
3266	0.537
3267	0.769
3268	0.059
3269	0.510
3270	0.753
3271	0.055
3272	0.525
3273	0.749
3274	0.137
3275	0.671
3276	0.749
3277	0.149
3278	0.694
3279	0.749
3280	0.157
3281	0.655
3282	0.749
3283	0.173
3284	0.675
3285	0.769
3286	0.055
3287	0.498
3288	0.769
3289	0.051
3290	0.498
3291	0.769
3292	0.059
3293	0.510
3294	0.773
3295	0.016
3296	0.518
3297	0.773
3298	0.020
3299	0.541
3300	0.498
3301	0.329
3302	0.671
3303	0.498
3304	0.349
3305	0.675
3306	0.498
3307	0.341
3308	0.667
3309	0.498
3310	0.329
3311	0.675
3312	0.498
3313	0.333
3314	0.675
3315	0.498
3316	0.341
3317	0.682
3318	0.498
3319	0.353
3320	0.686
3321	0.498
3322	0.361
3323	0.675
3324	0.498
3325	0.502
3326	0.788
3327	0.498
3328	0.498
3329	0.776
3330	0.498
3331	0.494
3332	0.792
3333	0.498
3334	0.490
3335	0.780
3336	0.514
3337	0.482
3338	0.773
3339	0.510
3340	0.498
3341	0.773
3342	0.525
3343	0.490
3344	0.749
3345	0.522
3346	0.498
3347	0.753
3348	0.561
3349	0.490
3350	0.749
3351	0.561
3352	0.498
3353	0.753
3354	0.529
3355	0.498
3356	0.765
3357	0.549
3358	0.498
3359	0.765
3360	0.502
3361	0.498
3362	0.788
3363	0.514
3364	0.498
3365	0.784
3366	0.518
3367	0.498
3368	0.784
3369	0.522
3370	0.498
3371	0.780
3372	0.694
3373	0.075
3374	0.498
3375	0.698
3376	0.075
3377	0.498
3378	0.722
3379	0.412
3380	0.890
3381	0.733
3382	0.404
3383	0.890
3384	0.729
3385	0.416
3386	0.890
3387	0.733
3388	0.416
3389	0.890
3390	0.753
3391	0.400
3392	0.890
3393	0.757
3394	0.392
3395	0.875
3396	0.765
3397	0.392
3398	0.890
3399	0.776
3400	0.384
3401	0.890
3402	0.780
3403	0.388
3404	0.890
3405	0.788
3406	0.380
3407	0.890
3408	0.769
3409	0.376
3410	0.890
3411	0.757
3412	0.412
3413	0.890
3414	0.761
3415	0.412
3416	0.890
3417	0.769
3418	0.404
3419	0.890
3420	0.784
3421	0.400
3422	0.890
3423	0.784
3424	0.392
3425	0.890
3426	0.792
3427	0.392
3428	0.890
3429	0.788
3430	0.396
3431	0.890
3432	0.498
3433	0.694
3434	0.498
3435	0.498
3436	0.702
3437	0.514
3438	0.506
3439	0.702
3440	0.498
3441	0.498
3442	0.733
3443	0.522
3444	0.510
3445	0.725
3446	0.498
3447	0.498
3448	0.741
3449	0.498
3450	0.498
3451	0.729
3452	0.494
3453	0.498
3454	0.725
3455	0.506
3456	0.498
3457	0.710
3458	0.502
3459	0.498
3460	0.706
3461	0.494
3462	0.525
3463	0.780
3464	0.776
3465	0.506
3466	0.808
3467	0.769
3468	0.506
3469	0.761
3470	0.792
3471	0.498
3472	0.780
3473	0.780
3474	0.498
3475	0.808
3476	0.765
3477	0.506
3478	0.820
3479	0.749
3480	0.525
3481	0.812
3482	0.761
3483	0.525
3484	0.780
3485	0.776
3486	0.529
3487	0.753
3488	0.773
3489	0.561
3490	0.569
3491	0.757
3492	0.525
3493	0.573
3494	0.761
3495	0.549
3496	0.573
3497	0.773
3498	0.529
3499	0.584
3500	0.784
3501	0.549
3502	0.576
3503	0.784
3504	0.569
3505	0.529
3506	0.769
3507	0.549
3508	0.549
3509	0.780
3510	0.561
3511	0.553
3512	0.784
3513	0.549
3514	0.576
3515	0.784
3516	0.584
3517	0.576
3518	0.769
3519	0.569
3520	0.882
3521	0.541
3522	0.553
3523	0.859
3524	0.569
3525	0.565
3526	0.882
3527	0.588
3528	0.584
3529	0.863
3530	0.576
3531	0.620
3532	0.859
3533	0.580
3534	0.565
3535	0.882
3536	0.588
3537	0.616
3538	0.878
3539	0.596
3540	0.569
3541	0.816
3542	0.745
3543	0.584
3544	0.800
3545	0.737
3546	0.620
3547	0.820
3548	0.757
3549	0.620
3550	0.800
3551	0.745
3552	0.624
3553	0.773
3554	0.773
3555	0.588
3556	0.780
3557	0.773
3558	0.624
3559	0.780
3560	0.800
3561	0.592
3562	0.792
3563	0.804
3564	0.635
3565	0.784
3566	0.804
3567	0.655
3568	0.824
3569	0.757
3570	0.651
3571	0.812
3572	0.792
3573	0.686
3574	0.824
3575	0.749
3576	0.686
3577	0.800
3578	0.796
3579	0.671
3580	0.894
3581	0.749
3582	0.667
3583	0.882
3584	0.718
3585	0.675
3586	0.878
3587	0.725
3588	0.682
3589	0.875
3590	0.714
3591	0.690
3592	0.863
3593	0.698
3594	0.686
3595	0.855
3596	0.737
3597	0.675
3598	0.890
3599	0.627
3600	0.690
3601	0.878
3602	0.631
3603	0.671
3604	0.918
3605	0.631
3606	0.702
3607	0.902
3608	0.643
3609	0.698
3610	0.925
3611	0.643
3612	0.694
3613	0.918
3614	0.573
3615	0.718
3616	0.902
3617	0.573
3618	0.718
3619	0.910
3620	0.592
3621	0.722
3622	0.906
3623	0.588
3624	0.490
3625	0.702
3626	0.498
3627	0.494
3628	0.706
3629	0.498
3630	0.498
3631	0.722
3632	0.498
3633	0.490
3634	0.733
3635	0.498
3636	0.498
3637	0.780
3638	0.792
3639	0.498
3640	0.784
3641	0.788
3642	0.498
3643	0.812
3644	0.773
3645	0.588
3646	0.894
3647	0.498
3648	0.584
3649	0.894
3650	0.498
3651	0.584
3652	0.890
3653	0.498
3654	0.624
3655	0.875
3656	0.533
3657	0.635
3658	0.886
3659	0.502
3660	0.627
3661	0.890
3662	0.498
3663	0.596
3664	0.902
3665	0.498
3666	0.616
3667	0.902
3668	0.498
3669	0.655
3670	0.984
3671	0.769
3672	0.667
3673	0.984
3674	0.769
3675	0.655
3676	0.984
3677	0.804
3678	0.667
3679	0.984
3680	0.804
3681	0.655
3682	0.984
3683	0.808
3684	0.671
3685	0.984
3686	0.816
3687	0.659
3688	0.984
3689	0.820
3690	0.663
3691	0.984
3692	0.824
3693	0.667
3694	0.937
3695	0.773
3696	0.431
3697	0.051
3698	0.133
3699	0.424
3700	0.094
3701	0.133
3702	0.439
3703	0.071
3704	0.114
3705	0.431
3706	0.114
3707	0.110
3708	0.443
3709	0.314
3710	0.490
3711	0.447
3712	0.329
3713	0.471
3714	0.443
3715	0.325
3716	0.498
3717	0.439
3718	0.353
3719	0.498
3720	0.427
3721	0.341
3722	0.498
3723	0.431
3724	0.910
3725	0.180
3726	0.416
3727	0.878
3728	0.169
3729	0.431
3730	0.851
3731	0.180
3732	0.416
3733	0.878
3734	0.169
3735	0.431
3736	0.851
3737	0.180
3738	0.435
3739	0.835
3740	0.149
3741	0.427
3742	0.812
3743	0.165
3744	0.420
3745	0.675
3746	0.357
3747	0.427
3748	0.631
3749	0.361
3750	0.435
3751	0.667
3752	0.392
3753	0.427
3754	0.631
3755	0.361
3756	0.431
3757	0.663
3758	0.357
3759	0.427
3760	0.631
3761	0.345
3762	0.420
3763	0.675
3764	0.357
3765	0.435
3766	0.667
3767	0.392
3768	0.427
3769	0.631
3770	0.361
3771	0.427
3772	0.631
3773	0.361
3774	0.427
3775	0.631
3776	0.345
3777	0.435
3778	0.588
3779	0.376
3780	0.435
3781	0.584
3782	0.329
3783	0.427
3784	0.910
3785	0.204
3786	0.431
3787	0.910
3788	0.180
3789	0.443
3790	0.957
3791	0.200
3792	0.447
3793	0.910
3794	0.169
3795	0.431
3796	0.737
3797	0.451
3798	0.431
3799	0.749
3800	0.498
3801	0.431
3802	0.773
3803	0.463
3804	0.416
3805	0.584
3806	0.498
3807	0.416
3808	0.576
3809	0.498
3810	0.427
3811	0.576
3812	0.498
3813	0.416
3814	0.569
3815	0.498
3816	0.424
3817	0.561
3818	0.498
3819	0.435
3820	0.565
3821	0.498
3822	0.431
3823	0.549
3824	0.471
3825	0.435
3826	0.537
3827	0.498
3828	0.443
3829	0.537
3830	0.475
3831	0.443
3832	0.529
3833	0.498
3834	0.427
3835	0.529
3836	0.498
3837	0.424
3838	0.533
3839	0.498
3840	0.424
3841	0.537
3842	0.498
3843	0.408
3844	0.494
3845	0.553
3846	0.420
3847	0.498
3848	0.596
3849	0.412
3850	0.498
3851	0.565
3852	0.427
3853	0.498
3854	0.573
3855	0.424
3856	0.498
3857	0.561
3858	0.408
3859	0.498
3860	0.553
3861	0.420
3862	0.475
3863	0.561
3864	0.412
3865	0.239
3866	0.612
3867	0.412
3868	0.216
3869	0.612
3870	0.439
3871	0.224
3872	0.627
3873	0.443
3874	0.188
3875	0.651
3876	0.424
3877	0.325
3878	0.588
3879	0.451
3880	0.325
3881	0.580
3882	0.416
3883	0.337
3884	0.604
3885	0.451
3886	0.353
3887	0.604
3888	0.424
3889	0.337
3890	0.631
3891	0.420
3892	0.388
3893	0.545
3894	0.420
3895	0.392
3896	0.498
3897	0.416
3898	0.357
3899	0.498
3900	0.416
3901	0.369
3902	0.498
3903	0.404
3904	0.357
3905	0.498
3906	0.451
3907	0.388
3908	0.533
3909	0.451
3910	0.353
3911	0.518
3912	0.420
3913	0.388
3914	0.545
3915	0.443
3916	0.012
3917	0.737
3918	0.443
3919	0.012
3920	0.749
3921	0.443
3922	0.020
3923	0.725
3924	0.447
3925	0.039
3926	0.761
3927	0.447
3928	0.051
3929	0.725
3930	0.443
3931	0.012
3932	0.737
3933	0.443
3934	0.012
3935	0.749
3936	0.443
3937	0.020
3938	0.725
3939	0.443
3940	0.012
3941	0.753
3942	0.443
3943	0.012
3944	0.765
3945	0.447
3946	0.039
3947	0.761
3948	0.447
3949	0.051
3950	0.725
3951	0.443
3952	0.012
3953	0.753
3954	0.443
3955	0.012
3956	0.765
3957	0.431
3958	0.725
3959	0.737
3960	0.451
3961	0.733
3962	0.733
3963	0.420
3964	0.753
3965	0.737
3966	0.459
3967	0.769
3968	0.718
3969	0.451
3970	0.800
3971	0.718
3972	0.431
3973	0.506
3974	0.498
3975	0.427
3976	0.525
3977	0.498
3978	0.431
3979	0.498
3980	0.518
3981	0.424
3982	0.498
3983	0.529
3984	0.427
3985	0.498
3986	0.533
3987	0.431
3988	0.835
3989	0.694
3990	0.431
3991	0.847
3992	0.667
3993	0.439
3994	0.831
3995	0.702
3996	0.451
3997	0.847
3998	0.663
3999	0.455
4000	0.816
4001	0.671
4002	0.000
4003	0.000
4004	0.000
4005	0.000
4006	0.000
4007	0.000
4008	0.000
4009	0.000
4010	0.000
4011	0.000
4012	0.000
4013	0.000
4014	0.000
4015	0.000
4016	0.000
4017	0.000
4018	0.000
4019	0.000
4020	0.000
4021	0.000
4022	0.000
4023	0.000
4024	0.000
4025	0.000
4026	0.000
4027	0.000
4028	0.000
4029	0.000
4030	0.000
4031	0.000
4032	0.000
4033	0.000
4034	0.000
4035	0.000
4036	0.000
4037	0.000
4038	0.000
4039	0.000
4040	0.000
4041	0.000
4042	0.000
4043	0.000
4044	0.000
4045	0.000
4046	0.000
4047	0.000
4048	0.000
4049	0.000
4050	0.000
4051	0.000
4052	0.000
4053	0.000
4054	0.000
4055	0.000
4056	0.000
4057	0.000
4058	0.000
4059	0.000
4060	0.000
4061	0.000
4062	0.000
4063	0.000
4064	0.000
4065	0.000
4066	0.000
4067	0.000
4068	0.000
4069	0.000
4070	0.000
4071	0.000
4072	0.000
4073	0.000
4074	0.000
4075	0.000
4076	0.000
4077	0.000
4078	0.000
4079	0.000
4080	0.000
4081	0.000
4082	0.000
4083	0.000
4084	0.000
4085	0.000
4086	0.000
4087	0.000
4088	0.000
4089	0.000
4090	0.000
4091	0.000
4092	0.000
4093	0.000
4094	0.000
4095	0.000
4096	0.000
4097	0.000
4098	0.000
4099	0.000
4100	0.000
4101	0.000
4102	0.000
4103	0.000
4104	0.000
4105	0.000
4106	0.000
4107	0.000
4108	0.000
4109	0.000
4110	0.000
4111	0.000
4112	0.000
4113	0.000
4114	0.000
4115	0.000
4116	0.000
4117	0.000
4118	0.000
4119	0.000
4120	0.000
4121	0.000
4122	0.000
4123	0.000
4124	0.000
4125	0.000
4126	0.000
4127	0.000
4128	0.000
4129	0.000
4130	0.000
4131	0.000
4132	0.000
4133	0.000
4134	0.000
4135	0.000
4136	0.000
4137	0.000
4138	0.000
4139	0.000
4140	0.000
4141	0.000
4142	0.000
4143	0.000
4144	0.000
4145	0.000
4146	0.000
4147	0.000
4148	0.000
4149	0.000
4150	0.000
4151	0.000
4152	0.000
4153	0.000
4154	0.000
4155	0.000
4156	0.000
4157	0.000
4158	0.000
4159	0.000
4160	0.000
4161	0.000
4162	0.000
4163	0.000
4164	0.000
4165	0.000
4166	0.000
4167	0.000
4168	0.000
4169	0.000
4170	0.000
4171	0.000
4172	0.000
4173	0.000
4174	0.000
4175	0.000
4176	0.000
4177	0.000
4178	0.000
4179	0.000
4180	0.000
4181	0.000
4182	0.000
4183	0.000
4184	0.000
4185	0.000
4186	0.000
4187	0.000
4188	0.000
4189	0.000
4190	0.000
4191	0.000
4192	0.000
4193	0.000
4194	0.000
4195	0.000
4196	0.000
4197	0.000
4198	0.000
4199	0.000
4200	0.000
4201	0.000
4202	0.000
4203	0.000
4204	0.000
4205	0.000
4206	0.000
4207	0.000
4208	0.000
4209	0.000
4210	0.000
4211	0.000
4212	0.000
4213	0.000
4214	0.000
4215	0.000
4216	0.000
4217	0.000
4218	0.000
4219	0.000
4220	0.000
4221	0.000
4222	0.000
4223	0.000
4224	0.000
4225	0.000
4226	0.000
4227	0.000
4228	0.000
4229	0.000
4230	0.000
4231	0.000
4232	0.000
4233	0.000
4234	0.000
4235	0.000
4236	0.000
4237	0.000
4238	0.000
4239	0.000
4240	0.000
4241	0.000
4242	0.000
4243	0.000
4244	0.000
4245	0.000
4246	0.000
4247	0.000
4248	0.000
4249	0.000
4250	0.000
4251	0.000
4252	0.000
4253	0.000
4254	0.000
4255	0.000
4256	0.000
4257	0.000
4258	0.000
4259	0.000
4260	0.000
4261	0.000
4262	0.000
4263	0.000
4264	0.000
4265	0.000
4266	0.000
4267	0.000
4268	0.000
4269	0.000
4270	0.000
4271	0.000
4272	0.000
4273	0.000
4274	0.000
4275	0.000
4276	0.000
4277	0.000
4278	0.000
4279	0.000
4280	0.000
4281	0.000
4282	0.000
4283	0.000
4284	0.000
4285	0.000
4286	0.000
4287	0.000
4288	0.000
4289	0.000
4290	0.000
4291	0.000
4292	0.000
4293	0.000
4294	0.000
4295	0.000
4296	0.000
4297	0.000
4298	0.000
4299	0.000
4300	0.000
4301	0.000
4302	0.000
4303	0.000
4304	0.000
4305	0.000
4306	0.000
4307	0.000
4308	0.000
4309	0.000
4310	0.000
4311	0.000
4312	0.000
4313	0.000
4314	0.000
4315	0.000
4316	0.000
4317	0.000
4318	0.000
4319	0.000
4320	0.000
4321	0.000
4322	0.000
4323	0.000
4324	0.000
4325	0.000
4326	0.000
4327	0.000
4328	0.000
4329	0.000
4330	0.000
4331	0.000
4332	0.000
4333	0.000
4334	0.000
4335	0.000
4336	0.000
4337	0.000
4338	0.000
4339	0.000
4340	0.000
4341	0.000
4342	0.000
4343	0.000
4344	0.000
4345	0.000
4346	0.000
4347	0.000
4348	0.000
4349	0.000
4350	0.000
4351	0.000
4352	0.000
4353	0.000
4354	0.000
4355	0.000
4356	0.000
4357	0.000
4358	0.000
4359	0.000
4360	0.000
4361	0.000
4362	0.000
4363	0.000
4364	0.000
4365	0.000
4366	0.000
4367	0.000
4368	0.000
4369	0.000
4370	0.000
4371	0.000
4372	0.000
4373	0.000
4374	0.000
4375	0.000
4376	0.000
4377	0.000
4378	0.000
4379	0.000
4380	0.000
4381	0.000
4382	0.000
4383	0.000
4384	0.000
4385	0.000
4386	0.000
4387	0.000
4388	0.000
4389	0.000
4390	0.000
4391	0.000
4392	0.000
4393	0.000
4394	0.000
4395	0.000
4396	0.000
4397	0.000
4398	0.000
4399	0.000
4400	0.000
4401	0.000
4402	0.000
4403	0.000
4404	0.000
4405	0.000
4406	0.000
4407	0.000
4408	0.000
4409	0.000
4410	0.000
4411	0.000
4412	0.000
4413	0.000
4414	0.000
4415	0.000
4416	0.000
4417	0.000
4418	0.000
4419	0.000
4420	0.000
4421	0.000
4422	0.000
4423	0.000
4424	0.000
4425	0.000
4426	0.000
4427	0.000
4428	0.000
4429	0.000
4430	0.000
4431	0.000
4432	0.000
4433	0.000
4434	0.000
4435	0.000
4436	0.000
4437	0.000
4438	0.000
4439	0.000
4440	0.000
4441	0.000
4442	0.000
4443	0.000
4444	0.000
4445	0.000
4446	0.000
4447	0.000
4448	0.000
4449	0.000
4450	0.000
4451	0.000
4452	0.000
4453	0.000
4454	0.000
4455	0.000
4456	0.000
4457	0.000
4458	0.000
4459	0.000
4460	0.000
4461	0.000
4462	0.000
4463	0.000
4464	0.000
4465	0.000
4466	0.000
4467	0.000
4468	0.000
4469	0.000
4470	0.000
4471	0.000
4472	0.000
4473	0.000
4474	0.000
4475	0.000
4476	0.000
4477	0.000
4478	0.000
4479	0.000
4480	0.000
4481	0.000
4482	0.000
4483	0.000
4484	0.000
4485	0.000
4486	0.000
4487	0.000
4488	0.000
4489	0.000
4490	0.000
4491	0.000
4492	0.000
4493	0.000
4494	0.000
4495	0.000
4496	0.000
4497	0.000
4498	0.000
4499	0.000
4500	0.000
4501	0.000
4502	0.000
4503	0.000
4504	0.000
4505	0.000
4506	0.000
4507	0.000
4508	0.000
4509	0.000
4510	0.000
4511	0.000
4512	0.000
4513	0.000
4514	0.000
4515	0.000
4516	0.000
4517	0.000
4518	0.000
4519	0.000
4520	0.000
4521	0.000
4522	0.000
4523	0.000
4524	0.000
4525	0.000
4526	0.000
4527	0.000
4528	0.000
4529	0.000
4530	0.000
4531	0.000
4532	0.000
4533	0.000
4534	0.000
4535	0.000
4536	0.000
4537	0.000
4538	0.000
4539	0.000
4540	0.000
4541	0.000
4542	0.000
4543	0.000
4544	0.000
4545	0.000
4546	0.000
4547	0.000
4548	0.000
4549	0.000
4550	0.000
4551	0.000
4552	0.000
4553	0.000
4554	0.000
4555	0.000
4556	0.000
4557	0.000
4558	0.000
4559	0.000
4560	0.000
4561	0.000
4562	0.000
4563	0.000
4564	0.000
4565	0.000
4566	0.000
4567	0.000
4568	0.000
4569	0.000
4570	0.000
4571	0.000
4572	0.000
4573	0.000
4574	0.000
4575	0.000
4576	0.000
4577	0.000
4578	0.000
4579	0.000
4580	0.000
4581	0.000
4582	0.000
4583	0.000
4584	0.000
4585	0.000
4586	0.000
4587	0.000
4588	0.000
4589	0.000
4590	0.000
4591	0.000
4592	0.000
4593	0.000
4594	0.000
4595	0.000
4596	0.000
4597	0.000
4598	0.000
4599	0.000
4600	0.000
4601	0.000
4602	0.000
4603	0.000
4604	0.000
4605	0.000
4606	0.000
4607	0.000
4608	0.000
4609	0.000
4610	0.000
4611	0.000
4612	0.000
4613	0.000
4614	0.000
4615	0.000
4616	0.000
4617	0.000
4618	0.000
4619	0.000
4620	0.000
4621	0.000
4622	0.000
4623	0.000
4624	0.000
4625	0.000
4626	0.000
4627	0.000
4628	0.000
4629	0.000
4630	0.000
4631	0.000
4632	0.000
4633	0.000
4634	0.000
4635	0.000
4636	0.000
4637	0.000
4638	0.000
4639	0.000
4640	0.000
4641	0.000
4642	0.000
4643	0.000
4644	0.000
4645	0.000
4646	0.000
4647	0.000
4648	0.000
4649	0.000
4650	0.000
4651	0.000
4652	0.000
4653	0.000
4654	0.000
4655	0.000
4656	0.000
4657	0.000
4658	0.000
4659	0.000
4660	0.000
4661	0.000
4662	0.000
4663	0.000
4664	0.000
4665	0.000
4666	0.000
4667	0.000
4668	0.000
4669	0.000
4670	0.000
4671	0.000
4672	0.000
4673	0.000
4674	0.000
4675	0.000
4676	0.000
4677	0.000
4678	0.000
4679	0.000
4680	0.000
4681	0.000
4682	0.000
4683	0.000
4684	0.000
4685	0.000
4686	0.000
4687	0.000
4688	0.000
4689	0.000
4690	0.000
4691	0.000
4692	0.000
4693	0.000
4694	0.000
4695	0.000
4696	0.000
4697	0.000
4698	0.000
4699	0.000
4700	0.000
4701	0.000
4702	0.000
4703	0.000
4704	0.000
4705	0.000
4706	0.000
4707	0.000
4708	0.000
4709	0.000
4710	0.000
4711	0.000
4712	0.000
4713	0.000
4714	0.000
4715	0.000
4716	0.000
4717	0.000
4718	0.000
4719	0.000
4720	0.000
4721	0.000
4722	0.000
4723	0.000
4724	0.000
4725	0.000
4726	0.000
4727	0.000
4728	0.000
4729	0.000
4730	0.000
4731	0.000
4732	0.000
4733	0.000
4734	0.000
4735	0.000
4736	0.000
4737	0.000
4738	0.000
4739	0.000
4740	0.000
4741	0.000
4742	0.000
4743	0.000
4744	0.000
4745	0.000
4746	0.000
4747	0.000
4748	0.000
4749	0.000
4750	0.000
4751	0.000
4752	0.000
4753	0.000
4754	0.000
4755	0.000
4756	0.000
4757	0.000
4758	0.000
4759	0.000
4760	0.000
4761	0.000
4762	0.000
4763	0.000
4764	0.000
4765	0.000
4766	0.000
4767	0.000
4768	0.000
4769	0.000
4770	0.000
4771	0.000
4772	0.000
4773	0.000
4774	0.000
4775	0.000
4776	0.000
4777	0.000
4778	0.000
4779	0.000
4780	0.000
4781	0.000
4782	0.000
4783	0.000
4784	0.000
4785	0.000
4786	0.000
4787	0.000
4788	0.000
4789	0.000
4790	0.000
4791	0.000
4792	0.000
4793	0.000
4794	0.000
4795	0.000
4796	0.000
4797	0.000
4798	0.000
4799	0.000
4800	0.000
4801	0.000
4802	0.000
4803	0.000
4804	0.000
4805	0.000
4806	0.000
4807	0.000
4808	0.000
4809	0.000
4810	0.000
4811	0.000
4812	0.000
4813	0.000
4814	0.000
4815	0.000
4816	0.000
4817	0.000
4818	0.000
4819	0.000
4820	0.000
4821	0.000
4822	0.000
4823	0.000
4824	0.000
4825	0.000
4826	0.000
4827	0.000
4828	0.000
4829	0.000
4830	0.000
4831	0.000
4832	0.000
4833	0.000
4834	0.000
4835	0.000
4836	0.000
4837	0.000
4838	0.000
4839	0.000
4840	0.000
4841	0.000
4842	0.000
4843	0.000
4844	0.000
4845	0.000
4846	0.000
4847	0.000
4848	0.000
4849	0.000
4850	0.000
4851	0.000
4852	0.000
4853	0.000
4854	0.000
4855	0.000
4856	0.000
4857	0.000
4858	0.000
4859	0.000
4860	0.000
4861	0.000
4862	0.000
4863	0.000
4864	0.000
4865	0.000
4866	0.000
4867	0.000
4868	0.000
4869	0.000
4870	0.000
4871	0.000
4872	0.000
4873	0.000
4874	0.000
4875	0.000
4876	0.000
4877	0.000
4878	0.000
4879	0.000
4880	0.000
4881	0.000
4882	0.000
4883	0.000
4884	0.000
4885	0.000
4886	0.000
4887	0.000
4888	0.000
4889	0.000
4890	0.000
4891	0.000
4892	0.000
4893	0.000
4894	0.000
4895	0.000
4896	0.000
4897	0.000
4898	0.000
4899	0.000
4900	0.000
4901	0.000
4902	0.000
4903	0.000
4904	0.000
4905	0.000
4906	0.000
4907	0.000
4908	0.000
4909	0.000
4910	0.000
4911	0.000
4912	0.000
4913	0.000
4914	0.000
4915	0.000
4916	0.000
4917	0.000
4918	0.000
4919	0.000
4920	0.000
4921	0.000
4922	0.000
4923	0.000
4924	0.000
4925	0.000
4926	0.000
4927	0.000
4928	0.000
4929	0.000
4930	0.000
4931	0.000
4932	0.000
4933	0.000
4934	0.000
4935	0.000
4936	0.000
4937	0.000
4938	0.000
4939	0.000
4940	0.000
4941	0.000
4942	0.000
4943	0.000
4944	0.000
4945	0.000
4946	0.000
4947	0.000
4948	0.000
4949	0.000
4950	0.000
4951	0.000
4952	0.000
4953	0.000
4954	0.000
4955	0.000
4956	0.000
4957	0.000
4958	0.000
4959	0.000
4960	0.000
4961	0.000
4962	0.000
4963	0.000
4964	0.000
4965	0.000
4966	0.000
4967	0.000
4968	0.000
4969	0.000
4970	0.000
4971	0.000
4972	0.000
4973	0.000
4974	0.000
4975	0.000
4976	0.000
4977	0.000
4978	0.000
4979	0.000
4980	0.000
4981	0.000
4982	0.000
4983	0.000
4984	0.000
4985	0.000
4986	0.000
4987	0.000
4988	0.000
4989	0.000
4990	0.000
4991	0.000
4992	0.000
4993	0.000
4994	0.000
4995	0.000
4996	0.000
4997	0.000
4998	0.000
4999	0.000
5000	0.000
5001	0.000
5002	0.000
5003	0.000
5004	0.000
5005	0.000
5006	0.000
5007	0.000
5008	0.000
5009	0.000
5010	0.000
5011	0.000
5012	0.000
5013	0.000
5014	0.000
5015	0.000
5016	0.000
5017	0.000
5018	0.000
5019	0.000
5020	0.000
5021	0.000
5022	0.000
5023	0.000
5024	0.000
5025	0.000
5026	0.000
5027	0.000
5028	0.000
5029	0.000
5030	0.000
5031	0.000
5032	0.000
5033	0.000
5034	0.000
5035	0.000
5036	0.000
5037	0.000
5038	0.000
5039	0.000
5040	0.000
5041	0.000
5042	0.000
5043	0.000
5044	0.000
5045	0.000
5046	0.000
5047	0.000
5048	0.000
5049	0.000
5050	0.000
5051	0.000
5052	0.000
5053	0.000
5054	0.000
5055	0.000
5056	0.000
5057	0.000
5058	0.000
5059	0.000
5060	0.000
5061	0.000
5062	0.000
5063	0.000
5064	0.000
5065	0.000
5066	0.000
5067	0.000
5068	0.000
5069	0.000
5070	0.000
5071	0.000
5072	0.000
5073	0.000
5074	0.000
5075	0.000
5076	0.000
5077	0.000
5078	0.000
5079	0.000
5080	0.000
5081	0.000
5082	0.000
5083	0.000
5084	0.000
5085	0.000
5086	0.000
5087	0.000
5088	0.000
5089	0.000
5090	0.000
5091	0.000
5092	0.000
5093	0.000
5094	0.000
5095	0.000
5096	0.000
5097	0.000
5098	0.000
5099	0.000
5100	0.000
5101	0.000
5102	0.000
5103	0.000
5104	0.000
5105	0.000
5106	0.000
5107	0.000
5108	0.000
5109	0.000
5110	0.000
5111	0.000
5112	0.000
5113	0.000
5114	0.000
5115	0.000
5116	0.000
5117	0.000
5118	0.000
5119	0.000
5120	0.000
5121	0.000
5122	0.000
5123	0.000
5124	0.000
5125	0.000
5126	0.000
5127	0.000
5128	0.000
5129	0.000
5130	0.000
5131	0.000
5132	0.000
5133	0.000
5134	0.000
5135	0.000
5136	0.000
5137	0.000
5138	0.000
5139	0.000
5140	0.000
5141	0.000
5142	0.000
5143	0.000
5144	0.000
5145	0.000
5146	0.000
5147	0.000
5148	0.000
5149	0.000
5150	0.000
5151	0.000
5152	0.000
5153	0.000
5154	0.000
5155	0.000
5156	0.000
5157	0.000
5158	0.000
5159	0.000
5160	0.000
5161	0.000
5162	0.000
5163	0.000
5164	0.000
5165	0.000
5166	0.000
5167	0.000
5168	0.000
5169	0.000
5170	0.000
5171	0.000
5172	0.000
5173	0.000
5174	0.000
5175	0.000
5176	0.000
5177	0.000
5178	0.000
5179	0.000
5180	0.000
5181	0.000
5182	0.000
5183	0.000
5184	0.000
5185	0.000
5186	0.000
5187	0.000
5188	0.000
5189	0.000
5190	0.000
5191	0.000
5192	0.000
5193	0.000
5194	0.000
5195	0.000
5196	0.000
5197	0.000
5198	0.000
5199	0.000
5200	0.000
5201	0.000
5202	0.000
5203	0.000
5204	0.000
5205	0.000
5206	0.000
5207	0.000
5208	0.000
5209	0.000
5210	0.000
5211	0.000
5212	0.000
5213	0.000
5214	0.000
5215	0.000
5216	0.000
5217	0.000
5218	0.000
5219	0.000
5220	0.000
5221	0.000
5222	0.000
5223	0.000
5224	0.000
5225	0.000
5226	0.000
5227	0.000
5228	0.000
5229	0.000
5230	0.000
5231	0.000
5232	0.000
5233	0.000
5234	0.000
5235	0.000
5236	0.000
5237	0.000
5238	0.000
5239	0.000
5240	0.000
5241	0.000
5242	0.000
5243	0.000
5244	0.000
5245	0.000
5246	0.000
5247	0.000
5248	0.000
5249	0.000
5250	0.000
5251	0.000
5252	0.000
5253	0.000
5254	0.000
5255	0.000
5256	0.000
5257	0.000
5258	0.000
5259	0.000
5260	0.000
5261	0.000
5262	0.000
5263	0.000
5264	0.000
5265	0.000
5266	0.000
5267	0.000
5268	0.000
5269	0.000
5270	0.000
5271	0.000
5272	0.000
5273	0.000
5274	0.000
5275	0.000
5276	0.000
5277	0.000
5278	0.000
5279	0.000
5280	0.000
5281	0.000
5282	0.000
5283	0.000
5284	0.000
5285	0.000
5286	0.000
5287	0.000
5288	0.000
5289	0.000
5290	0.000
5291	0.000
5292	0.000
5293	0.000
5294	0.000
5295	0.000
5296	0.000
5297	0.000
5298	0.000
5299	0.000
5300	0.000
5301	0.000
5302	0.000
5303	0.000
5304	0.000
5305	0.000
5306	0.000
5307	0.000
5308	0.000
5309	0.000
5310	0.000
5311	0.000
5312	0.000
5313	0.000
5314	0.000
5315	0.000
5316	0.000
5317	0.000
5318	0.000
5319	0.000
5320	0.000
5321	0.000
5322	0.000
5323	0.000
5324	0.000
5325	0.000
5326	0.000
5327	0.000
5328	0.000
5329	0.000
5330	0.000
5331	0.000
5332	0.000
5333	0.000
5334	0.000
5335	0.000
5336	0.467
5337	0.916
5338	0.463
5339	0.943
5340	0.451
5341	0.916
5342	0.443
5343	0.955
5344	0.404
5345	0.904
5346	0.084
5347	0.693
5348	0.115
5349	0.693
5350	0.080
5351	0.725
5352	0.123
5353	0.721
5354	0.111
5355	0.744
5356	0.006
5357	0.959
5358	0.002
5359	0.979
5360	0.021
5361	0.959
5362	0.033
5363	0.982
5364	0.291
5365	0.650
5366	0.271
5367	0.631
5368	0.252
5369	0.658
5370	0.248
5371	0.631
5372	0.041
5373	0.822
5374	0.061
5375	0.854
5376	0.084
5377	0.854
5378	0.068
5379	0.881
5380	0.471
5381	0.834
5382	0.490
5383	0.842
5384	0.475
5385	0.818
5386	0.486
5387	0.818
5388	0.475
5389	0.818
5390	0.475
5391	0.818
5392	0.486
5393	0.818
5394	0.529
5395	0.818
5396	0.486
5397	0.818
5398	0.279
5399	0.729
5400	0.248
5401	0.748
5402	0.287
5403	0.764
5404	0.256
5405	0.764
5406	0.236
5407	0.736
5408	0.271
5409	0.729
5410	0.264
5411	0.729
5412	0.275
5413	0.721
5414	0.264
5415	0.729
5416	0.275
5417	0.721
5418	0.275
5419	0.721
5420	0.545
5421	0.701
5422	0.521
5423	0.752
5424	0.510
5425	0.701
5426	0.592
5427	0.807
5428	0.619
5429	0.814
5430	0.607
5431	0.799
5432	0.627
5433	0.814
5434	0.619
5435	0.787
5436	0.631
5437	0.814
5438	0.631
5439	0.814
5440	0.619
5441	0.787
5442	0.619
5443	0.787
5444	0.221
5445	0.740
5446	0.232
5447	0.693
5448	0.268
5449	0.693
5450	0.232
5451	0.693
5452	0.268
5453	0.693
5454	0.385
5455	0.678
5456	0.381
5457	0.650
5458	0.357
5459	0.654
5460	0.357
5461	0.639
5462	0.365
5463	0.639
5464	0.400
5465	0.654
5466	0.400
5467	0.639
5468	0.400
5469	0.639
5470	0.365
5471	0.639
5472	0.357
5473	0.639
5474	0.357
5475	0.639
5476	0.842
5477	0.791
5478	0.877
5479	0.807
5480	0.857
5481	0.811
5482	0.881
5483	0.818
5484	0.865
5485	0.834
5486	0.881
5487	0.818
5488	0.865
5489	0.834
5490	0.865
5491	0.834
5492	0.396
5493	0.998
5494	0.393
5495	0.982
5496	0.432
5497	0.975
5498	0.393
5499	0.963
5500	0.416
5501	0.936
5502	0.381
5503	0.932
5504	0.389
5505	0.932
5506	0.389
5507	0.932
5508	0.389
5509	0.932
5510	0.412
5511	0.932
5512	0.412
5513	0.932
5514	0.865
5515	0.779
5516	0.861
5517	0.791
5518	0.873
5519	0.783
5520	0.889
5521	0.799
5522	0.885
5523	0.807
5524	0.889
5525	0.799
5526	0.885
5527	0.807
5528	0.236
5529	0.736
5530	0.236
5531	0.736
5532	0.260
5533	0.729
5534	0.264
5535	0.729
5536	0.631
5537	0.814
5538	0.627
5539	0.814
5540	0.627
5541	0.814
5542	0.611
5543	0.826
5544	0.611
5545	0.826
5546	0.580
5547	0.834
5548	0.596
5549	0.842
5550	0.596
5551	0.842
5552	0.596
5553	0.842
5554	0.529
5555	0.818
5556	0.506
5557	0.830
5558	0.529
5559	0.842
5560	0.611
5561	0.826
5562	0.264
5563	0.729
5564	0.264
5565	0.729
5566	0.006
5567	0.787
5568	0.006
5569	0.787
5570	0.002
5571	0.760
5572	0.002
5573	0.760
5574	0.021
5575	0.760
5576	0.057
5577	0.771
5578	0.057
5579	0.771
5580	0.021
5581	0.760
5582	0.021
5583	0.760
5584	0.021
5585	0.760
5586	0.002
5587	0.760
5588	0.881
5589	0.818
5590	0.881
5591	0.818
5592	0.596
5593	0.779
5594	0.584
5595	0.803
5596	0.596
5597	0.779
5598	0.584
5599	0.803
5600	0.541
5601	0.771
5602	0.564
5603	0.771
5604	0.596
5605	0.779
5606	0.564
5607	0.771
5608	0.400
5609	0.654
5610	0.400
5611	0.654
5612	0.400
5613	0.654
5614	0.400
5615	0.654
5616	0.455
5617	0.725
5618	0.486
5619	0.725
5620	0.479
5621	0.697
5622	0.506
5623	0.697
5624	0.170
5625	0.744
5626	0.209
5627	0.768
5628	0.197
5629	0.717
5630	0.217
5631	0.717
5632	0.455
5633	0.736
5634	0.420
5635	0.744
5636	0.455
5637	0.764
5638	0.443
5639	0.783
5640	0.420
5641	0.787
5642	0.404
5643	0.744
5644	0.682
5645	0.666
5646	0.654
5647	0.666
5648	0.674
5649	0.697
5650	0.639
5651	0.713
5652	0.643
5653	0.678
5654	0.615
5655	0.654
5656	0.596
5657	0.689
5658	0.596
5659	0.654
5660	0.740
5661	0.904
5662	0.744
5663	0.904
5664	0.736
5665	0.916
5666	0.729
5667	0.959
5668	0.713
5669	0.932
5670	0.697
5671	0.959
5672	0.697
5673	0.924
5674	0.713
5675	0.908
5676	0.725
5677	0.912
5678	0.713
5679	0.908
5680	0.725
5681	0.912
5682	0.404
5683	0.584
5684	0.377
5685	0.584
5686	0.389
5687	0.611
5688	0.146
5689	0.799
5690	0.178
5691	0.799
5692	0.162
5693	0.857
5694	0.291
5695	0.834
5696	0.275
5697	0.857
5698	0.314
5699	0.834
5700	0.303
5701	0.877
5702	0.330
5703	0.893
5704	0.283
5705	0.893
5706	0.752
5707	0.939
5708	0.752
5709	0.916
5710	0.752
5711	0.904
5712	0.752
5713	0.904
5714	0.744
5715	0.904
5716	0.689
5717	0.900
5718	0.689
5719	0.900
5720	0.689
5721	0.900
5722	0.611
5723	0.998
5724	0.615
5725	0.986
5726	0.643
5727	0.994
5728	0.607
5729	0.939
5730	0.646
5731	0.947
5732	0.611
5733	0.932
5734	0.643
5735	0.932
5736	0.611
5737	0.932
5738	0.611
5739	0.932
5740	0.611
5741	0.932
5742	0.818
5743	0.729
5744	0.846
5745	0.729
5746	0.814
5747	0.701
5748	0.846
5749	0.713
5750	0.826
5751	0.686
5752	0.838
5753	0.686
5754	0.826
5755	0.686
5756	0.826
5757	0.686
5758	0.826
5759	0.686
5760	0.826
5761	0.686
5762	0.811
5763	0.678
5764	0.811
5765	0.678
5766	0.541
5767	0.596
5768	0.537
5769	0.631
5770	0.557
5771	0.596
5772	0.568
5773	0.615
5774	0.557
5775	0.596
5776	0.568
5777	0.615
5778	0.568
5779	0.615
5780	0.096
5781	0.826
5782	0.123
5783	0.834
5784	0.088
5785	0.857
5786	0.146
5787	0.834
5788	0.092
5789	0.865
5790	0.146
5791	0.834
5792	0.092
5793	0.865
5794	0.580
5795	0.846
5796	0.600
5797	0.846
5798	0.584
5799	0.861
5800	0.604
5801	0.861
5802	0.584
5803	0.889
5804	0.627
5805	0.900
5806	0.631
5807	0.861
5808	0.627
5809	0.846
5810	0.600
5811	0.846
5812	0.627
5813	0.846
5814	0.631
5815	0.846
5816	0.631
5817	0.846
5818	0.631
5819	0.846
5820	0.635
5821	0.869
5822	0.635
5823	0.869
5824	0.635
5825	0.904
5826	0.635
5827	0.904
5828	0.752
5829	0.904
5830	0.752
5831	0.904
5832	0.752
5833	0.916
5834	0.600
5835	0.982
5836	0.600
5837	0.982
5838	0.600
5839	0.982
5840	0.604
5841	0.975
5842	0.604
5843	0.975
5844	0.018
5845	0.588
5846	0.033
5847	0.588
5848	0.018
5849	0.588
5850	0.018
5851	0.588
5852	0.002
5853	0.588
5854	0.002
5855	0.588
5856	0.010
5857	0.615
5858	0.025
5859	0.623
5860	0.033
5861	0.604
5862	0.033
5863	0.588
5864	0.557
5865	0.596
5866	0.557
5867	0.596
5868	0.607
5869	0.975
5870	0.197
5871	0.822
5872	0.213
5873	0.799
5874	0.193
5875	0.811
5876	0.201
5877	0.791
5878	0.166
5879	0.771
5880	0.170
5881	0.768
5882	0.178
5883	0.768
5884	0.201
5885	0.791
5886	0.178
5887	0.768
5888	0.291
5889	0.693
5890	0.283
5891	0.658
5892	0.303
5893	0.682
5894	0.303
5895	0.658
5896	0.330
5897	0.670
5898	0.803
5899	0.764
5900	0.811
5901	0.721
5902	0.791
5903	0.752
5904	0.779
5905	0.740
5906	0.764
5907	0.760
5908	0.760
5909	0.740
5910	0.104
5911	0.580
5912	0.104
5913	0.604
5914	0.123
5915	0.580
5916	0.131
5917	0.596
5918	0.643
5919	0.717
5920	0.643
5921	0.760
5922	0.686
5923	0.717
5924	0.693
5925	0.756
5926	0.131
5927	0.607
5928	0.115
5929	0.607
5930	0.115
5931	0.639
5932	0.092
5933	0.619
5934	0.357
5935	0.775
5936	0.330
5937	0.760
5938	0.361
5939	0.756
5940	0.334
5941	0.732
5942	0.326
5943	0.732
5944	0.326
5945	0.732
5946	0.334
5947	0.732
5948	0.334
5949	0.732
5950	0.334
5951	0.732
5952	0.354
5953	0.729
5954	0.357
5955	0.729
5956	0.377
5957	0.744
5958	0.436
5959	0.998
5960	0.439
5961	0.975
5962	0.494
5963	0.979
5964	0.475
5965	0.951
5966	0.502
5967	0.951
5968	0.713
5969	0.576
5970	0.689
5971	0.576
5972	0.705
5973	0.604
5974	0.631
5975	0.756
5976	0.646
5977	0.775
5978	0.604
5979	0.764
5980	0.639
5981	0.779
5982	0.654
5983	0.775
5984	0.639
5985	0.779
5986	0.639
5987	0.779
5988	0.639
5989	0.779
5990	0.623
5991	0.783
5992	0.623
5993	0.783
5994	0.623
5995	0.783
5996	0.623
5997	0.783
5998	0.600
5999	0.775
6000	0.600
6001	0.775
6002	0.600
6003	0.775
6004	0.600
6005	0.775
6006	0.783
6007	0.916
6008	0.760
6009	0.943
6010	0.756
6011	0.916
6012	0.143
6013	0.584
6014	0.158
6015	0.584
6016	0.135
6017	0.604
6018	0.166
6019	0.600
6020	0.162
6021	0.611
6022	0.947
6023	0.885
6024	0.936
6025	0.869
6026	0.979
6027	0.877
6028	0.947
6029	0.865
6030	0.963
6031	0.861
6032	0.963
6033	0.861
6034	0.982
6035	0.857
6036	0.982
6037	0.857
6038	0.994
6039	0.857
6040	0.986
6041	0.908
6042	0.791
6043	0.963
6044	0.807
6045	0.998
6046	0.838
6047	0.971
6048	0.857
6049	0.971
6050	0.725
6051	0.963
6052	0.721
6053	0.986
6054	0.768
6055	0.971
6056	0.748
6057	0.990
6058	0.787
6059	0.971
6060	0.779
6061	0.998
6062	0.463
6063	0.795
6064	0.455
6065	0.814
6066	0.467
6067	0.814
6068	0.436
6069	0.830
6070	0.467
6071	0.814
6072	0.436
6073	0.830
6074	0.420
6075	0.842
6076	0.412
6077	0.826
6078	0.451
6079	0.791
6080	0.412
6081	0.799
6082	0.135
6083	0.713
6084	0.123
6085	0.674
6086	0.143
6087	0.713
6088	0.139
6089	0.666
6090	0.158
6091	0.682
6092	0.143
6093	0.666
6094	0.689
6095	0.799
6096	0.697
6097	0.826
6098	0.729
6099	0.811
6100	0.717
6101	0.838
6102	0.736
6103	0.811
6104	0.740
6105	0.834
6106	0.732
6107	0.854
6108	0.686
6109	0.576
6110	0.674
6111	0.604
6112	0.662
6113	0.576
6114	0.166
6115	0.701
6116	0.920
6117	0.580
6118	0.936
6119	0.580
6120	0.912
6121	0.604
6122	0.939
6123	0.607
6124	0.311
6125	0.975
6126	0.283
6127	0.947
6128	0.299
6129	0.998
6130	0.264
6131	0.967
6132	0.244
6133	0.967
6134	0.920
6135	0.635
6136	0.904
6137	0.635
6138	0.912
6139	0.650
6140	0.889
6141	0.666
6142	0.904
6143	0.670
6144	0.904
6145	0.670
6146	0.904
6147	0.670
6148	0.932
6149	0.674
6150	0.932
6151	0.674
6152	0.932
6153	0.674
6154	0.518
6155	0.814
6156	0.479
6157	0.803
6158	0.475
6159	0.779
6160	0.463
6161	0.779
6162	0.463
6163	0.779
6164	0.365
6165	0.701
6166	0.389
6167	0.752
6168	0.408
6169	0.701
6170	0.072
6171	0.975
6172	0.076
6173	0.947
6174	0.080
6175	0.947
6176	0.018
6177	0.912
6178	0.080
6179	0.947
6180	0.018
6181	0.912
6182	0.920
6183	0.904
6184	0.924
6185	0.939
6186	0.912
6187	0.939
6188	0.861
6189	0.967
6190	0.889
6191	0.939
6192	0.861
6193	0.967
6194	0.889
6195	0.939
6196	0.053
6197	0.615
6198	0.092
6199	0.654
6200	0.080
6201	0.615
6202	0.658
6203	0.584
6204	0.635
6205	0.584
6206	0.646
6207	0.615
6208	0.213
6209	0.799
6210	0.201
6211	0.791
6212	0.201
6213	0.791
6214	0.201
6215	0.791
6216	0.420
6217	0.842
6218	0.420
6219	0.842
6220	0.420
6221	0.842
6222	0.936
6223	0.869
6224	0.947
6225	0.865
6226	0.947
6227	0.865
6228	0.002
6229	0.873
6230	0.002
6231	0.873
6232	0.002
6233	0.873
6234	0.006
6235	0.873
6236	0.006
6237	0.873
6238	0.006
6239	0.873
6240	0.006
6241	0.873
6242	0.014
6243	0.861
6244	0.014
6245	0.861
6246	0.045
6247	0.850
6248	0.053
6249	0.873
6250	0.053
6251	0.873
6252	0.037
6253	0.889
6254	0.010
6255	0.908
6256	0.826
6257	0.775
6258	0.818
6259	0.791
6260	0.826
6261	0.775
6262	0.818
6263	0.791
6264	0.803
6265	0.771
6266	0.795
6267	0.779
6268	0.783
6269	0.764
6270	0.791
6271	0.779
6272	0.783
6273	0.795
6274	0.787
6275	0.818
6276	0.787
6277	0.818
6278	0.795
6279	0.779
6280	0.818
6281	0.791
6282	0.982
6283	0.768
6284	0.998
6285	0.775
6286	0.982
6287	0.768
6288	0.998
6289	0.775
6290	0.990
6291	0.803
6292	0.971
6293	0.768
6294	0.971
6295	0.768
6296	0.166
6297	0.896
6298	0.166
6299	0.896
6300	0.178
6301	0.896
6302	0.162
6303	0.912
6304	0.186
6305	0.928
6306	0.197
6307	0.893
6308	0.178
6309	0.896
6310	0.178
6311	0.896
6312	0.205
6313	0.928
6314	0.205
6315	0.928
6316	0.209
6317	0.939
6318	0.209
6319	0.939
6320	0.189
6321	0.955
6322	0.189
6323	0.838
6324	0.150
6325	0.889
6326	0.201
6327	0.838
6328	0.209
6329	0.889
6330	0.201
6331	0.838
6332	0.209
6333	0.889
6334	0.057
6335	0.783
6336	0.041
6337	0.814
6338	0.021
6339	0.795
6340	0.014
6341	0.830
6342	0.002
6343	0.795
6344	0.451
6345	0.838
6346	0.471
6347	0.885
6348	0.490
6349	0.854
6350	0.498
6351	0.881
6352	0.510
6353	0.854
6354	0.631
6355	0.838
6356	0.646
6357	0.791
6358	0.658
6359	0.822
6360	0.666
6361	0.791
6362	0.686
6363	0.814
6364	0.225
6365	0.615
6366	0.197
6367	0.584
6368	0.229
6369	0.584
6370	0.197
6371	0.584
6372	0.229
6373	0.584
6374	0.221
6375	0.932
6376	0.244
6377	0.998
6378	0.213
6379	0.967
6380	0.229
6381	0.998
6382	0.193
6383	0.998
6384	0.189
6385	0.979
6386	0.205
6387	0.967
6388	0.189
6389	0.979
6390	0.189
6391	0.979
6392	0.205
6393	0.967
6394	0.881
6395	0.900
6396	0.896
6397	0.920
6398	0.885
6399	0.932
6400	0.900
6401	0.932
6402	0.900
6403	0.932
6404	0.287
6405	0.787
6406	0.342
6407	0.783
6408	0.299
6409	0.756
6410	0.311
6411	0.756
6412	0.299
6413	0.756
6414	0.311
6415	0.756
6416	0.994
6417	0.854
6418	0.979
6419	0.822
6420	0.971
6421	0.854
6422	0.963
6423	0.822
6424	0.936
6425	0.850
6426	0.936
6427	0.822
6428	0.963
6429	0.822
6430	0.936
6431	0.822
6432	0.627
6433	0.615
6434	0.631
6435	0.584
6436	0.600
6437	0.584
6438	0.928
6439	0.963
6440	0.928
6441	0.967
6442	0.885
6443	0.975
6444	0.908
6445	0.979
6446	0.861
6447	0.975
6448	0.877
6449	0.998
6450	0.877
6451	0.998
6452	0.908
6453	0.979
6454	0.389
6455	0.619
6456	0.389
6457	0.619
6458	0.416
6459	0.607
6460	0.416
6461	0.607
6462	0.416
6463	0.607
6464	0.428
6465	0.607
6466	0.416
6467	0.607
6468	0.428
6469	0.607
6470	0.428
6471	0.607
6472	0.428
6473	0.623
6474	0.408
6475	0.631
6476	0.912
6477	0.869
6478	0.912
6479	0.869
6480	0.912
6481	0.869
6482	0.908
6483	0.885
6484	0.908
6485	0.885
6486	0.908
6487	0.885
6488	0.908
6489	0.896
6490	0.908
6491	0.896
6492	0.904
6493	0.920
6494	0.904
6495	0.920
6496	0.900
6497	0.932
6498	0.885
6499	0.893
6500	0.877
6501	0.873
6502	0.979
6503	0.822
6504	0.877
6505	0.998
6506	0.971
6507	0.729
6508	0.943
6509	0.729
6510	0.963
6511	0.771
6512	0.920
6513	0.775
6514	0.963
6515	0.771
6516	0.920
6517	0.775
6518	0.061
6519	0.713
6520	0.092
6521	0.666
6522	0.053
6523	0.666
6524	0.713
6525	0.846
6526	0.697
6527	0.881
6528	0.693
6529	0.881
6530	0.729
6531	0.904
6532	0.729
6533	0.904
6534	0.693
6535	0.881
6536	0.740
6537	0.893
6538	0.721
6539	0.854
6540	0.748
6541	0.877
6542	0.291
6543	0.611
6544	0.264
6545	0.604
6546	0.283
6547	0.584
6548	0.264
6549	0.584
6550	0.283
6551	0.584
6552	0.264
6553	0.584
6554	0.139
6555	0.822
6556	0.119
6557	0.826
6558	0.139
6559	0.799
6560	0.123
6561	0.799
6562	0.150
6563	0.771
6564	0.162
6565	0.779
6566	0.689
6567	0.650
6568	0.686
6569	0.674
6570	0.709
6571	0.650
6572	0.713
6573	0.682
6574	0.732
6575	0.678
6576	0.467
6577	0.662
6578	0.498
6579	0.662
6580	0.514
6581	0.697
6582	0.533
6583	0.861
6584	0.545
6585	0.842
6586	0.533
6587	0.807
6588	0.561
6589	0.814
6590	0.561
6591	0.814
6592	0.533
6593	0.807
6594	0.268
6595	0.830
6596	0.232
6597	0.822
6598	0.236
6599	0.838
6600	0.217
6601	0.834
6602	0.209
6603	0.818
6604	0.229
6605	0.818
6606	0.209
6607	0.818
6608	0.229
6609	0.818
6610	0.119
6611	0.783
6612	0.119
6613	0.783
6614	0.119
6615	0.783
6616	0.975
6617	0.588
6618	0.959
6619	0.615
6620	0.947
6621	0.588
6622	0.533
6623	0.865
6624	0.572
6625	0.861
6626	0.576
6627	0.814
6628	0.576
6629	0.814
6630	0.576
6631	0.814
6632	0.713
6633	0.725
6634	0.717
6635	0.775
6636	0.760
6637	0.725
6638	0.803
6639	0.627
6640	0.783
6641	0.666
6642	0.764
6643	0.627
6644	0.928
6645	0.826
6646	0.889
6647	0.826
6648	0.932
6649	0.865
6650	0.873
6651	0.850
6652	0.521
6653	0.846
6654	0.510
6655	0.889
6656	0.529
6657	0.877
6658	0.564
6659	0.904
6660	0.553
6661	0.877
6662	0.490
6663	0.584
6664	0.475
6665	0.615
6666	0.463
6667	0.584
6668	0.205
6669	0.643
6670	0.189
6671	0.643
6672	0.189
6673	0.678
6674	0.174
6675	0.635
6676	0.162
6677	0.678
6678	0.096
6679	0.607
6680	0.072
6681	0.600
6682	0.100
6683	0.580
6684	0.080
6685	0.580
6686	0.814
6687	0.877
6688	0.830
6689	0.908
6690	0.834
6691	0.877
6692	0.869
6693	0.881
6694	0.869
6695	0.850
6696	0.869
6697	0.881
6698	0.225
6699	0.811
6700	0.217
6701	0.771
6702	0.252
6703	0.775
6704	0.217
6705	0.756
6706	0.236
6707	0.756
6708	0.236
6709	0.756
6710	0.217
6711	0.756
6712	0.506
6713	0.604
6714	0.518
6715	0.576
6716	0.494
6717	0.576
6718	0.166
6719	0.717
6720	0.158
6721	0.768
6722	0.135
6723	0.717
6724	0.119
6725	0.764
6726	0.490
6727	0.729
6728	0.510
6729	0.729
6730	0.459
6731	0.764
6732	0.498
6733	0.779
6734	0.717
6735	0.986
6736	0.697
6737	0.967
6738	0.658
6739	0.998
6740	0.666
6741	0.955
6742	0.650
6743	0.955
6744	0.865
6745	0.584
6746	0.869
6747	0.615
6748	0.846
6749	0.584
6750	0.846
6751	0.615
6752	0.783
6753	0.850
6754	0.756
6755	0.861
6756	0.799
6757	0.822
6758	0.771
6759	0.822
6760	0.799
6761	0.822
6762	0.771
6763	0.822
6764	0.771
6765	0.822
6766	0.760
6767	0.822
6768	0.760
6769	0.822
6770	0.760
6771	0.822
6772	0.760
6773	0.822
6774	0.740
6775	0.857
6776	0.115
6777	0.998
6778	0.119
6779	0.967
6780	0.072
6781	0.990
6782	0.111
6783	0.932
6784	0.115
6785	0.932
6786	0.127
6787	0.943
6788	0.127
6789	0.943
6790	0.127
6791	0.943
6792	0.127
6793	0.943
6794	0.443
6795	0.662
6796	0.416
6797	0.701
6798	0.428
6799	0.662
6800	0.396
6801	0.670
6802	0.705
6803	0.768
6804	0.709
6805	0.791
6806	0.682
6807	0.768
6808	0.682
6809	0.795
6810	0.654
6811	0.764
6812	0.697
6813	0.834
6814	0.674
6815	0.834
6816	0.689
6817	0.869
6818	0.639
6819	0.846
6820	0.643
6821	0.881
6822	0.709
6823	0.631
6824	0.721
6825	0.600
6826	0.744
6827	0.639
6828	0.736
6829	0.600
6830	0.369
6831	0.768
6832	0.400
6833	0.768
6834	0.377
6835	0.807
6836	0.408
6837	0.822
6838	0.760
6839	0.697
6840	0.740
6841	0.697
6842	0.791
6843	0.717
6844	0.771
6845	0.729
6846	0.771
6847	0.729
6848	0.771
6849	0.729
6850	0.771
6851	0.729
6852	0.756
6853	0.908
6854	0.779
6855	0.865
6856	0.791
6857	0.904
6858	0.803
6859	0.850
6860	0.811
6861	0.850
6862	0.811
6863	0.850
6864	0.248
6865	0.900
6866	0.217
6867	0.873
6868	0.271
6869	0.900
6870	0.232
6871	0.854
6872	0.271
6873	0.842
6874	0.252
6875	0.842
6876	0.373
6877	0.611
6878	0.385
6879	0.635
6880	0.354
6881	0.611
6882	0.346
6883	0.631
6884	0.494
6885	0.635
6886	0.502
6887	0.607
6888	0.533
6889	0.643
6890	0.525
6891	0.607
6892	0.361
6893	0.670
6894	0.346
6895	0.670
6896	0.365
6897	0.693
6898	0.318
6899	0.693
6900	0.342
6901	0.713
6902	0.592
6903	0.678
6904	0.584
6905	0.693
6906	0.576
6907	0.678
6908	0.553
6909	0.705
6910	0.545
6911	0.689
6912	0.564
6913	0.721
6914	0.584
6915	0.713
6916	0.404
6917	0.869
6918	0.424
6919	0.885
6920	0.432
6921	0.854
6922	0.455
6923	0.873
6924	0.436
6925	0.896
6926	0.424
6927	0.896
6928	0.463
6929	0.908
6930	0.424
6931	0.896
6932	0.463
6933	0.908
6934	0.799
6935	0.807
6936	0.811
6937	0.818
6938	0.799
6939	0.807
6940	0.811
6941	0.818
6942	0.814
6943	0.799
6944	0.834
6945	0.818
6946	0.822
6947	0.799
6948	0.846
6949	0.811
6950	0.822
6951	0.799
6952	0.971
6953	0.729
6954	0.971
6955	0.729
6956	0.963
6957	0.771
6958	0.264
6959	0.604
6960	0.264
6961	0.604
6962	0.264
6963	0.584
6964	0.209
6965	0.834
6966	0.209
6967	0.834
6968	0.209
6969	0.834
6970	0.209
6971	0.834
6972	0.209
6973	0.818
6974	0.209
6975	0.842
6976	0.209
6977	0.842
6978	0.150
6979	0.771
6980	0.561
6981	0.814
6982	0.771
6983	0.729
6984	0.771
6985	0.729
6986	0.217
6987	0.623
6988	0.229
6989	0.662
6990	0.221
6991	0.623
6992	0.244
6993	0.635
6994	0.240
6995	0.619
6996	0.209
6997	0.650
6998	0.873
6999	0.658
7000	0.857
7001	0.658
7002	0.893
7003	0.693
7004	0.846
7005	0.686
7006	0.854
7007	0.951
7008	0.850
7009	0.959
7010	0.850
7011	0.951
7012	0.842
7013	0.959
7014	0.850
7015	0.947
7016	0.838
7017	0.959
7018	0.834
7019	0.959
7020	0.838
7021	0.916
7022	0.822
7023	0.955
7024	0.818
7025	0.951
7026	0.822
7027	0.955
7028	0.838
7029	0.963
7030	0.838
7031	0.963
7032	0.850
7033	0.959
7034	0.459
7035	0.611
7036	0.455
7037	0.588
7038	0.432
7039	0.623
7040	0.447
7041	0.588
7042	0.447
7043	0.588
7044	0.432
7045	0.623
7046	0.307
7047	0.959
7048	0.307
7049	0.936
7050	0.283
7051	0.936
7052	0.322
7053	0.904
7054	0.295
7055	0.904
7056	0.260
7057	0.908
7058	0.311
7059	0.627
7060	0.330
7061	0.662
7062	0.334
7063	0.627
7064	0.354
7065	0.658
7066	0.822
7067	0.674
7068	0.795
7069	0.670
7070	0.838
7071	0.650
7072	0.814
7073	0.635
7074	0.818
7075	0.635
7076	0.818
7077	0.635
7078	0.818
7079	0.635
7080	0.818
7081	0.635
7082	0.818
7083	0.635
7084	0.814
7085	0.635
7086	0.814
7087	0.635
7088	0.814
7089	0.635
7090	0.900
7091	0.631
7092	0.908
7093	0.596
7094	0.877
7095	0.596
7096	0.381
7097	0.967
7098	0.373
7099	0.994
7100	0.354
7101	0.967
7102	0.338
7103	0.998
7104	0.314
7105	0.963
7106	0.377
7107	0.947
7108	0.994
7109	0.639
7110	0.994
7111	0.682
7112	0.963
7113	0.639
7114	0.537
7115	0.998
7116	0.553
7117	0.975
7118	0.521
7119	0.975
7120	0.545
7121	0.959
7122	0.529
7123	0.932
7124	0.537
7125	0.932
7126	0.975
7127	0.900
7128	0.975
7129	0.928
7130	0.928
7131	0.893
7132	0.959
7133	0.920
7134	0.932
7135	0.900
7136	0.932
7137	0.900
7138	0.924
7139	0.893
7140	0.924
7141	0.893
7142	0.920
7143	0.873
7144	0.916
7145	0.881
7146	0.924
7147	0.893
7148	0.924
7149	0.893
7150	0.924
7151	0.893
7152	0.506
7153	0.947
7154	0.846
7155	0.783
7156	0.873
7157	0.748
7158	0.822
7159	0.760
7160	0.857
7161	0.732
7162	0.838
7163	0.732
7164	0.111
7165	0.865
7166	0.146
7167	0.865
7168	0.107
7169	0.920
7170	0.139
7171	0.928
7172	0.080
7173	0.885
7174	0.088
7175	0.904
7176	0.061
7177	0.885
7178	0.068
7179	0.932
7180	0.041
7181	0.904
7182	0.104
7183	0.932
7184	0.068
7185	0.994
7186	0.053
7187	0.986
7188	0.053
7189	0.959
7190	0.025
7191	0.943
7192	0.049
7193	0.986
7194	0.045
7195	0.990
7196	0.002
7197	0.998
7198	0.686
7199	0.686
7200	0.701
7201	0.732
7202	0.732
7203	0.686
7204	0.580
7205	0.725
7206	0.553
7207	0.725
7208	0.596
7209	0.768
7210	0.545
7211	0.760
7212	0.596
7213	0.768
7214	0.545
7215	0.760
7216	0.959
7217	0.932
7218	0.943
7219	0.932
7220	0.963
7221	0.990
7222	0.932
7223	0.951
7224	0.932
7225	0.998
7226	0.154
7227	0.654
7228	0.135
7229	0.615
7230	0.170
7231	0.615
7232	0.205
7233	0.893
7234	0.236
7235	0.939
7236	0.229
7237	0.893
7238	0.264
7239	0.955
7240	0.650
7241	0.662
7242	0.662
7243	0.619
7244	0.627
7245	0.654
7246	0.635
7247	0.619
7248	0.635
7249	0.619
7250	0.635
7251	0.619
7252	0.307
7253	0.654
7254	0.307
7255	0.615
7256	0.271
7257	0.615
7258	0.643
7259	0.889
7260	0.666
7261	0.889
7262	0.650
7263	0.920
7264	0.674
7265	0.920
7266	0.658
7267	0.947
7268	0.689
7269	0.951
7270	0.525
7271	0.811
7272	0.506
7273	0.791
7274	0.533
7275	0.775
7276	0.521
7277	0.756
7278	0.541
7279	0.756
7280	0.873
7281	0.900
7282	0.873
7283	0.900
7284	0.857
7285	0.924
7286	0.857
7287	0.924
7288	0.850
7289	0.947
7290	0.850
7291	0.947
7292	0.850
7293	0.959
7294	0.854
7295	0.951
7296	0.447
7297	0.588
7298	0.447
7299	0.588
7300	0.924
7301	0.893
7302	0.959
7303	0.920
7304	0.975
7305	0.928
7306	0.045
7307	0.990
7308	0.506
7309	0.912
7310	0.467
7311	0.900
7312	0.490
7313	0.939
7314	0.467
7315	0.900
7316	0.490
7317	0.939
7318	0.486
7319	0.900
7320	0.518
7321	0.928
7322	0.529
7323	0.900
7324	0.568
7325	0.584
7326	0.572
7327	0.604
7328	0.584
7329	0.580
7330	0.596
7331	0.607
7332	0.592
7333	0.580
7334	0.193
7335	0.596
7336	0.170
7337	0.596
7338	0.189
7339	0.568
7340	0.174
7341	0.568
7342	0.189
7343	0.568
7344	0.189
7345	0.600
7346	0.174
7347	0.615
7348	0.197
7349	0.600
7350	0.182
7351	0.631
7352	0.209
7353	0.615
7354	0.908
7355	0.768
7356	0.916
7357	0.783
7358	0.900
7359	0.768
7360	0.893
7361	0.822
7362	0.900
7363	0.768
7364	0.893
7365	0.822
7366	0.916
7367	0.822
7368	0.936
7369	0.803
7370	0.768
7371	0.623
7372	0.783
7373	0.611
7374	0.756
7375	0.615
7376	0.764
7377	0.604
7378	0.748
7379	0.604
7380	0.748
7381	0.604
7382	0.068
7383	0.643
7384	0.057
7385	0.658
7386	0.053
7387	0.643
7388	0.037
7389	0.662
7390	0.025
7391	0.627
7392	0.037
7393	0.662
7394	0.553
7395	0.646
7396	0.549
7397	0.674
7398	0.533
7399	0.646
7400	0.518
7401	0.693
7402	0.408
7403	0.576
7404	0.432
7405	0.576
7406	0.424
7407	0.604
7408	0.432
7409	0.576
7410	0.424
7411	0.604
7412	0.404
7413	0.732
7414	0.436
7415	0.693
7416	0.439
7417	0.729
7418	0.443
7419	0.693
7420	0.455
7421	0.713
7422	0.455
7423	0.713
7424	0.455
7425	0.713
7426	0.795
7427	0.615
7428	0.811
7429	0.584
7430	0.787
7431	0.584
7432	0.025
7433	0.924
7434	0.010
7435	0.951
7436	0.002
7437	0.924
7438	0.975
7439	0.760
7440	0.998
7441	0.764
7442	0.975
7443	0.740
7444	0.998
7445	0.740
7446	0.877
7447	0.779
7448	0.924
7449	0.729
7450	0.881
7451	0.729
7452	0.822
7453	0.904
7454	0.803
7455	0.904
7456	0.811
7457	0.932
7458	0.760
7459	0.959
7460	0.783
7461	0.963
7462	0.807
7463	0.631
7464	0.814
7465	0.600
7466	0.838
7467	0.631
7468	0.842
7469	0.600
7470	0.291
7471	0.576
7472	0.314
7473	0.576
7474	0.303
7475	0.604
7476	0.373
7477	0.580
7478	0.350
7479	0.580
7480	0.373
7481	0.607
7482	0.346
7483	0.607
7484	0.975
7485	0.936
7486	0.967
7487	0.971
7488	0.986
7489	0.959
7490	0.998
7491	0.959
7492	0.998
7493	0.932
7494	0.986
7495	0.932
7496	0.986
7497	0.998
7498	0.998
7499	0.959
7500	0.998
7501	0.959
7502	0.400
7503	0.904
7504	0.381
7505	0.928
7506	0.377
7507	0.904
7508	0.115
7509	0.752
7510	0.111
7511	0.779
7512	0.092
7513	0.756
7514	0.061
7515	0.775
7516	0.076
7517	0.756
7518	0.045
7519	0.584
7520	0.037
7521	0.611
7522	0.068
7523	0.584
7524	0.068
7525	0.611
7526	0.135
7527	0.639
7528	0.131
7529	0.639
7530	0.139
7531	0.650
7532	0.096
7533	0.658
7534	0.100
7535	0.682
7536	0.775
7537	0.600
7538	0.783
7539	0.596
7540	0.775
7541	0.600
7542	0.764
7543	0.604
7544	0.775
7545	0.600
7546	0.783
7547	0.596
7548	0.783
7549	0.596
7550	0.783
7551	0.596
7552	0.564
7553	0.932
7554	0.564
7555	0.932
7556	0.557
7557	0.932
7558	0.557
7559	0.932
7560	0.553
7561	0.951
7562	0.568
7563	0.943
7564	0.572
7565	0.975
7566	0.576
7567	0.967
7568	0.592
7569	0.998
7570	0.600
7571	0.994
7572	0.576
7573	0.967
7574	0.600
7575	0.994
7576	0.564
7577	0.932
7578	0.568
7579	0.943
7580	0.568
7581	0.943
7582	0.568
7583	0.943
7584	0.986
7585	0.998
7586	0.986
7587	0.998
7588	0.010
7589	0.756
7590	0.010
7591	0.756
7592	0.010
7593	0.756
7594	0.010
7595	0.756
7596	0.018
7597	0.736
7598	0.002
7599	0.725
7600	0.021
7601	0.721
7602	0.025
7603	0.705
7604	0.029
7605	0.705
7606	0.025
7607	0.705
7608	0.025
7609	0.705
7610	0.018
7611	0.736
7612	0.018
7613	0.736
7614	0.021
7615	0.721
7616	0.029
7617	0.705
7618	0.029
7619	0.705
7620	0.029
7621	0.705
7622	0.029
7623	0.705
7624	0.760
7625	0.670
7626	0.764
7627	0.686
7628	0.771
7629	0.670
7630	0.787
7631	0.705
7632	0.791
7633	0.678
7634	0.807
7635	0.689
7636	0.807
7637	0.689
7638	0.807
7639	0.689
7640	0.764
7641	0.686
7642	0.760
7643	0.670
7644	0.154
7645	0.959
7646	0.178
7647	0.979
7648	0.166
7649	0.932
7650	0.178
7651	0.951
7652	0.186
7653	0.979
7654	0.186
7655	0.998
7656	0.162
7657	0.994
7658	0.146
7659	0.963
7660	0.131
7661	0.936
7662	0.342
7663	0.588
7664	0.338
7665	0.623
7666	0.326
7667	0.600
7668	0.311
7669	0.619
7670	0.314
7671	0.600
7672	0.275
7673	0.768
7674	0.283
7675	0.795
7676	0.271
7677	0.795
7678	0.275
7679	0.822
7680	0.236
7681	0.811
7682	0.607
7683	0.650
7684	0.615
7685	0.611
7686	0.580
7687	0.611
7688	0.959
7689	0.779
7690	0.982
7691	0.807
7692	0.928
7693	0.779
7694	0.959
7695	0.818
7696	0.986
7697	0.736
7698	0.971
7699	0.721
7700	0.998
7701	0.686
7702	0.975
7703	0.686
7704	0.326
7705	0.791
7706	0.354
7707	0.811
7708	0.311
7709	0.814
7710	0.334
7711	0.838
7712	0.299
7713	0.814
7714	0.604
7715	0.701
7716	0.592
7717	0.736
7718	0.635
7719	0.701
7720	0.623
7721	0.752
7722	0.623
7723	0.920
7724	0.596
7725	0.900
7726	0.596
7727	0.912
7728	0.580
7729	0.912
7730	0.561
7731	0.920
7732	0.596
7733	0.943
7734	0.576
7735	0.627
7736	0.557
7737	0.627
7738	0.596
7739	0.646
7740	0.561
7741	0.654
7742	0.576
7743	0.670
7744	0.467
7745	0.697
7746	0.443
7747	0.682
7748	0.459
7749	0.666
7750	0.451
7751	0.666
7752	0.760
7753	0.670
7754	0.760
7755	0.670
7756	0.791
7757	0.678
7758	0.807
7759	0.689
7760	0.178
7761	0.951
7762	0.178
7763	0.951
7764	0.186
7765	0.979
7766	0.041
7767	0.713
7768	0.037
7769	0.713
7770	0.041
7771	0.713
7772	0.057
7773	0.764
7774	0.080
7775	0.740
7776	0.076
7777	0.732
7778	0.041
7779	0.713
7780	0.076
7781	0.732
7782	0.170
7783	0.682
7784	0.170
7785	0.682
7786	0.205
7787	0.682
7788	0.205
7789	0.682
7790	0.205
7791	0.682
7792	0.217
7793	0.682
7794	0.205
7795	0.682
7796	0.217
7797	0.682
7798	0.174
7799	0.729
7800	0.357
7801	0.818
7802	0.385
7803	0.854
7804	0.385
7805	0.818
7806	0.416
7807	0.850
7808	0.994
7809	0.611
7810	0.990
7811	0.635
7812	0.979
7813	0.611
7814	0.955
7815	0.627
7816	0.955
7817	0.627
7818	0.283
7819	0.697
7820	0.268
7821	0.662
7822	0.236
7823	0.662
7824	0.779
7825	0.818
7826	0.748
7827	0.811
7828	0.752
7829	0.775
7830	0.725
7831	0.775
7832	0.764
7833	0.643
7834	0.748
7835	0.686
7836	0.725
7837	0.643
7838	0.369
7839	0.932
7840	0.342
7841	0.916
7842	0.361
7843	0.943
7844	0.326
7845	0.916
7846	0.342
7847	0.881
7848	0.373
7849	0.916
7850	0.936
7851	0.678
7852	0.920
7853	0.678
7854	0.951
7855	0.721
7856	0.904
7857	0.725
7858	0.322
7859	0.709
7860	0.299
7861	0.701
7862	0.303
7863	0.752
7864	0.279
7865	0.701
7866	0.916
7867	0.611
7868	0.943
7869	0.650
7870	0.951
7871	0.611
7872	0.850
7873	0.705
7874	0.850
7875	0.705
7876	0.850
7877	0.705
7878	0.861
7879	0.701
7880	0.861
7881	0.701
7882	0.861
7883	0.701
7884	0.881
7885	0.725
7886	0.889
7887	0.697
7888	0.896
7889	0.721
7890	0.900
7891	0.697
7892	0.889
7893	0.697
7894	0.889
7895	0.697
7896	0.889
7897	0.697
7898	0.447
7899	0.635
7900	0.404
7901	0.646
7902	0.436
7903	0.635
7904	0.436
7905	0.635
7906	0.436
7907	0.635
7908	0.436
7909	0.635
7910	0.443
7911	0.658
7912	0.115
7913	0.783
7914	0.092
7915	0.783
7916	0.100
7917	0.814
7918	0.061
7919	0.830
7920	0.846
7921	0.822
7922	0.861
7923	0.846
7924	0.826
7925	0.822
7926	0.830
7927	0.857
7928	0.803
7929	0.830
7930	0.963
7931	0.701
7932	0.967
7933	0.654
7934	0.932
7935	0.654
7936	0.932
7937	0.654
7938	0.932
7939	0.654
7940	0.881
7941	0.619
7942	0.885
7943	0.658
7944	0.846
7945	0.619
7946	0.463
7947	0.619
7948	0.475
7949	0.619
7950	0.451
7951	0.627
7952	0.486
7953	0.646
7954	0.451
7955	0.658
7956	0.693
7957	0.607
7958	0.682
7959	0.607
7960	0.705
7961	0.615
7962	0.678
7963	0.607
7964	0.666
7965	0.607
7966	0.670
7967	0.635
7968	0.705
7969	0.646
7970	0.479
7971	0.619
7972	0.490
7973	0.619
7974	0.342
7975	0.842
7976	0.361
7977	0.842
7978	0.342
7979	0.873
7980	0.389
7981	0.869
7982	0.396
7983	0.900
7984	0.252
7985	0.592
7986	0.232
7987	0.592
7988	0.260
7989	0.611
7990	0.256
7991	0.627
7992	0.260
7993	0.611
7994	0.025
7995	0.662
7996	0.049
7997	0.682
7998	0.014
7999	0.662
8000	0.037
8001	0.701
8002	0.002
8003	0.701
