0	0
1	2
2	1
3	1
4	2
5	3
6	2
7	4
8	3
9	5
10	7
11	6
12	6
13	7
14	8
15	7
16	9
17	8
18	8
19	9
20	10
21	10
22	11
23	8
24	12
25	13
26	14
27	13
28	15
29	14
30	15
31	13
32	16
33	16
34	17
35	15
36	15
37	17
38	18
39	17
40	19
41	18
42	18
43	19
44	20
45	19
46	21
47	20
48	20
49	21
50	22
51	23
52	25
53	24
54	26
55	27
56	28
57	29
58	30
59	7
60	7
61	30
62	9
63	30
64	31
65	9
66	31
67	30
68	32
69	33
70	34
71	35
72	34
73	36
74	35
75	35
76	36
77	37
78	38
79	40
80	39
81	39
82	40
83	41
84	40
85	42
86	41
87	43
88	44
89	45
90	44
91	46
92	45
93	45
94	46
95	47
96	48
97	49
98	3
99	49
100	50
101	3
102	3
103	50
104	1
105	10
106	9
107	51
108	51
109	9
110	31
111	52
112	54
113	53
114	53
115	54
116	55
117	54
118	56
119	55
120	53
121	55
122	57
123	55
124	58
125	57
126	57
127	58
128	59
129	58
130	60
131	59
132	59
133	60
134	61
135	61
136	62
137	59
138	62
139	61
140	63
141	61
142	64
143	63
144	65
145	67
146	66
147	66
148	67
149	68
150	67
151	69
152	68
153	69
154	67
155	70
156	70
157	71
158	69
159	69
160	71
161	72
162	71
163	73
164	72
165	74
166	75
167	76
168	75
169	77
170	76
171	77
172	75
173	78
174	75
175	79
176	78
177	78
178	79
179	80
180	79
181	81
182	80
183	81
184	79
185	82
186	79
187	83
188	82
189	83
190	79
191	75
192	75
193	84
194	83
195	85
196	86
197	87
198	86
199	88
200	87
201	87
202	88
203	89
204	89
205	90
206	87
207	87
208	90
209	91
210	92
211	94
212	93
213	93
214	94
215	95
216	94
217	18
218	95
219	18
220	94
221	96
222	96
223	97
224	18
225	97
226	96
227	98
228	98
229	99
230	97
231	97
232	99
233	18
234	99
235	100
236	18
237	18
238	100
239	101
240	101
241	102
242	18
243	18
244	102
245	15
246	102
247	14
248	15
249	14
250	102
251	103
252	102
253	101
254	103
255	98
256	104
257	99
258	104
259	105
260	99
261	99
262	105
263	106
264	105
265	107
266	106
267	106
268	107
269	108
270	107
271	109
272	108
273	108
274	109
275	110
276	110
277	111
278	108
279	108
280	111
281	112
282	112
283	113
284	108
285	108
286	113
287	100
288	100
289	106
290	108
291	106
292	100
293	99
294	93
295	95
296	114
297	114
298	95
299	115
300	21
301	19
302	116
303	116
304	19
305	117
306	19
307	17
308	117
309	117
310	17
311	118
312	17
313	16
314	118
315	118
316	16
317	119
318	16
319	120
320	119
321	120
322	16
323	121
324	122
325	123
326	124
327	123
328	125
329	124
330	124
331	125
332	126
333	125
334	127
335	126
336	127
337	125
338	128
339	125
340	129
341	128
342	128
343	129
344	130
345	129
346	131
347	130
348	130
349	131
350	132
351	132
352	128
353	130
354	128
355	132
356	133
357	132
358	134
359	133
360	133
361	134
362	135
363	135
364	136
365	133
366	133
367	136
368	137
369	137
370	138
371	133
372	133
373	138
374	128
375	138
376	127
377	128
378	127
379	138
380	139
381	138
382	140
383	139
384	139
385	140
386	141
387	142
388	143
389	125
390	125
391	143
392	144
393	143
394	145
395	144
396	125
397	144
398	129
399	144
400	146
401	129
402	129
403	146
404	147
405	144
406	148
407	146
408	146
409	148
410	149
411	148
412	150
413	149
414	149
415	150
416	151
417	129
418	149
419	152
420	149
421	153
422	152
423	152
424	153
425	154
426	154
427	155
428	152
429	152
430	155
431	156
432	122
433	157
434	142
435	142
436	157
437	158
438	140
439	138
440	159
441	159
442	138
443	137
444	123
445	158
446	160
447	134
448	132
449	161
450	132
451	131
452	161
453	161
454	131
455	162
456	153
457	147
458	151
459	163
460	164
461	165
462	164
463	166
464	165
465	165
466	166
467	167
468	167
469	168
470	165
471	165
472	168
473	169
474	169
475	170
476	165
477	165
478	170
479	171
480	171
481	163
482	165
483	172
484	174
485	173
486	173
487	174
488	175
489	176
490	178
491	177
492	179
493	180
494	181
495	182
496	184
497	183
498	183
499	184
500	185
501	186
502	188
503	187
504	187
505	188
506	189
507	188
508	190
509	189
510	191
511	192
512	193
513	194
514	196
515	195
516	195
517	196
518	197
519	198
520	199
521	200
522	199
523	201
524	200
525	200
526	201
527	202
528	201
529	203
530	202
531	202
532	203
533	204
534	205
535	207
536	206
537	206
538	207
539	208
540	207
541	209
542	208
543	208
544	209
545	210
546	209
547	211
548	210
549	211
550	209
551	212
552	212
553	213
554	211
555	213
556	212
557	214
558	212
559	215
560	214
561	215
562	212
563	216
564	212
565	209
566	216
567	216
568	209
569	207
570	207
571	217
572	216
573	216
574	217
575	218
576	218
577	215
578	216
579	215
580	218
581	219
582	218
583	220
584	219
585	220
586	218
587	221
588	218
589	222
590	221
591	222
592	218
593	217
594	217
595	223
596	222
597	223
598	217
599	224
600	225
601	227
602	226
603	226
604	227
605	228
606	229
607	230
608	231
609	230
610	232
611	231
612	231
613	232
614	233
615	232
616	234
617	233
618	233
619	234
620	235
621	235
622	236
623	233
624	233
625	236
626	231
627	236
628	237
629	231
630	237
631	236
632	238
633	236
634	235
635	238
636	239
637	240
638	241
639	242
640	244
641	243
642	243
643	244
644	245
645	244
646	246
647	245
648	245
649	246
650	247
651	248
652	250
653	249
654	249
655	250
656	251
657	250
658	252
659	251
660	252
661	250
662	253
663	250
664	254
665	253
666	254
667	250
668	255
669	250
670	256
671	255
672	256
673	250
674	257
675	250
676	249
677	257
678	258
679	259
680	232
681	259
682	260
683	232
684	232
685	260
686	234
687	203
688	201
689	261
690	261
691	201
692	262
693	263
694	206
695	264
696	206
697	208
698	264
699	264
700	208
701	210
702	265
703	246
704	244
705	266
706	267
707	268
708	267
709	269
710	268
711	269
712	267
713	270
714	267
715	271
716	270
717	271
718	267
719	272
720	267
721	273
722	272
723	272
724	273
725	274
726	273
727	275
728	274
729	274
730	275
731	276
732	275
733	277
734	276
735	277
736	275
737	278
738	275
739	273
740	278
741	279
742	280
743	281
744	282
745	284
746	283
747	285
748	286
749	287
750	288
751	290
752	289
753	289
754	290
755	291
756	290
757	292
758	291
759	292
760	290
761	293
762	290
763	294
764	293
765	294
766	290
767	295
768	296
769	298
770	297
771	297
772	298
773	299
774	300
775	301
776	302
777	301
778	303
779	302
780	302
781	303
782	304
783	305
784	307
785	306
786	306
787	307
788	308
789	309
790	310
791	311
792	310
793	312
794	311
795	312
796	310
797	313
798	310
799	314
800	313
801	313
802	314
803	315
804	314
805	316
806	315
807	315
808	316
809	317
810	317
811	318
812	315
813	315
814	318
815	319
816	320
817	322
818	321
819	321
820	322
821	323
822	322
823	324
824	323
825	323
826	324
827	325
828	325
829	326
830	323
831	323
832	326
833	327
834	327
835	328
836	323
837	323
838	328
839	321
840	329
841	331
842	330
843	330
844	331
845	332
846	332
847	333
848	330
849	330
850	333
851	334
852	333
853	335
854	334
855	334
856	335
857	336
858	335
859	337
860	336
861	338
862	339
863	340
864	339
865	341
866	340
867	340
868	341
869	342
870	341
871	343
872	342
873	342
874	343
875	344
876	343
877	345
878	344
879	345
880	343
881	346
882	343
883	347
884	346
885	348
886	349
887	350
888	349
889	351
890	350
891	350
892	351
893	327
894	327
895	352
896	350
897	352
898	327
899	353
900	327
901	326
902	353
903	353
904	326
905	354
906	326
907	355
908	354
909	355
910	326
911	325
912	325
913	356
914	355
915	357
916	358
917	359
918	358
919	360
920	359
921	359
922	360
923	361
924	358
925	352
926	360
927	360
928	352
929	362
930	352
931	353
932	362
933	362
934	353
935	363
936	353
937	364
938	363
939	363
940	364
941	361
942	361
943	365
944	363
945	364
946	353
947	366
948	366
949	353
950	367
951	353
952	354
953	367
954	368
955	369
956	370
957	369
958	371
959	370
960	370
961	371
962	372
963	371
964	334
965	372
966	372
967	334
968	336
969	369
970	330
971	371
972	371
973	330
974	334
975	341
976	374
977	373
978	373
979	374
980	375
981	375
982	376
983	373
984	373
985	376
986	343
987	343
988	341
989	373
990	377
991	379
992	378
993	378
994	379
995	380
996	379
997	381
998	380
999	380
1000	381
1001	382
1002	383
1003	384
1004	385
1005	384
1006	386
1007	385
1008	385
1009	386
1010	387
1011	386
1012	388
1013	387
1014	388
1015	386
1016	389
1017	386
1018	390
1019	389
1020	389
1021	390
1022	391
1023	386
1024	384
1025	390
1026	390
1027	384
1028	392
1029	392
1030	393
1031	390
1032	390
1033	393
1034	394
1035	395
1036	397
1037	396
1038	396
1039	397
1040	398
1041	397
1042	399
1043	398
1044	398
1045	399
1046	400
1047	400
1048	401
1049	398
1050	398
1051	401
1052	402
1053	402
1054	403
1055	398
1056	398
1057	403
1058	396
1059	403
1060	404
1061	396
1062	396
1063	404
1064	405
1065	404
1066	406
1067	405
1068	406
1069	404
1070	407
1071	404
1072	403
1073	407
1074	407
1075	403
1076	408
1077	408
1078	409
1079	407
1080	407
1081	409
1082	410
1083	409
1084	411
1085	410
1086	410
1087	411
1088	412
1089	412
1090	413
1091	410
1092	410
1093	413
1094	414
1095	413
1096	415
1097	414
1098	414
1099	406
1100	410
1101	406
1102	407
1103	410
1104	416
1105	385
1106	417
1107	385
1108	387
1109	417
1110	418
1111	419
1112	420
1113	419
1114	421
1115	420
1116	420
1117	421
1118	422
1119	422
1120	423
1121	420
1122	420
1123	423
1124	424
1125	424
1126	425
1127	420
1128	420
1129	425
1130	426
1131	426
1132	418
1133	420
1134	418
1135	426
1136	427
1137	426
1138	425
1139	427
1140	427
1141	425
1142	428
1143	429
1144	419
1145	418
1146	430
1147	431
1148	432
1149	431
1150	433
1151	432
1152	434
1153	435
1154	436
1155	435
1156	437
1157	436
1158	436
1159	437
1160	438
1161	438
1162	439
1163	436
1164	436
1165	439
1166	440
1167	441
1168	442
1169	443
1170	442
1171	444
1172	443
1173	443
1174	444
1175	445
1176	444
1177	446
1178	445
1179	446
1180	444
1181	442
1182	442
1183	447
1184	446
1185	446
1186	447
1187	448
1188	447
1189	449
1190	448
1191	448
1192	449
1193	450
1194	449
1195	451
1196	450
1197	450
1198	451
1199	452
1200	452
1201	453
1202	450
1203	453
1204	452
1205	454
1206	454
1207	455
1208	453
1209	456
1210	458
1211	457
1212	457
1213	458
1214	459
1215	458
1216	460
1217	459
1218	461
1219	463
1220	462
1221	462
1222	463
1223	464
1224	463
1225	465
1226	464
1227	465
1228	463
1229	466
1230	463
1231	467
1232	466
1233	468
1234	469
1235	470
1236	469
1237	471
1238	470
1239	470
1240	471
1241	472
1242	471
1243	473
1244	472
1245	472
1246	473
1247	474
1248	473
1249	475
1250	474
1251	474
1252	475
1253	476
1254	475
1255	477
1256	476
1257	476
1258	477
1259	478
1260	479
1261	481
1262	480
1263	423
1264	422
1265	482
1266	482
1267	422
1268	483
1269	422
1270	484
1271	483
1272	485
1273	486
1274	487
1275	486
1276	488
1277	487
1278	488
1279	486
1280	489
1281	489
1282	490
1283	488
1284	488
1285	490
1286	491
1287	491
1288	492
1289	488
1290	488
1291	492
1292	493
1293	492
1294	494
1295	493
1296	494
1297	492
1298	491
1299	491
1300	495
1301	494
1302	495
1303	491
1304	496
1305	496
1306	497
1307	495
1308	495
1309	497
1310	494
1311	497
1312	498
1313	494
1314	494
1315	498
1316	493
1317	498
1318	499
1319	493
1320	493
1321	499
1322	500
1323	500
1324	501
1325	493
1326	493
1327	501
1328	488
1329	501
1330	502
1331	488
1332	488
1333	502
1334	503
1335	503
1336	504
1337	488
1338	488
1339	504
1340	489
1341	504
1342	505
1343	489
1344	489
1345	505
1346	506
1347	505
1348	507
1349	506
1350	506
1351	490
1352	489
1353	499
1354	498
1355	508
1356	508
1357	498
1358	509
1359	498
1360	497
1361	509
1362	509
1363	497
1364	510
1365	497
1366	511
1367	510
1368	510
1369	511
1370	512
1371	511
1372	513
1373	512
1374	513
1375	511
1376	514
1377	511
1378	497
1379	514
1380	514
1381	497
1382	515
1383	497
1384	496
1385	515
1386	515
1387	496
1388	516
1389	516
1390	517
1391	515
1392	517
1393	516
1394	518
1395	508
1396	509
1397	512
1398	512
1399	509
1400	510
1401	513
1402	514
1403	519
1404	514
1405	515
1406	519
1407	519
1408	515
1409	517
1410	520
1411	445
1412	521
1413	521
1414	445
1415	522
1416	445
1417	446
1418	522
1419	522
1420	446
1421	448
1422	448
1423	450
1424	522
1425	522
1426	450
1427	453
1428	453
1429	523
1430	522
1431	522
1432	523
1433	521
1434	524
1435	526
1436	525
1437	527
1438	528
1439	529
1440	528
1441	530
1442	529
1443	469
1444	531
1445	471
1446	531
1447	532
1448	471
1449	471
1450	532
1451	533
1452	532
1453	534
1454	533
1455	533
1456	534
1457	477
1458	477
1459	475
1460	533
1461	533
1462	475
1463	473
1464	473
1465	471
1466	533
1467	535
1468	536
1469	537
1470	536
1471	538
1472	537
1473	537
1474	538
1475	539
1476	539
1477	540
1478	537
1479	541
1480	542
1481	543
1482	542
1483	544
1484	543
1485	545
1486	547
1487	546
1488	546
1489	547
1490	548
1491	547
1492	549
1493	548
1494	548
1495	549
1496	550
1497	549
1498	551
1499	550
1500	552
1501	554
1502	553
1503	553
1504	554
1505	555
1506	554
1507	556
1508	555
1509	555
1510	556
1511	557
1512	556
1513	558
1514	557
1515	557
1516	558
1517	559
1518	558
1519	560
1520	559
1521	560
1522	558
1523	561
1524	558
1525	556
1526	561
1527	561
1528	556
1529	562
1530	562
1531	563
1532	561
1533	564
1534	566
1535	565
1536	565
1537	566
1538	567
1539	566
1540	568
1541	567
1542	569
1543	570
1544	571
1545	570
1546	572
1547	571
1548	571
1549	572
1550	573
1551	573
1552	574
1553	571
1554	574
1555	573
1556	575
1557	573
1558	576
1559	575
1560	575
1561	576
1562	577
1563	577
1564	578
1565	575
1566	575
1567	578
1568	579
1569	578
1570	580
1571	579
1572	579
1573	580
1574	581
1575	580
1576	582
1577	581
1578	582
1579	580
1580	583
1581	580
1582	584
1583	583
1584	585
1585	586
1586	587
1587	586
1588	588
1589	587
1590	579
1591	581
1592	589
1593	581
1594	590
1595	589
1596	589
1597	590
1598	574
1599	590
1600	591
1601	574
1602	591
1603	590
1604	581
1605	561
1606	592
1607	560
1608	560
1609	592
1610	593
1611	592
1612	594
1613	593
1614	595
1615	596
1616	597
1617	598
1618	600
1619	599
1620	599
1621	600
1622	601
1623	602
1624	604
1625	603
1626	567
1627	605
1628	565
1629	605
1630	606
1631	565
1632	565
1633	606
1634	607
1635	608
1636	610
1637	609
1638	609
1639	610
1640	611
1641	611
1642	612
1643	609
1644	609
1645	612
1646	613
1647	612
1648	614
1649	613
1650	609
1651	613
1652	615
1653	613
1654	616
1655	615
1656	615
1657	616
1658	617
1659	617
1660	618
1661	615
1662	615
1663	618
1664	619
1665	576
1666	573
1667	620
1668	573
1669	621
1670	620
1671	621
1672	573
1673	622
1674	573
1675	572
1676	622
1677	622
1678	572
1679	623
1680	623
1681	624
1682	622
1683	624
1684	623
1685	625
1686	623
1687	626
1688	625
1689	625
1690	626
1691	627
1692	626
1693	628
1694	627
1695	627
1696	628
1697	629
1698	628
1699	630
1700	629
1701	628
1702	626
1703	570
1704	570
1705	626
1706	572
1707	626
1708	623
1709	572
1710	577
1711	631
1712	578
1713	578
1714	631
1715	580
1716	631
1717	632
1718	580
1719	562
1720	556
1721	633
1722	556
1723	554
1724	633
1725	633
1726	554
1727	634
1728	554
1729	635
1730	634
1731	635
1732	554
1733	552
1734	636
1735	637
1736	638
1737	637
1738	639
1739	638
1740	638
1741	639
1742	640
1743	639
1744	641
1745	640
1746	640
1747	641
1748	642
1749	642
1750	643
1751	640
1752	640
1753	643
1754	644
1755	644
1756	638
1757	640
1758	616
1759	613
1760	645
1761	613
1762	646
1763	645
1764	647
1765	648
1766	649
1767	650
1768	651
1769	652
1770	651
1771	653
1772	652
1773	652
1774	653
1775	654
1776	651
1777	655
1778	653
1779	653
1780	655
1781	656
1782	657
1783	659
1784	658
1785	660
1786	661
1787	662
1788	661
1789	663
1790	662
1791	663
1792	661
1793	664
1794	661
1795	665
1796	664
1797	664
1798	665
1799	663
1800	665
1801	666
1802	663
1803	663
1804	666
1805	667
1806	668
1807	670
1808	669
1809	669
1810	670
1811	671
1812	670
1813	672
1814	671
1815	671
1816	672
1817	673
1818	672
1819	674
1820	673
1821	673
1822	674
1823	675
1824	674
1825	676
1826	675
1827	675
1828	676
1829	677
1830	676
1831	678
1832	677
1833	679
1834	680
1835	681
1836	680
1837	682
1838	681
1839	681
1840	682
1841	683
1842	684
1843	685
1844	686
1845	685
1846	687
1847	686
1848	686
1849	687
1850	688
1851	687
1852	689
1853	688
1854	689
1855	687
1856	690
1857	691
1858	693
1859	692
1860	692
1861	693
1862	694
1863	695
1864	696
1865	697
1866	696
1867	698
1868	697
1869	697
1870	698
1871	699
1872	698
1873	700
1874	699
1875	676
1876	674
1877	701
1878	674
1879	672
1880	701
1881	702
1882	704
1883	703
1884	703
1885	704
1886	705
1887	704
1888	688
1889	705
1890	705
1891	688
1892	689
1893	706
1894	708
1895	707
1896	707
1897	708
1898	709
1899	708
1900	710
1901	709
1902	709
1903	710
1904	711
1905	710
1906	712
1907	711
1908	711
1909	712
1910	713
1911	712
1912	714
1913	713
1914	707
1915	709
1916	715
1917	715
1918	709
1919	716
1920	709
1921	711
1922	716
1923	716
1924	711
1925	713
1926	717
1927	718
1928	719
1929	718
1930	720
1931	719
1932	719
1933	720
1934	721
1935	721
1936	722
1937	719
1938	719
1939	722
1940	723
1941	723
1942	724
1943	719
1944	719
1945	724
1946	725
1947	724
1948	726
1949	725
1950	725
1951	726
1952	727
1953	727
1954	728
1955	725
1956	725
1957	728
1958	717
1959	717
1960	719
1961	725
1962	704
1963	686
1964	729
1965	686
1966	688
1967	729
1968	729
1969	688
1970	704
1971	730
1972	732
1973	731
1974	731
1975	732
1976	733
1977	732
1978	734
1979	733
1980	734
1981	732
1982	735
1983	732
1984	736
1985	735
1986	735
1987	736
1988	737
1989	738
1990	739
1991	737
1992	739
1993	740
1994	737
1995	737
1996	740
1997	741
1998	740
1999	742
2000	741
2001	741
2002	742
2003	743
2004	742
2005	744
2006	743
2007	743
2008	744
2009	745
2010	744
2011	742
2012	745
2013	745
2014	742
2015	746
2016	742
2017	740
2018	746
2019	746
2020	740
2021	747
2022	747
2023	745
2024	746
2025	745
2026	747
2027	748
2028	747
2029	749
2030	748
2031	748
2032	749
2033	750
2034	749
2035	751
2036	750
2037	751
2038	749
2039	747
2040	747
2041	752
2042	751
2043	752
2044	747
2045	740
2046	740
2047	739
2048	752
2049	752
2050	739
2051	751
2052	739
2053	753
2054	751
2055	751
2056	753
2057	730
2058	753
2059	732
2060	730
2061	732
2062	753
2063	739
2064	739
2065	736
2066	732
2067	754
2068	756
2069	755
2070	755
2071	756
2072	748
2073	756
2074	757
2075	748
2076	748
2077	757
2078	758
2079	757
2080	759
2081	758
2082	758
2083	759
2084	760
2085	760
2086	745
2087	758
2088	758
2089	745
2090	748
2091	761
2092	755
2093	750
2094	750
2095	755
2096	748
2097	743
2098	745
2099	760
2100	730
2101	731
2102	762
2103	731
2104	763
2105	762
2106	763
2107	731
2108	733
2109	733
2110	764
2111	763
2112	763
2113	764
2114	762
2115	764
2116	754
2117	762
2118	762
2119	754
2120	750
2121	750
2122	765
2123	762
2124	762
2125	765
2126	730
2127	765
2128	751
2129	730
2130	751
2131	765
2132	750
2133	766
2134	768
2135	767
2136	767
2137	768
2138	769
2139	768
2140	770
2141	769
2142	770
2143	768
2144	771
2145	768
2146	772
2147	771
2148	771
2149	772
2150	773
2151	772
2152	774
2153	773
2154	774
2155	772
2156	775
2157	772
2158	766
2159	775
2160	766
2161	772
2162	768
2163	776
2164	775
2165	777
2166	777
2167	775
2168	778
2169	775
2170	766
2171	778
2172	778
2173	766
2174	767
2175	767
2176	769
2177	778
2178	778
2179	769
2180	779
2181	779
2182	777
2183	778
2184	780
2185	781
2186	782
2187	781
2188	783
2189	782
2190	782
2191	783
2192	784
2193	783
2194	785
2195	784
2196	786
2197	788
2198	787
2199	787
2200	788
2201	789
2202	788
2203	790
2204	789
2205	791
2206	792
2207	793
2208	792
2209	794
2210	793
2211	793
2212	794
2213	795
2214	794
2215	796
2216	795
2217	796
2218	794
2219	797
2220	794
2221	792
2222	797
2223	797
2224	792
2225	798
2226	799
2227	801
2228	800
2229	802
2230	803
2231	804
2232	805
2233	807
2234	806
2235	806
2236	807
2237	808
2238	807
2239	809
2240	808
2241	808
2242	809
2243	810
2244	810
2245	811
2246	808
2247	808
2248	812
2249	806
2250	812
2251	813
2252	806
2253	806
2254	813
2255	814
2256	813
2257	815
2258	814
2259	815
2260	813
2261	816
2262	813
2263	817
2264	816
2265	817
2266	813
2267	818
2268	818
2269	819
2270	817
2271	820
2272	821
2273	822
2274	821
2275	823
2276	822
2277	822
2278	823
2279	824
2280	823
2281	825
2282	824
2283	824
2284	825
2285	826
2286	826
2287	827
2288	824
2289	824
2290	827
2291	828
2292	827
2293	829
2294	828
2295	828
2296	822
2297	824
2298	830
2299	832
2300	831
2301	833
2302	834
2303	835
2304	834
2305	836
2306	835
2307	835
2308	836
2309	837
2310	836
2311	834
2312	837
2313	837
2314	834
2315	838
2316	838
2317	839
2318	837
2319	837
2320	839
2321	840
2322	839
2323	841
2324	840
2325	840
2326	841
2327	842
2328	842
2329	837
2330	840
2331	837
2332	842
2333	835
2334	843
2335	779
2336	770
2337	770
2338	779
2339	769
2340	844
2341	845
2342	812
2343	845
2344	846
2345	812
2346	812
2347	846
2348	813
2349	846
2350	818
2351	813
2352	847
2353	848
2354	849
2355	848
2356	850
2357	849
2358	849
2359	850
2360	851
2361	850
2362	852
2363	851
2364	852
2365	850
2366	853
2367	850
2368	854
2369	853
2370	853
2371	854
2372	855
2373	856
2374	857
2375	858
2376	857
2377	859
2378	858
2379	858
2380	859
2381	860
2382	859
2383	861
2384	860
2385	860
2386	861
2387	862
2388	861
2389	863
2390	862
2391	862
2392	863
2393	864
2394	865
2395	793
2396	866
2397	866
2398	793
2399	795
2400	857
2401	867
2402	859
2403	859
2404	867
2405	868
2406	868
2407	863
2408	859
2409	859
2410	863
2411	861
2412	848
2413	869
2414	850
2415	850
2416	869
2417	854
2418	870
2419	872
2420	871
2421	871
2422	872
2423	873
2424	872
2425	874
2426	873
2427	873
2428	874
2429	875
2430	875
2431	876
2432	873
2433	873
2434	876
2435	871
2436	877
2437	878
2438	879
2439	878
2440	880
2441	879
2442	879
2443	880
2444	881
2445	880
2446	882
2447	881
2448	881
2449	882
2450	883
2451	883
2452	884
2453	881
2454	878
2455	885
2456	880
2457	885
2458	886
2459	880
2460	880
2461	886
2462	887
2463	888
2464	890
2465	889
2466	889
2467	890
2468	891
2469	890
2470	892
2471	891
2472	891
2473	892
2474	893
2475	892
2476	894
2477	893
2478	894
2479	892
2480	895
2481	892
2482	896
2483	895
2484	896
2485	892
2486	890
2487	897
2488	898
2489	896
2490	896
2491	898
2492	899
2493	899
2494	900
2495	896
2496	896
2497	900
2498	895
2499	900
2500	901
2501	895
2502	895
2503	901
2504	894
2505	901
2506	902
2507	894
2508	894
2509	902
2510	903
2511	902
2512	904
2513	903
2514	903
2515	904
2516	905
2517	904
2518	906
2519	905
2520	906
2521	904
2522	900
2523	904
2524	902
2525	900
2526	900
2527	902
2528	901
2529	907
2530	886
2531	908
2532	908
2533	886
2534	885
2535	909
2536	911
2537	910
2538	910
2539	911
2540	912
2541	912
2542	841
2543	910
2544	910
2545	841
2546	913
2547	841
2548	839
2549	913
2550	913
2551	839
2552	914
2553	839
2554	915
2555	914
2556	915
2557	839
2558	838
2559	838
2560	916
2561	915
2562	915
2563	916
2564	914
2565	916
2566	917
2567	914
2568	914
2569	917
2570	918
2571	918
2572	909
2573	914
2574	914
2575	909
2576	913
2577	909
2578	910
2579	913
