0	0.729
1	0.012
2	0.318
3	0.725
4	0.012
5	0.325
6	0.722
7	0.012
8	0.329
9	0.714
10	0.012
11	0.318
12	0.710
13	0.012
14	0.325
15	0.725
16	0.137
17	0.204
18	0.722
19	0.063
20	0.114
21	0.761
22	0.043
23	0.173
24	0.729
25	0.012
26	0.133
27	0.757
28	0.012
29	0.173
30	0.722
31	0.012
32	0.141
33	0.718
34	0.012
35	0.137
36	0.761
37	0.259
38	0.204
39	0.831
40	0.247
41	0.208
42	0.737
43	0.188
44	0.224
45	0.827
46	0.165
47	0.224
48	0.871
49	0.235
50	0.227
51	0.871
52	0.176
53	0.231
54	0.847
55	0.071
56	0.165
57	0.871
58	0.149
59	0.216
60	0.871
61	0.071
62	0.169
63	0.871
64	0.141
65	0.227
66	0.871
67	0.067
68	0.180
69	0.831
70	0.247
71	0.208
72	0.757
73	0.365
74	0.106
75	0.757
76	0.369
77	0.106
78	0.831
79	0.247
80	0.208
81	0.761
82	0.259
83	0.204
84	0.757
85	0.369
86	0.106
87	0.788
88	0.012
89	0.180
90	0.776
91	0.012
92	0.180
93	0.753
94	0.012
95	0.184
96	0.769
97	0.012
98	0.188
99	0.816
100	0.051
101	0.345
102	0.871
103	0.012
104	0.310
105	0.871
106	0.016
107	0.318
108	0.871
109	0.024
110	0.302
111	0.871
112	0.027
113	0.314
114	0.831
115	0.247
116	0.208
117	0.871
118	0.235
119	0.227
120	0.871
121	0.263
122	0.208
123	0.871
124	0.243
125	0.235
126	0.871
127	0.271
128	0.216
129	0.847
130	0.071
131	0.165
132	0.871
133	0.071
134	0.169
135	0.871
136	0.055
137	0.165
138	0.871
139	0.067
140	0.180
141	0.871
142	0.051
143	0.176
144	0.722
145	0.012
146	0.310
147	0.725
148	0.012
149	0.314
150	0.725
151	0.012
152	0.322
153	0.749
154	0.012
155	0.180
156	0.753
157	0.380
158	0.106
159	0.757
160	0.369
161	0.106
162	0.757
163	0.380
164	0.106
165	0.855
166	0.353
167	0.106
168	0.855
169	0.365
170	0.106
171	0.757
172	0.365
173	0.106
174	0.859
175	0.333
176	0.125
177	0.831
178	0.247
179	0.208
180	0.871
181	0.325
182	0.141
183	0.871
184	0.306
185	0.161
186	0.871
187	0.263
188	0.208
189	0.871
190	0.271
191	0.216
192	0.871
193	0.314
194	0.169
195	0.859
196	0.012
197	0.443
198	0.863
199	0.012
200	0.443
201	0.855
202	0.012
203	0.431
204	0.878
205	0.012
206	0.431
207	0.871
208	0.012
209	0.424
210	0.831
211	0.043
212	0.384
213	0.871
214	0.027
215	0.392
216	0.871
217	0.024
218	0.427
219	0.871
220	0.039
221	0.396
222	0.871
223	0.365
224	0.106
225	0.871
226	0.353
227	0.106
228	0.855
229	0.365
230	0.106
231	0.855
232	0.353
233	0.106
234	0.859
235	0.333
236	0.125
237	0.871
238	0.341
239	0.118
240	0.871
241	0.325
242	0.141
243	0.871
244	0.306
245	0.161
246	0.871
247	0.314
248	0.169
249	0.871
250	0.349
251	0.125
252	0.871
253	0.361
254	0.114
255	0.867
256	0.012
257	0.141
258	0.863
259	0.012
260	0.141
261	0.871
262	0.012
263	0.133
264	0.867
265	0.012
266	0.129
267	0.871
268	0.031
269	0.137
270	0.871
271	0.024
272	0.149
273	0.871
274	0.008
275	0.141
276	0.871
277	0.024
278	0.149
279	0.871
280	0.047
281	0.173
282	0.871
283	0.031
284	0.137
285	0.871
286	0.055
287	0.165
288	0.867
289	0.012
290	0.129
291	0.855
292	0.012
293	0.133
294	0.863
295	0.012
296	0.141
297	0.827
298	0.012
299	0.153
300	0.788
301	0.012
302	0.180
303	0.761
304	0.043
305	0.173
306	0.769
307	0.125
308	0.216
309	0.725
310	0.137
311	0.204
312	0.835
313	0.012
314	0.161
315	0.835
316	0.012
317	0.165
318	0.800
319	0.012
320	0.173
321	0.808
322	0.012
323	0.180
324	0.788
325	0.012
326	0.188
327	0.796
328	0.012
329	0.196
330	0.788
331	0.012
332	0.200
333	0.780
334	0.012
335	0.196
336	0.769
337	0.012
338	0.188
339	0.776
340	0.012
341	0.180
342	0.871
343	0.047
344	0.176
345	0.871
346	0.051
347	0.176
348	0.871
349	0.145
350	0.227
351	0.871
352	0.173
353	0.243
354	0.871
355	0.176
356	0.243
357	0.871
358	0.235
359	0.239
360	0.871
361	0.239
362	0.239
363	0.871
364	0.243
365	0.235
366	0.729
367	0.012
368	0.318
369	0.773
370	0.012
371	0.282
372	0.722
373	0.012
374	0.329
375	0.769
376	0.067
377	0.361
378	0.722
379	0.016
380	0.333
381	0.733
382	0.047
383	0.392
384	0.757
385	0.051
386	0.408
387	0.831
388	0.043
389	0.384
390	0.816
391	0.012
392	0.427
393	0.855
394	0.012
395	0.431
396	0.804
397	0.012
398	0.435
399	0.765
400	0.012
401	0.435
402	0.804
403	0.012
404	0.447
405	0.765
406	0.012
407	0.447
408	0.761
409	0.012
410	0.447
411	0.741
412	0.012
413	0.435
414	0.745
415	0.012
416	0.427
417	0.737
418	0.012
419	0.420
420	0.729
421	0.012
422	0.427
423	0.725
424	0.012
425	0.424
426	0.773
427	0.012
428	0.282
429	0.812
430	0.012
431	0.278
432	0.816
433	0.051
434	0.345
435	0.871
436	0.012
437	0.310
438	0.871
439	0.020
440	0.322
441	0.871
442	0.020
443	0.333
444	0.871
445	0.016
446	0.318
447	0.871
448	0.020
449	0.333
450	0.871
451	0.027
452	0.314
453	0.871
454	0.031
455	0.329
456	0.871
457	0.027
458	0.392
459	0.871
460	0.031
461	0.333
462	0.871
463	0.039
464	0.388
465	0.871
466	0.039
467	0.392
468	0.871
469	0.039
470	0.396
471	0.722
472	0.012
473	0.310
474	0.765
475	0.012
476	0.275
477	0.737
478	0.012
479	0.435
480	0.769
481	0.012
482	0.271
483	0.855
484	0.012
485	0.443
486	0.859
487	0.012
488	0.443
489	0.812
490	0.012
491	0.278
492	0.773
493	0.012
494	0.282
495	0.812
496	0.012
497	0.275
498	0.769
499	0.012
500	0.271
501	0.808
502	0.012
503	0.263
504	0.812
505	0.012
506	0.263
507	0.816
508	0.012
509	0.263
510	0.875
511	0.012
512	0.298
513	0.871
514	0.012
515	0.310
516	0.729
517	0.878
518	0.220
519	0.851
520	0.871
521	0.227
522	0.749
523	0.851
524	0.231
525	0.816
526	0.847
527	0.231
528	0.851
529	0.871
530	0.227
531	0.729
532	0.878
533	0.220
534	0.820
535	0.855
536	0.208
537	0.729
538	0.878
539	0.220
540	0.820
541	0.855
542	0.208
543	0.753
544	0.851
545	0.220
546	0.729
547	0.910
548	0.341
549	0.792
550	0.863
551	0.392
552	0.761
553	0.875
554	0.416
555	0.757
556	0.831
557	0.420
558	0.733
559	0.855
560	0.267
561	0.749
562	0.808
563	0.255
564	0.784
565	0.824
566	0.286
567	0.784
568	0.769
569	0.255
570	0.824
571	0.820
572	0.251
573	0.749
574	0.808
575	0.255
576	0.784
577	0.769
578	0.255
579	0.737
580	0.765
581	0.212
582	0.749
583	0.851
584	0.231
585	0.816
586	0.847
587	0.231
588	0.753
589	0.851
590	0.220
591	0.820
592	0.855
593	0.208
594	0.753
595	0.757
596	0.365
597	0.757
598	0.753
599	0.404
600	0.831
601	0.741
602	0.349
603	0.871
604	0.749
605	0.412
606	0.871
607	0.745
608	0.361
609	0.871
610	0.737
611	0.412
612	0.871
613	0.733
614	0.361
615	0.757
616	0.753
617	0.404
618	0.871
619	0.753
620	0.412
621	0.792
622	0.792
623	0.439
624	0.871
625	0.792
626	0.443
627	0.871
628	0.800
629	0.459
630	0.871
631	0.788
632	0.467
633	0.871
634	0.808
635	0.498
636	0.871
637	0.820
638	0.494
639	0.871
640	0.812
641	0.502
642	0.871
643	0.820
644	0.506
645	0.871
646	0.827
647	0.498
648	0.831
649	0.820
650	0.494
651	0.788
652	0.847
653	0.498
654	0.827
655	0.827
656	0.498
657	0.871
658	0.816
659	0.498
660	0.827
661	0.816
662	0.498
663	0.824
664	0.816
665	0.498
666	0.820
667	0.816
668	0.498
669	0.780
670	0.835
671	0.498
672	0.776
673	0.839
674	0.498
675	0.757
676	0.753
677	0.404
678	0.871
679	0.749
680	0.412
681	0.871
682	0.753
683	0.412
684	0.871
685	0.749
686	0.420
687	0.816
688	0.804
689	0.337
690	0.831
691	0.741
692	0.349
693	0.855
694	0.824
695	0.302
696	0.871
697	0.745
698	0.361
699	0.871
700	0.784
701	0.333
702	0.871
703	0.776
704	0.325
705	0.871
706	0.812
707	0.294
708	0.871
709	0.824
710	0.302
711	0.871
712	0.831
713	0.271
714	0.871
715	0.820
716	0.271
717	0.816
718	0.847
719	0.231
720	0.824
721	0.820
722	0.251
723	0.871
724	0.831
725	0.259
726	0.843
727	0.784
728	0.220
729	0.871
730	0.745
731	0.196
732	0.871
733	0.776
734	0.212
735	0.871
736	0.741
737	0.196
738	0.871
739	0.773
740	0.220
741	0.871
742	0.737
743	0.204
744	0.871
745	0.647
746	0.114
747	0.871
748	0.651
749	0.106
750	0.871
751	0.647
752	0.106
753	0.804
754	0.651
755	0.106
756	0.788
757	0.647
758	0.106
759	0.788
760	0.635
761	0.106
762	0.871
763	0.635
764	0.106
765	0.878
766	0.639
767	0.106
768	0.882
769	0.647
770	0.106
771	0.882
772	0.651
773	0.106
774	0.871
775	0.733
776	0.361
777	0.871
778	0.733
779	0.353
780	0.871
781	0.737
782	0.349
783	0.871
784	0.741
785	0.420
786	0.871
787	0.749
788	0.424
789	0.871
790	0.749
791	0.424
792	0.871
793	0.784
794	0.451
795	0.871
796	0.780
797	0.220
798	0.871
799	0.875
800	0.184
801	0.871
802	0.882
803	0.196
804	0.871
805	0.871
806	0.192
807	0.871
808	0.871
809	0.196
810	0.871
811	0.875
812	0.208
813	0.871
814	0.886
815	0.216
816	0.863
817	0.878
818	0.192
819	0.871
820	0.949
821	0.122
822	0.863
823	0.847
824	0.169
825	0.871
826	0.875
827	0.129
828	0.871
829	0.847
830	0.157
831	0.871
832	0.855
833	0.165
834	0.871
835	0.878
836	0.141
837	0.871
838	0.922
839	0.137
840	0.871
841	0.882
842	0.196
843	0.871
844	0.875
845	0.184
846	0.871
847	0.878
848	0.141
849	0.871
850	0.922
851	0.137
852	0.871
853	0.949
854	0.122
855	0.871
856	0.882
857	0.196
858	0.871
859	0.922
860	0.137
861	0.871
862	0.949
863	0.122
864	0.729
865	0.871
866	0.318
867	0.733
868	0.855
869	0.267
870	0.757
871	0.843
872	0.353
873	0.784
874	0.824
875	0.286
876	0.769
877	0.804
878	0.337
879	0.753
880	0.757
881	0.365
882	0.757
883	0.831
884	0.420
885	0.792
886	0.863
887	0.392
888	0.729
889	0.871
890	0.318
891	0.757
892	0.843
893	0.353
894	0.729
895	0.910
896	0.341
897	0.792
898	0.863
899	0.392
900	0.729
901	0.878
902	0.220
903	0.733
904	0.855
905	0.267
906	0.749
907	0.851
908	0.231
909	0.749
910	0.808
911	0.255
912	0.753
913	0.851
914	0.220
915	0.753
916	0.757
917	0.365
918	0.769
919	0.804
920	0.337
921	0.831
922	0.741
923	0.349
924	0.816
925	0.804
926	0.337
927	0.816
928	0.804
929	0.337
930	0.855
931	0.824
932	0.302
933	0.769
934	0.804
935	0.337
936	0.784
937	0.824
938	0.286
939	0.824
940	0.820
941	0.251
942	0.871
943	0.831
944	0.271
945	0.871
946	0.831
947	0.259
948	0.871
949	0.820
950	0.271
951	0.871
952	0.820
953	0.259
954	0.871
955	0.824
956	0.251
957	0.871
958	0.831
959	0.247
960	0.824
961	0.820
962	0.251
963	0.784
964	0.769
965	0.255
966	0.843
967	0.784
968	0.220
969	0.820
970	0.761
971	0.212
972	0.871
973	0.745
974	0.196
975	0.871
976	0.741
977	0.196
978	0.871
979	0.733
980	0.188
981	0.753
982	0.722
983	0.184
984	0.737
985	0.765
986	0.212
987	0.824
988	0.820
989	0.251
990	0.843
991	0.784
992	0.220
993	0.816
994	0.847
995	0.231
996	0.820
997	0.855
998	0.208
999	0.863
1000	0.847
1001	0.169
1002	0.871
1003	0.835
1004	0.165
1005	0.871
1006	0.847
1007	0.157
1008	0.871
1009	0.843
1010	0.176
1011	0.871
1012	0.855
1013	0.165
1014	0.863
1015	0.847
1016	0.169
1017	0.820
1018	0.855
1019	0.208
1020	0.863
1021	0.878
1022	0.192
1023	0.851
1024	0.871
1025	0.227
1026	0.871
1027	0.886
1028	0.216
1029	0.871
1030	0.835
1031	0.255
1032	0.871
1033	0.875
1034	0.208
1035	0.871
1036	0.827
1037	0.247
1038	0.871
1039	0.824
1040	0.251
1041	0.871
1042	0.824
1043	0.255
1044	0.788
1045	0.635
1046	0.106
1047	0.749
1048	0.635
1049	0.106
1050	0.788
1051	0.647
1052	0.106
1053	0.749
1054	0.647
1055	0.106
1056	0.804
1057	0.651
1058	0.106
1059	0.871
1060	0.725
1061	0.184
1062	0.871
1063	0.729
1064	0.200
1065	0.871
1066	0.733
1067	0.204
1068	0.871
1069	0.737
1070	0.204
1071	0.871
1072	0.647
1073	0.118
1074	0.871
1075	0.651
1076	0.106
1077	0.871
1078	0.710
1079	0.180
1080	0.871
1081	0.718
1082	0.173
1083	0.871
1084	0.714
1085	0.184
1086	0.871
1087	0.725
1088	0.180
1089	0.871
1090	0.722
1091	0.176
1092	0.871
1093	0.714
1094	0.188
1095	0.871
1096	0.718
1097	0.173
1098	0.871
1099	0.718
1100	0.192
1101	0.871
1102	0.722
1103	0.196
1104	0.871
1105	0.780
1106	0.220
1107	0.871
1108	0.776
1109	0.212
1110	0.871
1111	0.784
1112	0.216
1113	0.871
1114	0.788
1115	0.196
1116	0.871
1117	0.796
1118	0.204
1119	0.871
1120	0.835
1121	0.259
1122	0.816
1123	0.847
1124	0.231
1125	0.871
1126	0.831
1127	0.259
1128	0.871
1129	0.831
1130	0.255
1131	0.780
1132	0.922
1133	0.576
1134	0.827
1135	0.827
1136	0.498
1137	0.871
1138	0.918
1139	0.573
1140	0.871
1141	0.898
1142	0.557
1143	0.871
1144	0.906
1145	0.580
1146	0.871
1147	0.890
1148	0.569
1149	0.780
1150	0.922
1151	0.576
1152	0.827
1153	0.827
1154	0.498
1155	0.788
1156	0.847
1157	0.498
1158	0.827
1159	0.824
1160	0.498
1161	0.824
1162	0.812
1163	0.498
1164	0.827
1165	0.812
1166	0.498
1167	0.831
1168	0.812
1169	0.498
1170	0.871
1171	0.827
1172	0.498
1173	0.871
1174	0.816
1175	0.498
1176	0.871
1177	0.898
1178	0.557
1179	0.871
1180	0.890
1181	0.569
1182	0.871
1183	0.820
1184	0.506
1185	0.749
1186	0.984
1187	0.643
1188	0.761
1189	0.984
1190	0.639
1191	0.757
1192	0.984
1193	0.647
1194	0.855
1195	0.984
1196	0.667
1197	0.851
1198	0.984
1199	0.678
1200	0.855
1201	0.984
1202	0.678
1203	0.859
1204	0.984
1205	0.678
1206	0.875
1207	0.984
1208	0.675
1209	0.871
1210	0.984
1211	0.663
1212	0.867
1213	0.976
1214	0.663
1215	0.769
1216	0.973
1217	0.627
1218	0.780
1219	0.922
1220	0.576
1221	0.871
1222	0.961
1223	0.643
1224	0.871
1225	0.976
1226	0.671
1227	0.871
1228	0.953
1229	0.651
1230	0.871
1231	0.929
1232	0.608
1233	0.871
1234	0.922
1235	0.616
1236	0.871
1237	0.918
1238	0.616
1239	0.871
1240	0.918
1241	0.612
1242	0.871
1243	0.918
1244	0.573
1245	0.871
1246	0.906
1247	0.580
1248	0.776
1249	0.839
1250	0.498
1251	0.780
1252	0.835
1253	0.498
1254	0.729
1255	0.067
1256	0.239
1257	0.722
1258	0.016
1259	0.333
1260	0.722
1261	0.012
1262	0.329
1263	0.733
1264	0.047
1265	0.392
1266	0.737
1267	0.012
1268	0.420
1269	0.710
1270	0.012
1271	0.329
1272	0.710
1273	0.012
1274	0.325
1275	0.714
1276	0.012
1277	0.318
1278	0.725
1279	0.012
1280	0.325
1281	0.733
1282	0.012
1283	0.247
1284	0.722
1285	0.012
1286	0.247
1287	0.733
1288	0.047
1289	0.392
1290	0.733
1291	0.333
1292	0.180
1293	0.757
1294	0.369
1295	0.106
1296	0.725
1297	0.337
1298	0.106
1299	0.729
1300	0.337
1301	0.106
1302	0.729
1303	0.012
1304	0.318
1305	0.729
1306	0.012
1307	0.498
1308	0.733
1309	0.012
1310	0.302
1311	0.718
1312	0.012
1313	0.498
1314	0.722
1315	0.012
1316	0.302
1317	0.733
1318	0.012
1319	0.290
1320	0.745
1321	0.012
1322	0.302
1323	0.733
1324	0.012
1325	0.302
1326	0.729
1327	0.067
1328	0.239
1329	0.729
1330	0.012
1331	0.318
1332	0.729
1333	0.039
1334	0.369
1335	0.729
1336	0.012
1337	0.498
1338	0.729
1339	0.145
1340	0.369
1341	0.733
1342	0.200
1343	0.208
1344	0.729
1345	0.278
1346	0.337
1347	0.733
1348	0.333
1349	0.180
1350	0.729
1351	0.302
1352	0.337
1353	0.733
1354	0.361
1355	0.224
1356	0.729
1357	0.345
1358	0.302
1359	0.729
1360	0.267
1361	0.498
1362	0.729
1363	0.384
1364	0.302
1365	0.729
1366	0.384
1367	0.400
1368	0.729
1369	0.067
1370	0.239
1371	0.733
1372	0.200
1373	0.208
1374	0.737
1375	0.188
1376	0.224
1377	0.733
1378	0.333
1379	0.180
1380	0.761
1381	0.259
1382	0.204
1383	0.733
1384	0.012
1385	0.302
1386	0.729
1387	0.067
1388	0.239
1389	0.737
1390	0.012
1391	0.373
1392	0.733
1393	0.047
1394	0.392
1395	0.737
1396	0.012
1397	0.420
1398	0.749
1399	0.012
1400	0.420
1401	0.749
1402	0.012
1403	0.373
1404	0.733
1405	0.361
1406	0.224
1407	0.733
1408	0.420
1409	0.106
1410	0.729
1411	0.345
1412	0.302
1413	0.733
1414	0.498
1415	0.106
1416	0.729
1417	0.384
1418	0.302
1419	0.729
1420	0.498
1421	0.302
1422	0.729
1423	0.384
1424	0.400
1425	0.729
1426	0.498
1427	0.498
1428	0.729
1429	0.267
1430	0.498
1431	0.718
1432	0.498
1433	0.498
1434	0.718
1435	0.267
1436	0.498
1437	0.733
1438	0.333
1439	0.180
1440	0.757
1441	0.369
1442	0.106
1443	0.761
1444	0.259
1445	0.204
1446	0.725
1447	0.012
1448	0.420
1449	0.737
1450	0.012
1451	0.431
1452	0.749
1453	0.012
1454	0.420
1455	0.714
1456	0.341
1457	0.106
1458	0.725
1459	0.337
1460	0.106
1461	0.722
1462	0.325
1463	0.106
1464	0.725
1465	0.329
1466	0.106
1467	0.729
1468	0.333
1469	0.106
1470	0.761
1471	0.259
1472	0.204
1473	0.737
1474	0.188
1475	0.224
1476	0.725
1477	0.322
1478	0.106
1479	0.722
1480	0.239
1481	0.106
1482	0.722
1483	0.247
1484	0.141
1485	0.725
1486	0.137
1487	0.204
1488	0.729
1489	0.067
1490	0.239
1491	0.722
1492	0.063
1493	0.114
1494	0.722
1495	0.059
1496	0.106
1497	0.710
1498	0.059
1499	0.106
1500	0.710
1501	0.239
1502	0.106
1503	0.714
1504	0.329
1505	0.106
1506	0.714
1507	0.333
1508	0.106
1509	0.718
1510	0.337
1511	0.106
1512	0.722
1513	0.341
1514	0.106
1515	0.749
1516	0.376
1517	0.106
1518	0.757
1519	0.369
1520	0.106
1521	0.753
1522	0.380
1523	0.106
1524	0.714
1525	0.039
1526	0.106
1527	0.725
1528	0.039
1529	0.106
1530	0.725
1531	0.012
1532	0.106
1533	0.729
1534	0.012
1535	0.133
1536	0.714
1537	0.012
1538	0.106
1539	0.718
1540	0.012
1541	0.137
1542	0.733
1543	0.012
1544	0.149
1545	0.733
1546	0.012
1547	0.173
1548	0.733
1549	0.012
1550	0.247
1551	0.722
1552	0.012
1553	0.173
1554	0.722
1555	0.012
1556	0.247
1557	0.722
1558	0.012
1559	0.149
1560	0.718
1561	0.012
1562	0.498
1563	0.718
1564	0.224
1565	0.498
1566	0.729
1567	0.224
1568	0.498
1569	0.718
1570	0.267
1571	0.498
1572	0.722
1573	0.420
1574	0.106
1575	0.718
1576	0.349
1577	0.106
1578	0.722
1579	0.345
1580	0.106
1581	0.722
1582	0.420
1583	0.106
1584	0.733
1585	0.420
1586	0.106
1587	0.722
1588	0.345
1589	0.106
1590	0.729
1591	0.353
1592	0.106
1593	0.722
1594	0.420
1595	0.106
1596	0.722
1597	0.498
1598	0.106
1599	0.725
1600	0.498
1601	0.302
1602	0.718
1603	0.498
1604	0.302
1605	0.737
1606	0.012
1607	0.373
1608	0.733
1609	0.012
1610	0.325
1611	0.745
1612	0.012
1613	0.373
1614	0.737
1615	0.012
1616	0.318
1617	0.741
1618	0.012
1619	0.318
1620	0.745
1621	0.012
1622	0.314
1623	0.737
1624	0.012
1625	0.310
1626	0.737
1627	0.012
1628	0.302
1629	0.745
1630	0.012
1631	0.306
1632	0.745
1633	0.012
1634	0.302
1635	0.733
1636	0.361
1637	0.224
1638	0.733
1639	0.420
1640	0.106
1641	0.733
1642	0.333
1643	0.180
1644	0.729
1645	0.345
1646	0.106
1647	0.725
1648	0.337
1649	0.106
1650	0.718
1651	0.349
1652	0.106
1653	0.714
1654	0.341
1655	0.106
1656	0.729
1657	0.498
1658	0.302
1659	0.733
1660	0.596
1661	0.302
1662	0.733
1663	0.498
1664	0.106
1665	0.733
1666	0.635
1667	0.267
1668	0.733
1669	0.573
1670	0.106
1671	0.733
1672	0.675
1673	0.267
1674	0.733
1675	0.682
1676	0.188
1677	0.733
1678	0.729
1679	0.306
1680	0.733
1681	0.792
1682	0.271
1683	0.733
1684	0.612
1685	0.106
1686	0.722
1687	0.573
1688	0.106
1689	0.722
1690	0.612
1691	0.106
1692	0.729
1693	0.718
1694	0.153
1695	0.741
1696	0.655
1697	0.106
1698	0.737
1699	0.765
1700	0.212
1701	0.749
1702	0.647
1703	0.106
1704	0.753
1705	0.722
1706	0.184
1707	0.733
1708	0.855
1709	0.267
1710	0.729
1711	0.878
1712	0.220
1713	0.729
1714	0.871
1715	0.318
1716	0.733
1717	0.984
1718	0.216
1719	0.729
1720	0.984
1721	0.216
1722	0.729
1723	0.910
1724	0.341
1725	0.729
1726	0.984
1727	0.451
1728	0.718
1729	0.984
1730	0.451
1731	0.718
1732	0.984
1733	0.455
1734	0.741
1735	0.984
1736	0.475
1737	0.737
1738	0.984
1739	0.455
1740	0.749
1741	0.984
1742	0.498
1743	0.776
1744	0.925
1745	0.467
1746	0.757
1747	0.973
1748	0.498
1749	0.741
1750	0.973
1751	0.498
1752	0.741
1753	0.976
1754	0.498
1755	0.729
1756	0.878
1757	0.220
1758	0.737
1759	0.875
1760	0.106
1761	0.733
1762	0.875
1763	0.106
1764	0.733
1765	0.871
1766	0.106
1767	0.729
1768	0.984
1769	0.451
1770	0.733
1771	0.910
1772	0.404
1773	0.761
1774	0.875
1775	0.416
1776	0.741
1777	0.647
1778	0.106
1779	0.753
1780	0.722
1781	0.184
1782	0.749
1783	0.647
1784	0.106
1785	0.753
1786	0.757
1787	0.365
1788	0.757
1789	0.753
1790	0.404
1791	0.733
1792	0.773
1793	0.427
1794	0.753
1795	0.757
1796	0.365
1797	0.757
1798	0.831
1799	0.420
1800	0.733
1801	0.773
1802	0.427
1803	0.761
1804	0.875
1805	0.416
1806	0.753
1807	0.722
1808	0.184
1809	0.733
1810	0.792
1811	0.271
1812	0.737
1813	0.765
1814	0.212
1815	0.741
1816	0.647
1817	0.106
1818	0.729
1819	0.647
1820	0.106
1821	0.729
1822	0.651
1823	0.106
1824	0.757
1825	0.831
1826	0.420
1827	0.757
1828	0.878
1829	0.478
1830	0.761
1831	0.875
1832	0.416
1833	0.776
1834	0.925
1835	0.467
1836	0.757
1837	0.973
1838	0.498
1839	0.753
1840	0.969
1841	0.498
1842	0.749
1843	0.973
1844	0.498
1845	0.753
1846	0.906
1847	0.498
1848	0.741
1849	0.969
1850	0.498
1851	0.741
1852	0.906
1853	0.498
1854	0.741
1855	0.902
1856	0.498
1857	0.745
1858	0.898
1859	0.498
1860	0.718
1861	0.984
1862	0.216
1863	0.718
1864	0.984
1865	0.212
1866	0.722
1867	0.984
1868	0.208
1869	0.733
1870	0.984
1871	0.106
1872	0.722
1873	0.984
1874	0.106
1875	0.722
1876	0.941
1877	0.106
1878	0.733
1879	0.941
1880	0.106
1881	0.722
1882	0.875
1883	0.106
1884	0.733
1885	0.875
1886	0.106
1887	0.725
1888	0.867
1889	0.106
1890	0.733
1891	0.863
1892	0.106
1893	0.729
1894	0.984
1895	0.478
1896	0.737
1897	0.984
1898	0.502
1899	0.722
1900	0.498
1901	0.106
1902	0.718
1903	0.498
1904	0.302
1905	0.725
1906	0.498
1907	0.302
1908	0.722
1909	0.612
1910	0.106
1911	0.722
1912	0.616
1913	0.106
1914	0.733
1915	0.612
1916	0.106
1917	0.729
1918	0.647
1919	0.106
1920	0.741
1921	0.643
1922	0.106
1923	0.733
1924	0.651
1925	0.106
1926	0.741
1927	0.655
1928	0.106
1929	0.749
1930	0.647
1931	0.106
1932	0.741
1933	0.647
1934	0.106
1935	0.741
1936	0.973
1937	0.498
1938	0.745
1939	0.976
1940	0.498
1941	0.733
1942	0.824
1943	0.165
1944	0.737
1945	0.765
1946	0.212
1947	0.729
1948	0.718
1949	0.153
1950	0.733
1951	0.855
1952	0.267
1953	0.729
1954	0.871
1955	0.318
1956	0.733
1957	0.792
1958	0.271
1959	0.733
1960	0.773
1961	0.427
1962	0.733
1963	0.729
1964	0.306
1965	0.729
1966	0.910
1967	0.341
1968	0.761
1969	0.875
1970	0.416
1971	0.729
1972	0.878
1973	0.220
1974	0.737
1975	0.875
1976	0.106
1977	0.733
1978	0.824
1979	0.165
1980	0.733
1981	0.855
1982	0.267
1983	0.733
1984	0.792
1985	0.271
1986	0.729
1987	0.878
1988	0.220
1989	0.753
1990	0.851
1991	0.220
1992	0.749
1993	0.808
1994	0.255
1995	0.737
1996	0.765
1997	0.212
1998	0.733
1999	0.824
2000	0.165
2001	0.729
2002	0.878
2003	0.220
2004	0.733
2005	0.729
2006	0.306
2007	0.733
2008	0.675
2009	0.267
2010	0.733
2011	0.773
2012	0.427
2013	0.733
2014	0.635
2015	0.267
2016	0.733
2017	0.694
2018	0.498
2019	0.733
2020	0.596
2021	0.302
2022	0.729
2023	0.498
2024	0.498
2025	0.729
2026	0.498
2027	0.302
2028	0.718
2029	0.498
2030	0.498
2031	0.725
2032	0.498
2033	0.302
2034	0.718
2035	0.498
2036	0.302
2037	0.733
2038	0.773
2039	0.427
2040	0.733
2041	0.851
2042	0.498
2043	0.733
2044	0.694
2045	0.498
2046	0.722
2047	0.851
2048	0.498
2049	0.722
2050	0.694
2051	0.498
2052	0.757
2053	0.753
2054	0.404
2055	0.792
2056	0.792
2057	0.439
2058	0.733
2059	0.773
2060	0.427
2061	0.788
2062	0.847
2063	0.498
2064	0.753
2065	0.843
2066	0.498
2067	0.753
2068	0.855
2069	0.498
2070	0.773
2071	0.859
2072	0.498
2073	0.753
2074	0.757
2075	0.365
2076	0.757
2077	0.753
2078	0.404
2079	0.757
2080	0.831
2081	0.420
2082	0.792
2083	0.792
2084	0.439
2085	0.757
2086	0.831
2087	0.420
2088	0.757
2089	0.878
2090	0.478
2091	0.773
2092	0.890
2093	0.498
2094	0.753
2095	0.906
2096	0.498
2097	0.765
2098	0.882
2099	0.498
2100	0.745
2101	0.898
2102	0.498
2103	0.722
2104	0.694
2105	0.498
2106	0.722
2107	0.851
2108	0.498
2109	0.725
2110	0.859
2111	0.498
2112	0.733
2113	0.851
2114	0.498
2115	0.737
2116	0.863
2117	0.498
2118	0.765
2119	0.882
2120	0.498
2121	0.773
2122	0.890
2123	0.498
2124	0.769
2125	0.878
2126	0.498
2127	0.776
2128	0.886
2129	0.498
2130	0.773
2131	0.871
2132	0.498
2133	0.784
2134	0.875
2135	0.498
2136	0.776
2137	0.847
2138	0.498
2139	0.788
2140	0.847
2141	0.498
2142	0.776
2143	0.839
2144	0.498
2145	0.757
2146	0.831
2147	0.420
2148	0.792
2149	0.792
2150	0.439
2151	0.729
2152	0.718
2153	0.153
2154	0.741
2155	0.655
2156	0.106
2157	0.729
2158	0.671
2159	0.106
2160	0.729
2161	0.651
2162	0.106
2163	0.722
2164	0.663
2165	0.106
2166	0.718
2167	0.667
2168	0.106
2169	0.718
2170	0.671
2171	0.106
2172	0.722
2173	0.788
2174	0.106
2175	0.733
2176	0.788
2177	0.106
2178	0.725
2179	0.867
2180	0.106
2181	0.737
2182	0.875
2183	0.106
2184	0.733
2185	0.824
2186	0.165
2187	0.741
2188	0.843
2189	0.498
2190	0.729
2191	0.024
2192	0.694
2193	0.725
2194	0.012
2195	0.722
2196	0.725
2197	0.012
2198	0.890
2199	0.714
2200	0.012
2201	0.722
2202	0.714
2203	0.012
2204	0.890
2205	0.714
2206	0.141
2207	0.890
2208	0.722
2209	0.141
2210	0.890
2211	0.714
2212	0.271
2213	0.890
2214	0.722
2215	0.141
2216	0.890
2217	0.725
2218	0.141
2219	0.890
2220	0.725
2221	0.271
2222	0.890
2223	0.718
2224	0.467
2225	0.890
2226	0.729
2227	0.467
2228	0.890
2229	0.718
2230	0.498
2231	0.890
2232	0.729
2233	0.498
2234	0.890
2235	0.729
2236	0.498
2237	0.675
2238	0.729
2239	0.384
2240	0.784
2241	0.729
2242	0.329
2243	0.694
2244	0.729
2245	0.384
2246	0.498
2247	0.729
2248	0.290
2249	0.596
2250	0.729
2251	0.212
2252	0.498
2253	0.729
2254	0.200
2255	0.694
2256	0.725
2257	0.235
2258	0.792
2259	0.725
2260	0.106
2261	0.792
2262	0.718
2263	0.035
2264	0.498
2265	0.725
2266	0.212
2267	0.498
2268	0.718
2269	0.212
2270	0.498
2271	0.718
2272	0.384
2273	0.498
2274	0.729
2275	0.498
2276	0.498
2277	0.718
2278	0.498
2279	0.498
2280	0.718
2281	0.498
2282	0.675
2283	0.718
2284	0.035
2285	0.498
2286	0.729
2287	0.035
2288	0.498
2289	0.729
2290	0.012
2291	0.498
2292	0.718
2293	0.012
2294	0.498
2295	0.729
2296	0.118
2297	0.596
2298	0.729
2299	0.498
2300	0.690
2301	0.729
2302	0.600
2303	0.596
2304	0.729
2305	0.498
2306	0.498
2307	0.733
2308	0.698
2309	0.498
2310	0.722
2311	0.698
2312	0.498
2313	0.718
2314	0.498
2315	0.498
2316	0.725
2317	0.498
2318	0.690
2319	0.718
2320	0.498
2321	0.690
2322	0.718
2323	0.498
2324	0.886
2325	0.729
2326	0.498
2327	0.886
2328	0.729
2329	0.620
2330	0.820
2331	0.729
2332	0.616
2333	0.690
2334	0.729
2335	0.600
2336	0.690
2337	0.733
2338	0.729
2339	0.498
2340	0.733
2341	0.729
2342	0.498
2343	0.733
2344	0.737
2345	0.627
2346	0.729
2347	0.616
2348	0.690
2349	0.729
2350	0.741
2351	0.753
2352	0.729
2353	0.620
2354	0.820
2355	0.729
2356	0.741
2357	0.761
2358	0.729
2359	0.925
2360	0.765
2361	0.733
2362	0.984
2363	0.859
2364	0.733
2365	0.984
2366	0.639
2367	0.722
2368	0.984
2369	0.859
2370	0.722
2371	0.984
2372	0.639
2373	0.753
2374	0.961
2375	0.541
2376	0.776
2377	0.886
2378	0.498
2379	0.753
2380	0.906
2381	0.498
2382	0.769
2383	0.886
2384	0.498
2385	0.761
2386	0.878
2387	0.498
2388	0.765
2389	0.875
2390	0.498
2391	0.769
2392	0.875
2393	0.498
2394	0.773
2395	0.871
2396	0.498
2397	0.753
2398	0.961
2399	0.541
2400	0.776
2401	0.886
2402	0.498
2403	0.780
2404	0.894
2405	0.514
2406	0.765
2407	0.984
2408	0.639
2409	0.769
2410	0.973
2411	0.627
2412	0.761
2413	0.984
2414	0.639
2415	0.765
2416	0.984
2417	0.639
2418	0.765
2419	0.984
2420	0.635
2421	0.761
2422	0.984
2423	0.639
2424	0.733
2425	0.984
2426	0.624
2427	0.757
2428	0.984
2429	0.620
2430	0.737
2431	0.984
2432	0.612
2433	0.725
2434	0.984
2435	0.612
2436	0.733
2437	0.851
2438	0.498
2439	0.741
2440	0.843
2441	0.498
2442	0.765
2443	0.984
2444	0.639
2445	0.769
2446	0.973
2447	0.627
2448	0.780
2449	0.922
2450	0.576
2451	0.788
2452	0.847
2453	0.498
2454	0.745
2455	0.855
2456	0.498
2457	0.773
2458	0.859
2459	0.498
2460	0.780
2461	0.922
2462	0.576
2463	0.780
2464	0.894
2465	0.514
2466	0.769
2467	0.973
2468	0.627
2469	0.780
2470	0.984
2471	0.557
2472	0.769
2473	0.984
2474	0.624
2475	0.765
2476	0.984
2477	0.569
2478	0.757
2479	0.984
2480	0.616
2481	0.749
2482	0.984
2483	0.631
2484	0.761
2485	0.984
2486	0.639
2487	0.749
2488	0.984
2489	0.643
2490	0.780
2491	0.894
2492	0.514
2493	0.788
2494	0.847
2495	0.498
2496	0.780
2497	0.922
2498	0.576
2499	0.722
2500	0.984
2501	0.859
2502	0.718
2503	0.984
2504	0.890
2505	0.733
2506	0.984
2507	0.859
2508	0.729
2509	0.984
2510	0.890
2511	0.729
2512	0.867
2513	0.890
2514	0.718
2515	0.867
2516	0.890
2517	0.729
2518	0.682
2519	0.890
2520	0.729
2521	0.804
2522	0.827
2523	0.729
2524	0.741
2525	0.765
2526	0.729
2527	0.925
2528	0.765
2529	0.722
2530	0.729
2531	0.498
2532	0.722
2533	0.851
2534	0.498
2535	0.729
2536	0.863
2537	0.498
2538	0.741
2539	0.859
2540	0.498
2541	0.737
2542	0.984
2543	0.561
2544	0.745
2545	0.984
2546	0.565
2547	0.749
2548	0.984
2549	0.557
2550	0.761
2551	0.984
2552	0.557
2553	0.753
2554	0.961
2555	0.541
2556	0.780
2557	0.894
2558	0.514
2559	0.780
2560	0.984
2561	0.557
2562	0.761
2563	0.984
2564	0.569
2565	0.765
2566	0.984
2567	0.569
2568	0.741
2569	0.902
2570	0.498
2571	0.741
2572	0.906
2573	0.498
2574	0.753
2575	0.906
2576	0.498
2577	0.753
2578	0.965
2579	0.498
2580	0.757
2581	0.980
2582	0.502
2583	0.757
2584	0.973
2585	0.498
2586	0.753
2587	0.980
2588	0.498
2589	0.745
2590	0.973
2591	0.498
2592	0.741
2593	0.973
2594	0.498
2595	0.741
2596	0.902
2597	0.498
2598	0.745
2599	0.898
2600	0.498
2601	0.741
2602	0.965
2603	0.498
2604	0.741
2605	0.969
2606	0.498
2607	0.757
2608	0.984
2609	0.569
2610	0.776
2611	0.839
2612	0.498
2613	0.788
2614	0.847
2615	0.498
2616	0.776
2617	0.847
2618	0.498
2619	0.784
2620	0.875
2621	0.498
2622	0.773
2623	0.871
2624	0.498
2625	0.776
2626	0.886
2627	0.498
2628	0.780
2629	0.894
2630	0.514
2631	0.753
2632	0.906
2633	0.498
2634	0.757
2635	0.980
2636	0.502
2637	0.753
2638	0.961
2639	0.541
2640	0.753
2641	0.984
2642	0.502
2643	0.749
2644	0.984
2645	0.557
2646	0.741
2647	0.984
2648	0.506
2649	0.737
2650	0.984
2651	0.553
2652	0.737
2653	0.984
2654	0.561
2655	0.753
2656	0.980
2657	0.498
2658	0.749
2659	0.984
2660	0.498
2661	0.745
2662	0.984
2663	0.506
2664	0.722
2665	0.851
2666	0.498
2667	0.722
2668	0.729
2669	0.498
2670	0.733
2671	0.851
2672	0.498
2673	0.733
2674	0.729
2675	0.498
2676	0.733
2677	0.859
2678	0.561
2679	0.733
2680	0.737
2681	0.627
2682	0.729
2683	0.741
2684	0.753
2685	0.733
2686	0.863
2687	0.686
2688	0.733
2689	0.984
2690	0.624
2691	0.725
2692	0.984
2693	0.612
2694	0.722
2695	0.984
2696	0.624
2697	0.722
2698	0.984
2699	0.639
2700	0.733
2701	0.984
2702	0.639
2703	0.733
2704	0.863
2705	0.694
2706	0.733
2707	0.863
2708	0.698
2709	0.729
2710	0.741
2711	0.761
2712	0.733
2713	0.863
2714	0.702
2715	0.729
2716	0.741
2717	0.765
2718	0.729
2719	0.925
2720	0.765
2721	0.741
2722	0.976
2723	0.498
2724	0.741
2725	0.973
2726	0.498
2727	0.729
2728	0.498
2729	0.886
2730	0.729
2731	0.620
2732	0.824
2733	0.729
2734	0.620
2735	0.820
2736	0.729
2737	0.741
2738	0.761
2739	0.729
2740	0.620
2741	0.827
2742	0.729
2743	0.498
2744	0.890
2745	0.725
2746	0.682
2747	0.890
2748	0.718
2749	0.682
2750	0.890
2751	0.718
2752	0.498
2753	0.890
2754	0.718
2755	0.498
2756	0.886
2757	0.000
2758	0.000
2759	0.000
2760	0.000
2761	0.000
2762	0.000
2763	0.000
2764	0.000
2765	0.000
2766	0.000
2767	0.000
2768	0.000
2769	0.000
2770	0.000
2771	0.000
2772	0.000
2773	0.000
2774	0.000
2775	0.000
2776	0.000
2777	0.000
2778	0.000
2779	0.000
2780	0.000
2781	0.000
2782	0.000
2783	0.000
2784	0.000
2785	0.000
2786	0.000
2787	0.000
2788	0.000
2789	0.000
2790	0.000
2791	0.000
2792	0.000
2793	0.000
2794	0.000
2795	0.000
2796	0.000
2797	0.000
2798	0.000
2799	0.000
2800	0.000
2801	0.000
2802	0.000
2803	0.000
2804	0.000
2805	0.000
2806	0.000
2807	0.000
2808	0.000
2809	0.000
2810	0.000
2811	0.000
2812	0.000
2813	0.000
2814	0.000
2815	0.000
2816	0.000
2817	0.000
2818	0.000
2819	0.000
2820	0.000
2821	0.000
2822	0.000
2823	0.000
2824	0.000
2825	0.000
2826	0.000
2827	0.000
2828	0.000
2829	0.000
2830	0.000
2831	0.000
2832	0.000
2833	0.000
2834	0.000
2835	0.000
2836	0.000
2837	0.000
2838	0.000
2839	0.000
2840	0.000
2841	0.000
2842	0.000
2843	0.000
2844	0.000
2845	0.000
2846	0.000
2847	0.000
2848	0.000
2849	0.000
2850	0.000
2851	0.000
2852	0.000
2853	0.000
2854	0.000
2855	0.000
2856	0.000
2857	0.000
2858	0.000
2859	0.000
2860	0.000
2861	0.000
2862	0.000
2863	0.000
2864	0.000
2865	0.000
2866	0.000
2867	0.000
2868	0.000
2869	0.000
2870	0.000
2871	0.000
2872	0.000
2873	0.000
2874	0.000
2875	0.000
2876	0.000
2877	0.000
2878	0.000
2879	0.000
2880	0.000
2881	0.000
2882	0.000
2883	0.000
2884	0.000
2885	0.000
2886	0.000
2887	0.000
2888	0.000
2889	0.000
2890	0.000
2891	0.000
2892	0.000
2893	0.000
2894	0.000
2895	0.000
2896	0.000
2897	0.000
2898	0.000
2899	0.000
2900	0.000
2901	0.000
2902	0.000
2903	0.000
2904	0.000
2905	0.000
2906	0.000
2907	0.000
2908	0.000
2909	0.000
2910	0.000
2911	0.000
2912	0.000
2913	0.000
2914	0.000
2915	0.000
2916	0.000
2917	0.000
2918	0.000
2919	0.000
2920	0.000
2921	0.000
2922	0.000
2923	0.000
2924	0.000
2925	0.000
2926	0.000
2927	0.000
2928	0.000
2929	0.000
2930	0.000
2931	0.000
2932	0.000
2933	0.000
2934	0.000
2935	0.000
2936	0.000
2937	0.000
2938	0.000
2939	0.000
2940	0.000
2941	0.000
2942	0.000
2943	0.000
2944	0.000
2945	0.000
2946	0.000
2947	0.000
2948	0.000
2949	0.000
2950	0.000
2951	0.000
2952	0.000
2953	0.000
2954	0.000
2955	0.000
2956	0.000
2957	0.000
2958	0.000
2959	0.000
2960	0.000
2961	0.000
2962	0.000
2963	0.000
2964	0.000
2965	0.000
2966	0.000
2967	0.000
2968	0.000
2969	0.000
2970	0.000
2971	0.000
2972	0.000
2973	0.000
2974	0.000
2975	0.000
2976	0.000
2977	0.000
2978	0.000
2979	0.000
2980	0.000
2981	0.000
2982	0.000
2983	0.000
2984	0.000
2985	0.000
2986	0.000
2987	0.000
2988	0.000
2989	0.000
2990	0.000
2991	0.000
2992	0.000
2993	0.000
2994	0.000
2995	0.000
2996	0.000
2997	0.000
2998	0.000
2999	0.000
3000	0.000
3001	0.000
3002	0.000
3003	0.000
3004	0.000
3005	0.000
3006	0.000
3007	0.000
3008	0.000
3009	0.000
3010	0.000
3011	0.000
3012	0.000
3013	0.000
3014	0.000
3015	0.000
3016	0.000
3017	0.000
3018	0.000
3019	0.000
3020	0.000
3021	0.000
3022	0.000
3023	0.000
3024	0.000
3025	0.000
3026	0.000
3027	0.000
3028	0.000
3029	0.000
3030	0.000
3031	0.000
3032	0.000
3033	0.000
3034	0.000
3035	0.000
3036	0.000
3037	0.000
3038	0.000
3039	0.000
3040	0.000
3041	0.000
3042	0.000
3043	0.000
3044	0.000
3045	0.000
3046	0.000
3047	0.000
3048	0.000
3049	0.000
3050	0.000
3051	0.000
3052	0.000
3053	0.000
3054	0.000
3055	0.000
3056	0.000
3057	0.000
3058	0.000
3059	0.000
3060	0.000
3061	0.000
3062	0.000
3063	0.000
3064	0.000
3065	0.000
3066	0.000
3067	0.000
3068	0.000
3069	0.000
3070	0.000
3071	0.000
3072	0.000
3073	0.000
3074	0.000
3075	0.000
3076	0.000
3077	0.000
3078	0.000
3079	0.000
3080	0.000
3081	0.000
3082	0.000
3083	0.000
3084	0.000
3085	0.000
3086	0.000
3087	0.000
3088	0.000
3089	0.000
3090	0.000
3091	0.000
3092	0.000
3093	0.000
3094	0.000
3095	0.000
3096	0.000
3097	0.000
3098	0.000
3099	0.000
3100	0.000
3101	0.000
3102	0.000
3103	0.000
3104	0.000
3105	0.000
3106	0.000
3107	0.000
3108	0.000
3109	0.000
3110	0.000
3111	0.000
3112	0.000
3113	0.000
3114	0.000
3115	0.000
3116	0.000
3117	0.000
3118	0.000
3119	0.000
3120	0.000
3121	0.000
3122	0.000
3123	0.000
3124	0.000
3125	0.000
3126	0.000
3127	0.000
3128	0.000
3129	0.000
3130	0.000
3131	0.000
3132	0.000
3133	0.000
3134	0.000
3135	0.000
3136	0.000
3137	0.000
3138	0.000
3139	0.000
3140	0.000
3141	0.000
3142	0.000
3143	0.000
3144	0.000
3145	0.000
3146	0.000
3147	0.000
3148	0.000
3149	0.000
3150	0.000
3151	0.000
3152	0.000
3153	0.000
3154	0.000
3155	0.000
3156	0.000
3157	0.000
3158	0.000
3159	0.000
3160	0.000
3161	0.000
3162	0.000
3163	0.000
3164	0.000
3165	0.000
3166	0.000
3167	0.000
3168	0.000
3169	0.000
3170	0.000
3171	0.000
3172	0.000
3173	0.000
3174	0.000
3175	0.000
3176	0.000
3177	0.000
3178	0.000
3179	0.000
3180	0.000
3181	0.000
3182	0.000
3183	0.000
3184	0.000
3185	0.000
3186	0.000
3187	0.000
3188	0.000
3189	0.000
3190	0.000
3191	0.000
3192	0.000
3193	0.000
3194	0.000
3195	0.000
3196	0.000
3197	0.000
3198	0.000
3199	0.000
3200	0.000
3201	0.000
3202	0.000
3203	0.000
3204	0.000
3205	0.000
3206	0.000
3207	0.000
3208	0.000
3209	0.000
3210	0.000
3211	0.000
3212	0.000
3213	0.000
3214	0.000
3215	0.000
3216	0.000
3217	0.000
3218	0.000
3219	0.000
3220	0.000
3221	0.000
3222	0.000
3223	0.000
3224	0.000
3225	0.000
3226	0.000
3227	0.000
3228	0.000
3229	0.000
3230	0.000
3231	0.000
3232	0.000
3233	0.000
3234	0.000
3235	0.000
3236	0.000
3237	0.000
3238	0.000
3239	0.000
3240	0.000
3241	0.000
3242	0.000
3243	0.000
3244	0.000
3245	0.000
3246	0.000
3247	0.000
3248	0.000
3249	0.000
3250	0.000
3251	0.000
3252	0.000
3253	0.000
3254	0.000
3255	0.000
3256	0.000
3257	0.000
3258	0.000
3259	0.000
3260	0.000
3261	0.000
3262	0.000
3263	0.000
3264	0.000
3265	0.000
3266	0.000
3267	0.000
3268	0.000
3269	0.000
3270	0.000
3271	0.000
3272	0.000
3273	0.000
3274	0.000
3275	0.000
3276	0.000
3277	0.000
3278	0.000
3279	0.000
3280	0.000
3281	0.000
3282	0.000
3283	0.000
3284	0.000
3285	0.000
3286	0.000
3287	0.000
3288	0.000
3289	0.000
3290	0.000
3291	0.000
3292	0.000
3293	0.000
3294	0.000
3295	0.000
3296	0.000
3297	0.000
3298	0.000
3299	0.000
3300	0.000
3301	0.000
3302	0.000
3303	0.000
3304	0.000
3305	0.000
3306	0.000
3307	0.000
3308	0.000
3309	0.000
3310	0.000
3311	0.000
3312	0.000
3313	0.000
3314	0.000
3315	0.000
3316	0.000
3317	0.000
3318	0.000
3319	0.000
3320	0.000
3321	0.000
3322	0.000
3323	0.000
3324	0.000
3325	0.000
3326	0.000
3327	0.000
3328	0.000
3329	0.000
3330	0.000
3331	0.000
3332	0.000
3333	0.000
3334	0.000
3335	0.000
3336	0.000
3337	0.000
3338	0.000
3339	0.000
3340	0.000
3341	0.000
3342	0.000
3343	0.000
3344	0.000
3345	0.000
3346	0.000
3347	0.000
3348	0.000
3349	0.000
3350	0.000
3351	0.000
3352	0.000
3353	0.000
3354	0.000
3355	0.000
3356	0.000
3357	0.000
3358	0.000
3359	0.000
3360	0.000
3361	0.000
3362	0.000
3363	0.000
3364	0.000
3365	0.000
3366	0.000
3367	0.000
3368	0.000
3369	0.000
3370	0.000
3371	0.000
3372	0.000
3373	0.000
3374	0.000
3375	0.000
3376	0.000
3377	0.000
3378	0.000
3379	0.000
3380	0.000
3381	0.000
3382	0.000
3383	0.000
3384	0.000
3385	0.000
3386	0.000
3387	0.000
3388	0.000
3389	0.000
3390	0.000
3391	0.000
3392	0.000
3393	0.000
3394	0.000
3395	0.000
3396	0.000
3397	0.000
3398	0.000
3399	0.000
3400	0.000
3401	0.000
3402	0.000
3403	0.000
3404	0.000
3405	0.000
3406	0.000
3407	0.000
3408	0.000
3409	0.000
3410	0.000
3411	0.000
3412	0.000
3413	0.000
3414	0.000
3415	0.000
3416	0.000
3417	0.000
3418	0.000
3419	0.000
3420	0.000
3421	0.000
3422	0.000
3423	0.000
3424	0.000
3425	0.000
3426	0.000
3427	0.000
3428	0.000
3429	0.000
3430	0.000
3431	0.000
3432	0.000
3433	0.000
3434	0.000
3435	0.000
3436	0.000
3437	0.000
3438	0.000
3439	0.000
3440	0.000
3441	0.000
3442	0.000
3443	0.000
3444	0.000
3445	0.000
3446	0.000
3447	0.000
3448	0.000
3449	0.000
3450	0.000
3451	0.000
3452	0.000
3453	0.000
3454	0.000
3455	0.000
3456	0.000
3457	0.000
3458	0.000
3459	0.000
3460	0.000
3461	0.000
3462	0.000
3463	0.000
3464	0.000
3465	0.000
3466	0.000
3467	0.000
3468	0.000
3469	0.000
3470	0.000
3471	0.000
3472	0.000
3473	0.000
3474	0.000
3475	0.000
3476	0.000
3477	0.000
3478	0.000
3479	0.000
3480	0.000
3481	0.000
3482	0.000
3483	0.000
3484	0.000
3485	0.000
3486	0.000
3487	0.000
3488	0.000
3489	0.000
3490	0.000
3491	0.000
3492	0.000
3493	0.000
3494	0.000
3495	0.000
3496	0.000
3497	0.000
3498	0.000
3499	0.000
3500	0.000
3501	0.000
3502	0.000
3503	0.000
3504	0.000
3505	0.000
3506	0.000
3507	0.000
3508	0.000
3509	0.000
3510	0.000
3511	0.000
3512	0.000
3513	0.000
3514	0.000
3515	0.000
3516	0.000
3517	0.000
3518	0.000
3519	0.000
3520	0.000
3521	0.000
3522	0.000
3523	0.000
3524	0.000
3525	0.000
3526	0.000
3527	0.000
3528	0.000
3529	0.000
3530	0.000
3531	0.000
3532	0.000
3533	0.000
3534	0.000
3535	0.000
3536	0.000
3537	0.000
3538	0.000
3539	0.000
3540	0.000
3541	0.000
3542	0.000
3543	0.000
3544	0.000
3545	0.000
3546	0.000
3547	0.000
3548	0.000
3549	0.000
3550	0.000
3551	0.000
3552	0.000
3553	0.000
3554	0.000
3555	0.000
3556	0.000
3557	0.000
3558	0.000
3559	0.000
3560	0.000
3561	0.000
3562	0.000
3563	0.000
3564	0.000
3565	0.000
3566	0.000
3567	0.000
3568	0.000
3569	0.000
3570	0.000
3571	0.000
3572	0.000
3573	0.000
3574	0.000
3575	0.000
3576	0.000
3577	0.000
3578	0.000
3579	0.000
3580	0.000
3581	0.000
3582	0.000
3583	0.000
3584	0.000
3585	0.000
3586	0.000
3587	0.000
3588	0.000
3589	0.000
3590	0.000
3591	0.000
3592	0.000
3593	0.000
3594	0.000
3595	0.000
3596	0.000
3597	0.000
3598	0.000
3599	0.000
3600	0.000
3601	0.000
3602	0.000
3603	0.000
3604	0.000
3605	0.000
3606	0.000
3607	0.000
3608	0.000
3609	0.000
3610	0.000
3611	0.000
3612	0.000
3613	0.000
3614	0.000
3615	0.000
3616	0.000
3617	0.000
3618	0.000
3619	0.000
3620	0.000
3621	0.000
3622	0.000
3623	0.000
3624	0.000
3625	0.000
3626	0.000
3627	0.000
3628	0.000
3629	0.000
3630	0.000
3631	0.000
3632	0.000
3633	0.000
3634	0.000
3635	0.000
3636	0.000
3637	0.000
3638	0.000
3639	0.000
3640	0.000
3641	0.000
3642	0.000
3643	0.000
3644	0.000
3645	0.000
3646	0.000
3647	0.000
3648	0.000
3649	0.000
3650	0.000
3651	0.000
3652	0.000
3653	0.000
3654	0.000
3655	0.000
3656	0.000
3657	0.000
3658	0.000
3659	0.000
3660	0.000
3661	0.000
3662	0.000
3663	0.000
3664	0.000
3665	0.000
3666	0.000
3667	0.000
3668	0.000
3669	0.000
3670	0.000
3671	0.000
3672	0.000
3673	0.000
3674	0.000
3675	0.000
3676	0.428
3677	0.999
3678	0.420
3679	0.997
3680	0.416
3681	0.997
3682	0.416
3683	0.997
3684	0.416
3685	0.997
3686	0.014
3687	0.677
3688	0.096
3689	0.638
3690	0.029
3691	0.626
3692	0.080
3693	0.612
3694	0.033
3695	0.610
3696	0.080
3697	0.612
3698	0.080
3699	0.612
3700	0.975
3701	0.915
3702	0.908
3703	0.913
3704	0.990
3705	0.880
3706	0.904
3707	0.874
3708	0.869
3709	0.907
3710	0.865
3711	0.884
3712	0.869
3713	0.823
3714	0.861
3715	0.868
3716	0.846
3717	0.825
3718	0.861
3719	0.868
3720	0.846
3721	0.825
3722	0.498
3723	0.696
3724	0.381
3725	0.634
3726	0.377
3727	0.634
3728	0.900
3729	0.759
3730	0.971
3731	0.759
3732	0.998
3733	0.831
3734	0.002
3735	0.610
3736	0.014
3737	0.610
3738	0.033
3739	0.610
3740	0.014
3741	0.610
3742	0.482
3743	0.681
3744	0.432
3745	0.651
3746	0.443
3747	0.651
3748	0.432
3749	0.651
3750	0.432
3751	0.651
3752	0.111
3753	0.636
3754	0.131
3755	0.616
3756	0.096
3757	0.616
3758	0.131
3759	0.616
3760	0.096
3761	0.616
3762	0.404
3763	0.999
3764	0.404
3765	0.987
3766	0.420
3767	0.987
3768	0.404
3769	0.987
3770	0.420
3771	0.987
3772	0.416
3773	0.997
3774	0.416
3775	0.997
3776	0.416
3777	0.997
3778	0.033
3779	0.610
3780	0.162
3781	0.501
3782	0.162
3783	0.501
3784	0.162
3785	0.501
3786	0.146
3787	0.550
3788	0.146
3789	0.550
3790	0.158
3791	0.501
3792	0.119
3793	0.552
3794	0.002
3795	0.536
3796	0.104
3797	0.558
3798	0.076
3799	0.558
3800	0.014
3801	0.558
3802	0.014
3803	0.558
3804	0.076
3805	0.558
3806	0.584
3807	0.544
3808	0.584
3809	0.544
3810	0.584
3811	0.544
3812	0.568
3813	0.544
3814	0.568
3815	0.544
3816	0.584
3817	0.575
3818	0.553
3819	0.560
3820	0.568
3821	0.544
3822	0.553
3823	0.560
3824	0.072
3825	0.755
3826	0.072
3827	0.755
3828	0.076
3829	0.747
3830	0.076
3831	0.747
3832	0.049
3833	0.747
3834	0.057
3835	0.753
3836	0.029
3837	0.751
3838	0.002
3839	0.751
3840	0.002
3841	0.751
3842	0.057
3843	0.753
3844	0.072
3845	0.755
3846	0.486
3847	0.989
3848	0.490
3849	0.989
3850	0.486
3851	0.989
3852	0.490
3853	0.989
3854	0.482
3855	0.999
3856	0.482
3857	0.999
3858	0.486
3859	0.989
3860	0.830
3861	0.804
3862	0.842
3863	0.821
3864	0.830
3865	0.804
3866	0.842
3867	0.821
3868	0.830
3869	0.792
3870	0.842
3871	0.792
3872	0.830
3873	0.792
3874	0.877
3875	0.792
3876	0.924
3877	0.792
3878	0.951
3879	0.808
3880	0.955
3881	0.853
3882	0.998
3883	0.853
3884	0.877
3885	0.792
3886	0.877
3887	0.792
3888	0.908
3889	0.792
3890	0.908
3891	0.792
3892	0.928
3893	0.788
3894	0.928
3895	0.788
3896	0.928
3897	0.788
3898	0.928
3899	0.788
3900	0.936
3901	0.796
3902	0.936
3903	0.796
3904	0.842
3905	0.821
3906	0.842
3907	0.821
3908	0.861
3909	0.868
3910	0.865
3911	0.884
3912	0.865
3913	0.884
3914	0.869
3915	0.907
3916	0.869
3917	0.907
3918	0.869
3919	0.907
3920	0.904
3921	0.347
3922	0.939
3923	0.353
3924	0.893
3925	0.347
3926	0.889
3927	0.374
3928	0.889
3929	0.349
3930	0.857
3931	0.366
3932	0.854
3933	0.376
3934	0.885
3935	0.399
3936	0.846
3937	0.401
3938	0.850
3939	0.417
3940	0.838
3941	0.397
3942	0.826
3943	0.386
3944	0.838
3945	0.397
3946	0.826
3947	0.386
3948	0.826
3949	0.386
3950	0.822
3951	0.378
3952	0.822
3953	0.378
3954	0.822
3955	0.374
3956	0.822
3957	0.374
3958	0.822
3959	0.374
3960	0.955
3961	0.370
3962	0.963
3963	0.384
3964	0.908
3965	0.390
3966	0.951
3967	0.407
3968	0.936
3969	0.409
3970	0.928
3971	0.411
3972	0.939
3973	0.409
3974	0.924
3975	0.413
3976	0.939
3977	0.409
3978	0.928
3979	0.411
3980	0.881
3981	0.415
3982	0.924
3983	0.413
3984	0.881
3985	0.415
3986	0.881
3987	0.415
3988	0.881
3989	0.415
3990	0.904
3991	0.347
3992	0.955
3993	0.370
3994	0.822
3995	0.378
3996	0.939
3997	0.353
3998	0.850
3999	0.417
4000	0.850
4001	0.417
4002	0.611
4003	0.837
4004	0.615
4005	0.856
4006	0.607
4007	0.837
4008	0.615
4009	0.856
4010	0.607
4011	0.837
4012	0.607
4013	0.837
4014	0.607
4015	0.837
4016	0.643
4017	0.808
4018	0.643
4019	0.808
4020	0.162
4021	0.540
4022	0.260
4023	0.503
4024	0.162
4025	0.522
4026	0.217
4027	0.503
4028	0.287
4029	0.505
4030	0.381
4031	0.542
4032	0.326
4033	0.505
4034	0.607
4035	0.765
4036	0.529
4037	0.792
4038	0.572
4039	0.765
4040	0.838
4041	0.843
4042	0.807
4043	0.884
4044	0.846
4045	0.884
4046	0.842
4047	0.905
4048	0.986
4049	0.681
4050	0.998
4051	0.655
4052	0.947
4053	0.655
4054	0.986
4055	0.630
4056	0.920
4057	0.632
4058	0.361
4059	0.507
4060	0.412
4061	0.507
4062	0.385
4063	0.536
4064	0.576
4065	0.669
4066	0.596
4067	0.700
4068	0.588
4069	0.669
4070	0.619
4071	0.698
4072	0.998
4073	0.524
4074	0.982
4075	0.542
4076	0.932
4077	0.505
4078	0.877
4079	0.528
4080	0.893
4081	0.505
4082	0.877
4083	0.528
4084	0.893
4085	0.505
4086	0.307
4087	0.583
4088	0.346
4089	0.534
4090	0.275
4091	0.558
4092	0.303
4093	0.524
4094	0.287
4095	0.521
4096	0.287
4097	0.521
4098	0.260
4099	0.513
4100	0.260
4101	0.513
4102	0.260
4103	0.513
4104	0.260
4105	0.513
4106	0.252
4107	0.511
4108	0.244
4109	0.526
4110	0.205
4111	0.542
4112	0.236
4113	0.526
4114	0.252
4115	0.511
4116	0.236
4117	0.526
4118	0.236
4119	0.526
4120	0.236
4121	0.526
4122	0.205
4123	0.542
4124	0.205
4125	0.542
4126	0.541
4127	0.999
4128	0.545
4129	0.942
4130	0.541
4131	0.942
4132	0.541
4133	0.942
4134	0.604
4135	0.782
4136	0.627
4137	0.751
4138	0.650
4139	0.798
4140	0.666
4141	0.749
4142	0.666
4143	0.772
4144	0.666
4145	0.772
4146	0.666
4147	0.798
4148	0.666
4149	0.798
4150	0.666
4151	0.813
4152	0.666
4153	0.813
4154	0.229
4155	0.698
4156	0.264
4157	0.698
4158	0.268
4159	0.722
4160	0.256
4161	0.745
4162	0.201
4163	0.747
4164	0.232
4165	0.755
4166	0.197
4167	0.747
4168	0.232
4169	0.755
4170	0.197
4171	0.747
4172	0.396
4173	0.958
4174	0.396
4175	0.958
4176	0.400
4177	0.958
4178	0.396
4179	0.991
4180	0.400
4181	0.999
4182	0.400
4183	0.999
4184	0.400
4185	0.958
4186	0.400
4187	0.958
4188	0.400
4189	0.958
4190	0.396
4191	0.958
4192	0.666
4193	0.749
4194	0.666
4195	0.749
4196	0.666
4197	0.749
4198	0.877
4199	0.528
4200	0.877
4201	0.528
4202	0.346
4203	0.534
4204	0.303
4205	0.524
4206	0.232
4207	0.755
4208	0.385
4209	0.687
4210	0.385
4211	0.687
4212	0.385
4213	0.687
4214	0.385
4215	0.687
4216	0.377
4217	0.694
4218	0.377
4219	0.694
4220	0.393
4221	0.687
4222	0.389
4223	0.646
4224	0.424
4225	0.688
4226	0.428
4227	0.669
4228	0.432
4229	0.685
4230	0.432
4231	0.685
4232	0.428
4233	0.669
4234	0.850
4235	0.745
4236	0.822
4237	0.712
4238	0.838
4239	0.712
4240	0.729
4241	0.915
4242	0.689
4243	0.905
4244	0.658
4245	0.905
4246	0.705
4247	0.999
4248	0.768
4249	0.983
4250	0.799
4251	0.983
4252	0.752
4253	0.384
4254	0.729
4255	0.362
4256	0.725
4257	0.405
4258	0.678
4259	0.378
4260	0.682
4261	0.405
4262	0.654
4263	0.431
4264	0.744
4265	0.437
4266	0.775
4267	0.415
4268	0.771
4269	0.380
4270	0.768
4271	0.405
4272	0.818
4273	0.380
4274	0.807
4275	0.425
4276	0.010
4277	0.302
4278	0.053
4279	0.317
4280	0.014
4281	0.319
4282	0.037
4283	0.341
4284	0.002
4285	0.319
4286	0.252
4287	0.349
4288	0.236
4289	0.321
4290	0.174
4291	0.353
4292	0.189
4293	0.321
4294	0.088
4295	0.331
4296	0.127
4297	0.312
4298	0.088
4299	0.354
4300	0.143
4301	0.347
4302	0.178
4303	0.327
4304	0.158
4305	0.304
4306	0.170
4307	0.304
4308	0.158
4309	0.304
4310	0.158
4311	0.304
4312	0.170
4313	0.304
4314	0.170
4315	0.304
4316	0.756
4317	0.499
4318	0.756
4319	0.472
4320	0.717
4321	0.493
4322	0.701
4323	0.479
4324	0.666
4325	0.499
4326	0.662
4327	0.499
4328	0.650
4329	0.497
4330	0.678
4331	0.440
4332	0.732
4333	0.440
4334	0.896
4335	0.341
4336	0.908
4337	0.317
4338	0.865
4339	0.343
4340	0.846
4341	0.335
4342	0.830
4343	0.308
4344	0.838
4345	0.302
4346	0.822
4347	0.302
4348	0.838
4349	0.302
4350	0.822
4351	0.302
4352	0.994
4353	0.356
4354	0.936
4355	0.347
4356	0.986
4357	0.337
4358	0.951
4359	0.327
4360	0.979
4361	0.323
4362	0.924
4363	0.308
4364	0.979
4365	0.323
4366	0.924
4367	0.308
4368	0.924
4369	0.308
4370	0.924
4371	0.308
4372	0.568
4373	0.438
4374	0.580
4375	0.421
4376	0.568
4377	0.438
4378	0.580
4379	0.421
4380	0.564
4381	0.446
4382	0.643
4383	0.495
4384	0.650
4385	0.497
4386	0.662
4387	0.499
4388	0.662
4389	0.499
4390	0.541
4391	0.478
4392	0.541
4393	0.478
4394	0.627
4395	0.493
4396	0.627
4397	0.493
4398	0.635
4399	0.497
4400	0.639
4401	0.495
4402	0.635
4403	0.497
4404	0.643
4405	0.495
4406	0.635
4407	0.497
4408	0.643
4409	0.495
4410	0.643
4411	0.495
4412	0.912
4413	0.304
4414	0.912
4415	0.304
4416	0.912
4417	0.304
4418	0.893
4419	0.302
4420	0.893
4421	0.302
4422	0.920
4423	0.308
4424	0.916
4425	0.339
4426	0.916
4427	0.308
4428	0.920
4429	0.308
4430	0.877
4431	0.632
4432	0.998
4433	0.610
4434	0.885
4435	0.589
4436	0.908
4437	0.589
4438	0.885
4439	0.589
4440	0.908
4441	0.589
4442	0.361
4443	0.366
4444	0.490
4445	0.351
4446	0.471
4447	0.370
4448	0.494
4449	0.351
4450	0.494
4451	0.351
4452	0.494
4453	0.351
4454	0.494
4455	0.351
4456	0.490
4457	0.329
4458	0.490
4459	0.329
4460	0.400
4461	0.329
4462	0.400
4463	0.329
4464	0.490
4465	0.329
4466	0.326
4467	0.310
4468	0.326
4469	0.310
4470	0.326
4471	0.310
4472	0.369
4473	0.347
4474	0.369
4475	0.347
4476	0.369
4477	0.347
4478	0.369
4479	0.347
4480	0.369
4481	0.354
4482	0.369
4483	0.354
4484	0.361
4485	0.354
4486	0.314
4487	0.315
4488	0.256
4489	0.329
4490	0.350
4491	0.366
4492	0.369
4493	0.354
4494	0.350
4495	0.366
4496	0.303
4497	0.372
4498	0.303
4499	0.372
4500	0.303
4501	0.372
4502	0.303
4503	0.372
4504	0.264
4505	0.376
4506	0.264
4507	0.376
4508	0.471
4509	0.370
4510	0.471
4511	0.370
4512	0.916
4513	0.642
4514	0.936
4515	0.679
4516	0.932
4517	0.679
4518	0.998
4519	0.690
4520	0.990
4521	0.712
4522	0.932
4523	0.679
4524	0.932
4525	0.679
4526	0.932
4527	0.679
4528	0.928
4529	0.679
4530	0.889
4531	0.657
4532	0.889
4533	0.657
4534	0.982
4535	0.687
4536	0.994
4537	0.583
4538	0.955
4539	0.546
4540	0.998
4541	0.546
4542	0.998
4543	0.546
4544	0.080
4545	0.708
4546	0.256
4547	0.729
4548	0.064
4549	0.708
4550	0.256
4551	0.729
4552	0.064
4553	0.708
4554	0.064
4555	0.708
4556	0.064
4557	0.708
4558	0.787
4559	0.530
4560	0.846
4561	0.560
4562	0.771
4563	0.530
4564	0.721
4565	0.542
4566	0.596
4567	0.524
4568	0.713
4569	0.595
4570	0.869
4571	0.626
4572	0.736
4573	0.661
4574	0.889
4575	0.692
4576	0.736
4577	0.673
4578	0.846
4579	0.704
4580	0.768
4581	0.694
4582	0.584
4583	0.651
4584	0.764
4585	0.714
4586	0.670
4587	0.710
4588	0.303
4589	0.593
4590	0.404
4591	0.548
4592	0.385
4593	0.548
4594	0.502
4595	0.503
4596	0.428
4597	0.517
4598	0.920
4599	0.733
4600	0.900
4601	0.690
4602	0.885
4603	0.767
4604	0.842
4605	0.767
4606	0.861
4607	0.788
4608	0.861
4609	0.788
4610	0.885
4611	0.767
4612	0.811
4613	0.905
4614	0.936
4615	0.923
4616	0.732
4617	0.905
4618	0.951
4619	0.960
4620	0.740
4621	0.925
4622	0.764
4623	0.979
4624	0.646
4625	0.935
4626	0.576
4627	0.999
4628	0.529
4629	0.888
4630	0.576
4631	0.999
4632	0.529
4633	0.888
4634	0.553
4635	0.509
4636	0.506
4637	0.546
4638	0.635
4639	0.509
4640	0.990
4641	0.712
4642	0.990
4643	0.712
4644	0.990
4645	0.712
4646	0.049
4647	0.692
4648	0.049
4649	0.692
4650	0.049
4651	0.692
4652	0.049
4653	0.692
4654	0.045
4655	0.692
4656	0.115
4657	0.640
4658	0.189
4659	0.634
4660	0.057
4661	0.692
4662	0.139
4663	0.694
4664	0.131
4665	0.677
4666	0.240
4667	0.644
4668	0.314
4669	0.626
4670	0.314
4671	0.690
4672	0.318
4673	0.694
4674	0.318
4675	0.694
4676	0.139
4677	0.694
4678	0.049
4679	0.692
4680	0.049
4681	0.692
4682	0.049
4683	0.692
4684	0.049
4685	0.692
4686	0.002
4687	0.687
4688	0.002
4689	0.687
4690	0.002
4691	0.687
4692	0.338
4693	0.694
4694	0.338
4695	0.694
4696	0.369
4697	0.694
4698	0.369
4699	0.681
4700	0.369
4701	0.694
4702	0.369
4703	0.681
4704	0.369
4705	0.673
4706	0.369
4707	0.661
4708	0.373
4709	0.622
4710	0.369
4711	0.661
4712	0.373
4713	0.622
4714	0.369
4715	0.673
4716	0.596
4717	0.524
4718	0.588
4719	0.630
4720	0.588
4721	0.630
4722	0.584
4723	0.651
4724	0.447
4725	0.938
4726	0.400
4727	0.913
4728	0.396
4729	0.913
4730	0.158
4731	0.558
4732	0.150
4733	0.554
4734	0.213
4735	0.532
4736	0.201
4737	0.532
4738	0.936
4739	0.923
4740	0.951
4741	0.960
4742	0.764
4743	0.979
4744	0.764
4745	0.979
4746	0.939
4747	0.999
4748	0.936
4749	0.976
4750	0.947
4751	0.999
4752	0.939
4753	0.972
4754	0.943
4755	0.972
4756	0.947
4757	0.970
4758	0.439
4759	0.999
4760	0.432
4761	0.999
4762	0.436
4763	0.995
4764	0.432
4765	0.995
4766	0.033
4767	0.403
4768	0.084
4769	0.343
4770	0.002
4771	0.382
4772	0.010
4773	0.345
4774	0.002
4775	0.345
4776	0.010
4777	0.345
4778	0.002
4779	0.345
4780	0.330
4781	0.599
4782	0.400
4783	0.632
4784	0.459
4785	0.528
4786	0.451
4787	0.632
4788	0.514
4789	0.554
4790	0.479
4791	0.646
4792	0.537
4793	0.620
4794	0.490
4795	0.679
4796	0.561
4797	0.688
4798	0.541
4799	0.565
4800	0.514
4801	0.554
4802	0.541
4803	0.565
4804	0.986
4805	0.964
4806	0.990
4807	0.925
4808	0.955
4809	0.999
4810	0.982
4811	0.921
4812	0.951
4813	0.972
4814	0.420
4815	0.761
4816	0.377
4817	0.749
4818	0.471
4819	0.755
4820	0.377
4821	0.698
4822	0.381
4823	0.696
4824	0.498
4825	0.737
4826	0.611
4827	0.704
4828	0.611
4829	0.704
4830	0.611
4831	0.704
4832	0.635
4833	0.708
4834	0.615
4835	0.708
4836	0.658
4837	0.710
4838	0.631
4839	0.741
4840	0.658
4841	0.716
4842	0.658
4843	0.710
4844	0.658
4845	0.710
4846	0.537
4847	0.999
4848	0.529
4849	0.942
4850	0.533
4851	0.942
4852	0.529
4853	0.942
4854	0.607
4855	0.706
4856	0.557
4857	0.739
4858	0.572
4859	0.761
4860	0.568
4861	0.577
4862	0.580
4863	0.632
4864	0.576
4865	0.577
4866	0.396
4867	0.780
4868	0.416
4869	0.763
4870	0.455
4871	0.763
4872	0.932
4873	0.966
4874	0.850
4875	0.989
4876	0.912
4877	0.999
4878	0.807
4879	0.989
4880	0.592
4881	0.907
4882	0.697
4883	0.925
4884	0.646
4885	0.907
4886	0.990
4887	0.921
4888	0.990
4889	0.921
4890	0.990
4891	0.925
4892	0.479
4893	0.999
4894	0.463
4895	0.962
4896	0.436
4897	0.991
4898	0.412
4899	0.956
4900	0.396
4901	0.927
4902	0.400
4903	0.927
4904	0.396
4905	0.927
4906	0.451
4907	0.946
4908	0.400
4909	0.927
4910	0.451
4911	0.946
4912	0.451
4913	0.946
4914	0.451
4915	0.946
4916	0.381
4917	0.696
4918	0.381
4919	0.696
4920	0.381
4921	0.696
4922	0.271
4923	0.696
4924	0.271
4925	0.696
4926	0.271
4927	0.718
4928	0.271
4929	0.718
4930	0.271
4931	0.749
4932	0.271
4933	0.749
4934	0.271
4935	0.749
4936	0.271
4937	0.749
4938	0.635
4939	0.708
4940	0.658
4941	0.710
4942	0.459
4943	0.528
4944	0.330
4945	0.599
4946	0.330
4947	0.599
4948	0.740
4949	0.999
4950	0.740
4951	0.999
4952	0.740
4953	0.999
4954	0.771
4955	0.995
4956	0.771
4957	0.995
4958	0.771
4959	0.995
4960	0.771
4961	0.995
4962	0.775
4963	0.991
4964	0.775
4965	0.995
4966	0.400
4967	0.927
4968	0.400
4969	0.927
4970	0.318
4971	0.300
4972	0.393
4973	0.300
4974	0.393
4975	0.337
4976	0.775
4977	0.431
4978	0.830
4979	0.431
4980	0.760
4981	0.462
4982	0.908
4983	0.495
4984	0.775
4985	0.499
4986	0.865
4987	0.415
4988	0.936
4989	0.442
4990	0.635
4991	0.304
4992	0.717
4993	0.343
4994	0.713
4995	0.304
4996	0.748
4997	0.370
4998	0.721
4999	0.341
5000	0.799
5001	0.372
5002	0.795
5003	0.354
5004	0.748
5005	0.341
5006	0.740
5007	0.310
5008	0.826
5009	0.319
5010	0.830
5011	0.366
5012	0.189
5013	0.354
5014	0.123
5015	0.354
5016	0.295
5017	0.392
5018	0.092
5019	0.366
5020	0.271
5021	0.442
5022	0.080
5023	0.392
5024	0.115
5025	0.499
5026	0.002
5027	0.421
5028	0.115
5029	0.499
5030	0.002
5031	0.421
5032	0.002
5033	0.421
5034	0.580
5035	0.331
5036	0.686
5037	0.331
5038	0.568
5039	0.384
5040	0.686
5041	0.331
5042	0.568
5043	0.384
5044	0.666
5045	0.354
5046	0.670
5047	0.390
5048	0.627
5049	0.362
5050	0.619
5051	0.425
5052	0.588
5053	0.413
5054	0.588
5055	0.413
5056	0.619
5057	0.425
5058	0.279
5059	0.460
5060	0.240
5061	0.460
5062	0.232
5063	0.499
5064	0.193
5065	0.479
5066	0.057
5067	0.499
5068	0.021
5069	0.466
5070	0.025
5071	0.452
5072	0.002
5073	0.452
5074	0.025
5075	0.452
5076	0.002
5077	0.452
5078	0.271
5079	0.442
5080	0.568
5081	0.409
5082	0.568
5083	0.409
5084	0.568
5085	0.409
5086	0.568
5087	0.409
5088	0.486
5089	0.306
5090	0.486
5091	0.306
5092	0.486
5093	0.306
5094	0.490
5095	0.306
5096	0.506
5097	0.306
5098	0.506
5099	0.306
5100	0.533
5101	0.310
5102	0.533
5103	0.310
5104	0.533
5105	0.310
5106	0.514
5107	0.353
5108	0.568
5109	0.345
5110	0.061
5111	0.741
5112	0.002
5113	0.714
5114	0.021
5115	0.714
5116	0.002
5117	0.714
5118	0.021
5119	0.714
5120	0.021
5121	0.714
5122	0.021
5123	0.714
5124	0.139
5125	0.724
5126	0.139
5127	0.724
5128	0.221
5129	0.731
5130	0.221
5131	0.731
5132	0.162
5133	0.755
5134	0.580
5135	0.409
5136	0.197
5137	0.993
5138	0.170
5139	0.999
5140	0.002
5141	0.999
5142	0.170
5143	0.999
5144	0.002
5145	0.999
5146	0.002
5147	0.935
5148	0.002
5149	0.935
5150	0.002
5151	0.870
5152	0.002
5153	0.935
5154	0.002
5155	0.935
5156	0.002
5157	0.870
5158	0.002
5159	0.772
5160	0.002
5161	0.772
5162	0.002
5163	0.757
5164	0.002
5165	0.757
5166	0.217
5167	0.757
5168	0.107
5169	0.813
5170	0.197
5171	0.841
5172	0.393
5173	0.813
5174	0.295
5175	0.860
5176	0.393
5177	0.899
5178	0.197
5179	0.905
5180	0.100
5181	0.888
5182	0.100
5183	0.952
5184	0.393
5185	0.987
5186	0.393
5187	0.899
5188	0.393
5189	0.899
5190	0.393
5191	0.813
5192	0.393
5193	0.757
5194	0.393
5195	0.757
5196	0.217
5197	0.757
5198	0.393
5199	0.987
5200	0.393
5201	0.987
5202	0.393
5203	0.999
5204	0.393
5205	0.999
5206	0.295
5207	0.946
5208	0.803
5209	0.806
5210	0.701
5211	0.853
5212	0.803
5213	0.901
5214	0.604
5215	0.901
5216	0.604
5217	0.901
5218	0.803
5219	0.901
5220	0.803
5221	0.806
5222	0.803
5223	0.806
5224	0.803
5225	0.708
5226	0.803
5227	0.708
5228	0.682
5229	0.741
5230	0.686
5231	0.806
5232	0.701
5233	0.806
5234	0.572
5235	0.901
5236	0.002
5237	0.565
5238	0.131
5239	0.562
5240	0.193
5241	0.622
5242	0.256
5243	0.560
5244	0.322
5245	0.620
5246	0.264
5247	0.560
5248	0.924
5249	0.538
5250	0.814
5251	0.538
5252	0.998
5253	0.597
5254	0.814
5255	0.538
5256	0.998
5257	0.597
5258	0.818
5259	0.854
5260	0.807
5261	0.810
5262	0.830
5263	0.819
5264	0.814
5265	0.810
5266	0.814
5267	0.810
5268	0.814
5269	0.810
5270	0.814
5271	0.810
5272	0.807
5273	0.810
5274	0.635
5275	0.747
5276	0.701
5277	0.716
5278	0.682
5279	0.716
5280	0.498
5281	0.991
5282	0.502
5283	0.999
5284	0.494
5285	0.991
5286	0.576
5287	0.782
5288	0.576
5289	0.784
5290	0.580
5291	0.782
5292	0.607
5293	0.790
5294	0.580
5295	0.782
5296	0.607
5297	0.790
5298	0.607
5299	0.790
5300	0.588
5301	0.880
5302	0.576
5303	0.882
5304	0.572
5305	0.782
5306	0.568
5307	0.790
5308	0.549
5309	0.825
5310	0.529
5311	0.878
5312	0.576
5313	0.882
5314	0.529
5315	0.878
5316	0.924
5317	0.718
5318	0.920
5319	0.685
5320	0.959
5321	0.749
5322	0.990
5323	0.718
5324	0.971
5325	0.749
5326	0.990
5327	0.718
5328	0.971
5329	0.749
5330	0.967
5331	0.757
5332	0.967
5333	0.757
5334	0.967
5335	0.757
5336	0.221
5337	0.702
5338	0.170
5339	0.702
5340	0.268
5341	0.728
5342	0.494
5343	0.757
5344	0.525
5345	0.757
5346	0.494
5347	0.757
5348	0.525
5349	0.757
5350	0.525
5351	0.815
5352	0.525
5353	0.815
5354	0.525
5355	0.907
5356	0.463
5357	0.847
5358	0.400
5359	0.878
5360	0.400
5361	0.786
5362	0.572
5363	0.901
5364	0.588
5365	0.880
5366	0.588
5367	0.880
5368	0.588
5369	0.880
5370	0.807
5371	0.739
5372	0.807
5373	0.739
5374	0.807
5375	0.739
5376	0.818
5377	0.739
5378	0.811
5379	0.753
5380	0.838
5381	0.788
5382	0.838
5383	0.739
5384	0.818
5385	0.739
5386	0.818
5387	0.739
5388	0.623
5389	0.999
5390	0.623
5391	0.999
5392	0.623
5393	0.999
5394	0.682
5395	0.997
5396	0.697
5397	0.999
5398	0.689
5399	0.997
5400	0.697
5401	0.997
5402	0.689
5403	0.997
5404	0.697
5405	0.997
5406	0.830
5407	0.819
5408	0.830
5409	0.819
5410	0.682
5411	0.997
5412	0.682
5413	0.997
5414	0.807
5415	0.739
5416	0.529
5417	0.884
5418	0.529
5419	0.884
5420	0.529
5421	0.884
5422	0.557
5423	0.884
5424	0.557
5425	0.884
5426	0.572
5427	0.884
5428	0.576
5429	0.892
5430	0.928
5431	0.421
5432	0.990
5433	0.442
5434	0.951
5435	0.454
5436	0.994
5437	0.444
5438	0.963
5439	0.468
5440	0.994
5441	0.444
5442	0.963
5443	0.468
5444	0.963
5445	0.468
5446	0.994
5447	0.442
5448	0.998
5449	0.442
5450	0.998
5451	0.442
5452	0.564
5453	0.433
5454	0.564
5455	0.372
5456	0.564
5457	0.433
5458	0.564
5459	0.372
5460	0.502
5461	0.437
5462	0.436
5463	0.376
5464	0.311
5465	0.378
5466	0.377
5467	0.438
5468	0.439
5469	0.499
5470	0.439
5471	0.499
5472	0.439
5473	0.499
5474	0.424
5475	0.499
5476	0.424
5477	0.499
5478	0.369
5479	0.438
5480	0.365
5481	0.438
5482	0.303
5483	0.378
5484	0.361
5485	0.438
5486	0.299
5487	0.378
5488	0.299
5489	0.470
5490	0.998
5491	0.442
5492	0.994
5493	0.442
5494	0.521
5495	0.999
5496	0.459
5497	0.938
5498	0.455
5499	0.938
5500	0.396
5501	0.878
5502	0.463
5503	0.938
5504	0.525
5505	0.999
5506	0.525
5507	0.907
5508	0.525
5509	0.907
5510	0.525
5511	0.999
5512	0.521
5513	0.999
