0	0.153
1	0.067
2	0.380
3	0.125
4	0.090
5	0.345
6	0.125
7	0.067
8	0.369
9	0.125
10	0.082
11	0.337
12	0.153
13	0.067
14	0.380
15	0.153
16	0.027
17	0.349
18	0.125
19	0.067
20	0.369
21	0.125
22	0.051
23	0.357
24	0.125
25	0.020
26	0.337
27	0.125
28	0.027
29	0.337
30	0.125
31	0.020
32	0.325
33	0.125
34	0.027
35	0.325
36	0.125
37	0.031
38	0.325
39	0.125
40	0.035
41	0.325
42	0.125
43	0.059
44	0.345
45	0.125
46	0.067
47	0.353
48	0.125
49	0.082
50	0.337
51	0.153
52	0.067
53	0.380
54	0.125
55	0.090
56	0.341
57	0.153
58	0.141
59	0.294
60	0.125
61	0.106
62	0.329
63	0.125
64	0.145
65	0.278
66	0.125
67	0.157
68	0.271
69	0.125
70	0.196
71	0.224
72	0.125
73	0.200
74	0.224
75	0.125
76	0.106
77	0.329
78	0.125
79	0.090
80	0.341
81	0.125
82	0.090
83	0.345
84	0.153
85	0.067
86	0.380
87	0.125
88	0.106
89	0.329
90	0.125
91	0.145
92	0.278
93	0.125
94	0.090
95	0.345
96	0.125
97	0.137
98	0.271
99	0.125
100	0.082
101	0.337
102	0.125
103	0.200
104	0.224
105	0.157
106	0.184
107	0.243
108	0.157
109	0.200
110	0.227
111	0.125
112	0.235
113	0.176
114	0.125
115	0.227
116	0.169
117	0.125
118	0.263
119	0.129
120	0.125
121	0.271
122	0.137
123	0.125
124	0.239
125	0.169
126	0.153
127	0.282
128	0.133
129	0.153
130	0.282
131	0.133
132	0.125
133	0.294
134	0.110
135	0.125
136	0.271
137	0.137
138	0.125
139	0.282
140	0.106
141	0.125
142	0.263
143	0.129
144	0.153
145	0.282
146	0.133
147	0.125
148	0.294
149	0.110
150	0.125
151	0.294
152	0.106
153	0.125
154	0.286
155	0.106
156	0.176
157	0.020
158	0.329
159	0.192
160	0.012
161	0.345
162	0.145
163	0.012
164	0.357
165	0.149
166	0.012
167	0.361
168	0.153
169	0.012
170	0.349
171	0.145
172	0.012
173	0.357
174	0.176
175	0.020
176	0.329
177	0.153
178	0.027
179	0.349
180	0.153
181	0.027
182	0.349
183	0.153
184	0.067
185	0.380
186	0.165
187	0.063
188	0.361
189	0.153
190	0.141
191	0.294
192	0.165
193	0.133
194	0.278
195	0.153
196	0.027
197	0.349
198	0.176
199	0.020
200	0.329
201	0.165
202	0.063
203	0.361
204	0.173
205	0.055
206	0.357
207	0.184
208	0.067
209	0.361
210	0.227
211	0.059
212	0.376
213	0.157
214	0.184
215	0.243
216	0.153
217	0.141
218	0.294
219	0.165
220	0.133
221	0.278
222	0.153
223	0.282
224	0.133
225	0.169
226	0.282
227	0.106
228	0.165
229	0.231
230	0.165
231	0.153
232	0.282
233	0.133
234	0.157
235	0.200
236	0.227
237	0.165
238	0.231
239	0.165
240	0.165
241	0.196
242	0.208
243	0.157
244	0.184
245	0.243
246	0.184
247	0.157
248	0.259
249	0.165
250	0.133
251	0.278
252	0.188
253	0.086
254	0.337
255	0.165
256	0.063
257	0.361
258	0.184
259	0.157
260	0.259
261	0.227
262	0.173
263	0.255
264	0.157
265	0.184
266	0.243
267	0.208
268	0.196
269	0.227
270	0.157
271	0.200
272	0.227
273	0.165
274	0.196
275	0.208
276	0.165
277	0.063
278	0.361
279	0.188
280	0.086
281	0.337
282	0.184
283	0.067
284	0.361
285	0.227
286	0.098
287	0.345
288	0.227
289	0.059
290	0.376
291	0.165
292	0.196
293	0.208
294	0.208
295	0.196
296	0.227
297	0.165
298	0.231
299	0.165
300	0.184
301	0.235
302	0.165
303	0.196
304	0.275
305	0.129
306	0.169
307	0.282
308	0.106
309	0.196
310	0.275
311	0.129
312	0.224
313	0.302
314	0.106
315	0.169
316	0.282
317	0.106
318	0.224
319	0.306
320	0.106
321	0.235
322	0.286
323	0.106
324	0.227
325	0.278
326	0.106
327	0.220
328	0.290
329	0.106
330	0.173
331	0.271
332	0.106
333	0.165
334	0.271
335	0.106
336	0.157
337	0.275
338	0.106
339	0.227
340	0.020
341	0.345
342	0.224
343	0.039
344	0.353
345	0.173
346	0.055
347	0.357
348	0.227
349	0.059
350	0.376
351	0.224
352	0.039
353	0.353
354	0.235
355	0.067
356	0.357
357	0.227
358	0.020
359	0.345
360	0.192
361	0.012
362	0.345
363	0.176
364	0.020
365	0.329
366	0.227
367	0.173
368	0.255
369	0.184
370	0.157
371	0.259
372	0.224
373	0.141
374	0.298
375	0.188
376	0.086
377	0.337
378	0.227
379	0.098
380	0.345
381	0.208
382	0.196
383	0.227
384	0.184
385	0.235
386	0.165
387	0.227
388	0.216
389	0.212
390	0.196
391	0.275
392	0.129
393	0.224
394	0.306
395	0.106
396	0.224
397	0.302
398	0.106
399	0.227
400	0.216
401	0.212
402	0.239
403	0.176
404	0.243
405	0.235
406	0.196
407	0.224
408	0.282
409	0.196
410	0.224
411	0.227
412	0.020
413	0.345
414	0.251
415	0.024
416	0.325
417	0.224
418	0.039
419	0.353
420	0.239
421	0.051
422	0.353
423	0.235
424	0.067
425	0.357
426	0.298
427	0.067
428	0.380
429	0.298
430	0.039
431	0.357
432	0.298
433	0.020
434	0.353
435	0.227
436	0.098
437	0.345
438	0.224
439	0.141
440	0.298
441	0.235
442	0.102
443	0.318
444	0.239
445	0.153
446	0.263
447	0.224
448	0.141
449	0.298
450	0.227
451	0.173
452	0.255
453	0.239
454	0.153
455	0.263
456	0.239
457	0.176
458	0.243
459	0.267
460	0.157
461	0.263
462	0.224
463	0.306
464	0.106
465	0.227
466	0.216
467	0.212
468	0.224
469	0.302
470	0.106
471	0.235
472	0.251
473	0.149
474	0.235
475	0.286
476	0.106
477	0.227
478	0.020
479	0.345
480	0.251
481	0.024
482	0.325
483	0.275
484	0.012
485	0.349
486	0.298
487	0.020
488	0.353
489	0.227
490	0.059
491	0.376
492	0.227
493	0.098
494	0.345
495	0.235
496	0.067
497	0.357
498	0.235
499	0.102
500	0.318
501	0.239
502	0.196
503	0.204
504	0.239
505	0.196
506	0.204
507	0.235
508	0.196
509	0.224
510	0.255
511	0.247
512	0.149
513	0.235
514	0.251
515	0.149
516	0.267
517	0.157
518	0.263
519	0.239
520	0.176
521	0.243
522	0.298
523	0.169
524	0.263
525	0.282
526	0.196
527	0.224
528	0.310
529	0.176
530	0.247
531	0.298
532	0.196
533	0.227
534	0.353
535	0.196
536	0.227
537	0.310
538	0.196
539	0.204
540	0.255
541	0.247
542	0.149
543	0.278
544	0.298
545	0.106
546	0.282
547	0.196
548	0.224
549	0.298
550	0.196
551	0.227
552	0.298
553	0.302
554	0.106
555	0.282
556	0.286
557	0.106
558	0.290
559	0.290
560	0.106
561	0.298
562	0.020
563	0.353
564	0.306
565	0.020
566	0.325
567	0.298
568	0.039
569	0.357
570	0.310
571	0.067
572	0.361
573	0.298
574	0.067
575	0.380
576	0.298
577	0.020
578	0.353
579	0.306
580	0.020
581	0.325
582	0.314
583	0.012
584	0.353
585	0.318
586	0.012
587	0.345
588	0.306
589	0.012
590	0.341
591	0.310
592	0.012
593	0.337
594	0.314
595	0.012
596	0.333
597	0.318
598	0.012
599	0.333
600	0.337
601	0.012
602	0.337
603	0.361
604	0.012
605	0.349
606	0.353
607	0.012
608	0.333
609	0.298
610	0.169
611	0.263
612	0.310
613	0.118
614	0.298
615	0.298
616	0.067
617	0.380
618	0.310
619	0.067
620	0.361
621	0.298
622	0.169
623	0.263
624	0.310
625	0.149
626	0.263
627	0.310
628	0.118
629	0.298
630	0.369
631	0.149
632	0.286
633	0.369
634	0.090
635	0.353
636	0.384
637	0.063
638	0.357
639	0.310
640	0.149
641	0.263
642	0.337
643	0.161
644	0.259
645	0.369
646	0.149
647	0.286
648	0.298
649	0.196
650	0.227
651	0.310
652	0.196
653	0.204
654	0.298
655	0.302
656	0.106
657	0.310
658	0.275
659	0.114
660	0.314
661	0.282
662	0.106
663	0.302
664	0.275
665	0.106
666	0.290
667	0.290
668	0.106
669	0.310
670	0.067
671	0.361
672	0.329
673	0.027
674	0.333
675	0.306
676	0.020
677	0.325
678	0.353
679	0.012
680	0.333
681	0.310
682	0.118
683	0.298
684	0.310
685	0.067
686	0.361
687	0.369
688	0.090
689	0.353
690	0.369
691	0.063
692	0.380
693	0.384
694	0.063
695	0.357
696	0.310
697	0.067
698	0.361
699	0.369
700	0.063
701	0.380
702	0.329
703	0.027
704	0.333
705	0.369
706	0.027
707	0.341
708	0.353
709	0.196
710	0.227
711	0.369
712	0.216
713	0.208
714	0.310
715	0.196
716	0.204
717	0.369
718	0.286
719	0.125
720	0.310
721	0.275
722	0.114
723	0.329
724	0.290
725	0.106
726	0.314
727	0.282
728	0.106
729	0.318
730	0.271
731	0.106
732	0.310
733	0.271
734	0.106
735	0.302
736	0.275
737	0.106
738	0.369
739	0.027
740	0.341
741	0.353
742	0.012
743	0.333
744	0.353
745	0.012
746	0.329
747	0.341
748	0.012
749	0.329
750	0.341
751	0.012
752	0.322
753	0.349
754	0.012
755	0.318
756	0.369
757	0.012
758	0.329
759	0.361
760	0.012
761	0.318
762	0.376
763	0.012
764	0.322
765	0.365
766	0.012
767	0.314
768	0.369
769	0.012
770	0.310
771	0.388
772	0.012
773	0.314
774	0.380
775	0.012
776	0.306
777	0.388
778	0.012
779	0.302
780	0.392
781	0.012
782	0.302
783	0.412
784	0.012
785	0.310
786	0.408
787	0.012
788	0.322
789	0.435
790	0.012
791	0.318
792	0.439
793	0.012
794	0.329
795	0.439
796	0.039
797	0.353
798	0.384
799	0.063
800	0.357
801	0.439
802	0.067
803	0.380
804	0.376
805	0.196
806	0.227
807	0.384
808	0.180
809	0.243
810	0.384
811	0.149
812	0.259
813	0.424
814	0.169
815	0.255
816	0.439
817	0.165
818	0.271
819	0.392
820	0.106
821	0.314
822	0.353
823	0.196
824	0.227
825	0.369
826	0.216
827	0.208
828	0.376
829	0.196
830	0.227
831	0.380
832	0.200
833	0.204
834	0.369
835	0.149
836	0.286
837	0.384
838	0.149
839	0.259
840	0.384
841	0.063
842	0.357
843	0.392
844	0.106
845	0.314
846	0.369
847	0.216
848	0.208
849	0.380
850	0.200
851	0.204
852	0.369
853	0.286
854	0.125
855	0.380
856	0.286
857	0.106
858	0.376
859	0.294
860	0.106
861	0.373
862	0.278
863	0.106
864	0.365
865	0.286
866	0.106
867	0.447
868	0.188
869	0.239
870	0.380
871	0.200
872	0.204
873	0.443
874	0.196
875	0.231
876	0.443
877	0.196
878	0.231
879	0.380
880	0.200
881	0.204
882	0.439
883	0.263
884	0.157
885	0.404
886	0.290
887	0.106
888	0.443
889	0.302
890	0.106
891	0.443
892	0.306
893	0.106
894	0.455
895	0.286
896	0.106
897	0.443
898	0.278
899	0.106
900	0.447
901	0.275
902	0.106
903	0.455
904	0.275
905	0.106
906	0.384
907	0.063
908	0.357
909	0.392
910	0.106
911	0.314
912	0.439
913	0.067
914	0.380
915	0.439
916	0.165
917	0.271
918	0.455
919	0.067
920	0.361
921	0.455
922	0.153
923	0.263
924	0.471
925	0.114
926	0.310
927	0.498
928	0.122
929	0.314
930	0.498
931	0.067
932	0.373
933	0.498
934	0.114
935	0.306
936	0.498
937	0.063
938	0.357
939	0.424
940	0.169
941	0.255
942	0.439
943	0.165
944	0.271
945	0.447
946	0.188
947	0.239
948	0.455
949	0.153
950	0.263
951	0.490
952	0.169
953	0.255
954	0.471
955	0.114
956	0.310
957	0.498
958	0.129
959	0.298
960	0.498
961	0.122
962	0.314
963	0.498
964	0.118
965	0.294
966	0.498
967	0.114
968	0.306
969	0.439
970	0.067
971	0.380
972	0.439
973	0.039
974	0.353
975	0.455
976	0.067
977	0.361
978	0.459
979	0.035
980	0.337
981	0.498
982	0.055
983	0.369
984	0.498
985	0.067
986	0.373
987	0.498
988	0.063
989	0.357
990	0.498
991	0.043
992	0.341
993	0.498
994	0.035
995	0.349
996	0.478
997	0.012
998	0.322
999	0.455
1000	0.012
1001	0.314
1002	0.439
1003	0.012
1004	0.329
1005	0.435
1006	0.012
1007	0.318
1008	0.447
1009	0.012
1010	0.306
1011	0.455
1012	0.012
1013	0.302
1014	0.459
1015	0.012
1016	0.302
1017	0.482
1018	0.012
1019	0.310
1020	0.502
1021	0.012
1022	0.322
1023	0.498
1024	0.012
1025	0.329
1026	0.498
1027	0.020
1028	0.322
1029	0.439
1030	0.263
1031	0.157
1032	0.455
1033	0.224
1034	0.176
1035	0.443
1036	0.196
1037	0.231
1038	0.451
1039	0.200
1040	0.208
1041	0.443
1042	0.302
1043	0.106
1044	0.455
1045	0.286
1046	0.106
1047	0.439
1048	0.263
1049	0.157
1050	0.455
1051	0.224
1052	0.176
1053	0.478
1054	0.239
1055	0.165
1056	0.498
1057	0.259
1058	0.153
1059	0.498
1060	0.196
1061	0.220
1062	0.498
1063	0.251
1064	0.145
1065	0.498
1066	0.188
1067	0.212
1068	0.498
1069	0.157
1070	0.271
1071	0.498
1072	0.157
1073	0.275
1074	0.498
1075	0.149
1076	0.271
1077	0.498
1078	0.294
1079	0.118
1080	0.498
1081	0.282
1082	0.129
1083	0.498
1084	0.302
1085	0.106
1086	0.498
1087	0.294
1088	0.118
1089	0.125
1090	0.004
1091	0.341
1092	0.125
1093	0.012
1094	0.345
1095	0.125
1096	0.008
1097	0.333
1098	0.125
1099	0.016
1100	0.341
1101	0.125
1102	0.012
1103	0.329
1104	0.125
1105	0.020
1106	0.337
1107	0.125
1108	0.016
1109	0.325
1110	0.125
1111	0.020
1112	0.325
1113	0.153
1114	0.027
1115	0.349
1116	0.145
1117	0.012
1118	0.357
1119	0.153
1120	0.012
1121	0.345
1122	0.129
1123	0.012
1124	0.337
1125	0.125
1126	0.137
1127	0.271
1128	0.125
1129	0.149
1130	0.263
1131	0.125
1132	0.192
1133	0.216
1134	0.125
1135	0.282
1136	0.106
1137	0.125
1138	0.286
1139	0.098
1140	0.125
1141	0.294
1142	0.106
1143	0.125
1144	0.294
1145	0.094
1146	0.125
1147	0.298
1148	0.106
1149	0.125
1150	0.298
1151	0.094
1152	0.129
1153	0.294
1154	0.106
1155	0.153
1156	0.282
1157	0.133
1158	0.153
1159	0.302
1160	0.106
1161	0.137
1162	0.290
1163	0.106
1164	0.149
1165	0.290
1166	0.106
1167	0.153
1168	0.012
1169	0.345
1170	0.188
1171	0.012
1172	0.333
1173	0.149
1174	0.290
1175	0.106
1176	0.153
1177	0.302
1178	0.106
1179	0.153
1180	0.282
1181	0.106
1182	0.161
1183	0.290
1184	0.106
1185	0.157
1186	0.275
1187	0.106
1188	0.169
1189	0.282
1190	0.106
1191	0.153
1192	0.282
1193	0.133
1194	0.188
1195	0.012
1196	0.333
1197	0.192
1198	0.012
1199	0.333
1200	0.192
1201	0.012
1202	0.345
1203	0.196
1204	0.012
1205	0.333
1206	0.227
1207	0.012
1208	0.345
1209	0.227
1210	0.012
1211	0.361
1212	0.227
1213	0.020
1214	0.345
1215	0.275
1216	0.012
1217	0.349
1218	0.275
1219	0.012
1220	0.353
1221	0.271
1222	0.012
1223	0.341
1224	0.275
1225	0.012
1226	0.341
1227	0.290
1228	0.012
1229	0.345
1230	0.290
1231	0.012
1232	0.361
1233	0.298
1234	0.020
1235	0.353
1236	0.314
1237	0.012
1238	0.353
1239	0.306
1240	0.012
1241	0.341
1242	0.231
1243	0.275
1244	0.106
1245	0.239
1246	0.275
1247	0.106
1248	0.282
1249	0.286
1250	0.106
1251	0.278
1252	0.298
1253	0.106
1254	0.263
1255	0.278
1256	0.106
1257	0.259
1258	0.290
1259	0.106
1260	0.259
1261	0.278
1262	0.106
1263	0.239
1264	0.275
1265	0.106
1266	0.235
1267	0.286
1268	0.106
1269	0.235
1270	0.251
1271	0.149
1272	0.255
1273	0.247
1274	0.149
1275	0.333
1276	0.278
1277	0.106
1278	0.365
1279	0.302
1280	0.106
1281	0.365
1282	0.290
1283	0.106
1284	0.376
1285	0.294
1286	0.106
1287	0.365
1288	0.286
1289	0.106
1290	0.341
1291	0.012
1292	0.333
1293	0.341
1294	0.012
1295	0.337
1296	0.341
1297	0.012
1298	0.337
1299	0.373
1300	0.278
1301	0.106
1302	0.376
1303	0.275
1304	0.106
1305	0.380
1306	0.286
1307	0.106
1308	0.380
1309	0.275
1310	0.106
1311	0.404
1312	0.286
1313	0.106
1314	0.404
1315	0.275
1316	0.106
1317	0.408
1318	0.275
1319	0.106
1320	0.412
1321	0.278
1322	0.106
1323	0.412
1324	0.282
1325	0.106
1326	0.435
1327	0.290
1328	0.106
1329	0.502
1330	0.290
1331	0.106
1332	0.478
1333	0.282
1334	0.106
1335	0.498
1336	0.302
1337	0.106
1338	0.471
1339	0.290
1340	0.106
1341	0.478
1342	0.278
1343	0.106
1344	0.467
1345	0.286
1346	0.106
1347	0.475
1348	0.275
1349	0.106
1350	0.467
1351	0.275
1352	0.106
1353	0.455
1354	0.275
1355	0.106
1356	0.455
1357	0.286
1358	0.106
1359	0.455
1360	0.224
1361	0.176
1362	0.478
1363	0.239
1364	0.165
1365	0.498
1366	0.259
1367	0.153
1368	0.498
1369	0.275
1370	0.133
1371	0.498
1372	0.282
1373	0.129
1374	0.498
1375	0.275
1376	0.122
1377	0.498
1378	0.251
1379	0.145
1380	0.498
1381	0.122
1382	0.290
1383	0.498
1384	0.145
1385	0.267
1386	0.498
1387	0.145
1388	0.271
1389	0.498
1390	0.145
1391	0.267
1392	0.498
1393	0.157
1394	0.271
1395	0.498
1396	0.149
1397	0.263
1398	0.498
1399	0.184
1400	0.224
1401	0.498
1402	0.196
1403	0.227
1404	0.490
1405	0.196
1406	0.224
1407	0.490
1408	0.169
1409	0.255
1410	0.447
1411	0.188
1412	0.239
1413	0.443
1414	0.196
1415	0.231
1416	0.451
1417	0.200
1418	0.208
1419	0.455
1420	0.224
1421	0.176
1422	0.478
1423	0.239
1424	0.165
1425	0.498
1426	0.196
1427	0.220
1428	0.498
1429	0.184
1430	0.220
1431	0.498
1432	0.184
1433	0.216
1434	0.498
1435	0.188
1436	0.212
1437	0.235
1438	0.102
1439	0.318
1440	0.235
1441	0.067
1442	0.357
1443	0.259
1444	0.086
1445	0.341
1446	0.298
1447	0.067
1448	0.380
1449	0.298
1450	0.169
1451	0.263
1452	0.267
1453	0.157
1454	0.263
1455	0.251
1456	0.102
1457	0.318
1458	0.239
1459	0.153
1460	0.263
1461	0.510
1462	0.051
1463	0.369
1464	0.498
1465	0.012
1466	0.329
1467	0.498
1468	0.055
1469	0.369
1470	0.498
1471	0.020
1472	0.322
1473	0.498
1474	0.059
1475	0.357
1476	0.510
1477	0.012
1478	0.333
1479	0.506
1480	0.012
1481	0.322
1482	0.502
1483	0.012
1484	0.318
1485	0.514
1486	0.071
1487	0.376
1488	0.498
1489	0.067
1490	0.373
1491	0.510
1492	0.051
1493	0.369
1494	0.498
1495	0.055
1496	0.369
1497	0.498
1498	0.059
1499	0.357
1500	0.498
1501	0.063
1502	0.357
1503	0.514
1504	0.071
1505	0.376
1506	0.510
1507	0.051
1508	0.369
1509	0.525
1510	0.063
1511	0.361
1512	0.525
1513	0.012
1514	0.318
1515	0.584
1516	0.067
1517	0.380
1518	0.545
1519	0.012
1520	0.322
1521	0.573
1522	0.012
1523	0.329
1524	0.573
1525	0.012
1526	0.318
1527	0.576
1528	0.012
1529	0.318
1530	0.580
1531	0.012
1532	0.318
1533	0.584
1534	0.012
1535	0.333
1536	0.596
1537	0.012
1538	0.314
1539	0.604
1540	0.043
1541	0.341
1542	0.596
1543	0.063
1544	0.365
1545	0.608
1546	0.063
1547	0.361
1548	0.510
1549	0.012
1550	0.333
1551	0.506
1552	0.012
1553	0.322
1554	0.518
1555	0.012
1556	0.310
1557	0.522
1558	0.012
1559	0.306
1560	0.525
1561	0.012
1562	0.306
1563	0.549
1564	0.012
1565	0.310
1566	0.514
1567	0.071
1568	0.376
1569	0.525
1570	0.063
1571	0.361
1572	0.514
1573	0.141
1574	0.294
1575	0.525
1576	0.098
1577	0.325
1578	0.549
1579	0.106
1580	0.325
1581	0.525
1582	0.149
1583	0.259
1584	0.522
1585	0.184
1586	0.239
1587	0.522
1588	0.271
1589	0.125
1590	0.514
1591	0.196
1592	0.227
1593	0.514
1594	0.267
1595	0.149
1596	0.498
1597	0.251
1598	0.161
1599	0.498
1600	0.212
1601	0.204
1602	0.498
1603	0.243
1604	0.153
1605	0.498
1606	0.204
1607	0.196
1608	0.498
1609	0.196
1610	0.227
1611	0.498
1612	0.188
1613	0.220
1614	0.498
1615	0.173
1616	0.251
1617	0.498
1618	0.165
1619	0.243
1620	0.498
1621	0.118
1622	0.314
1623	0.498
1624	0.110
1625	0.306
1626	0.498
1627	0.067
1628	0.373
1629	0.498
1630	0.063
1631	0.357
1632	0.514
1633	0.071
1634	0.376
1635	0.514
1636	0.141
1637	0.294
1638	0.522
1639	0.184
1640	0.239
1641	0.522
1642	0.271
1643	0.125
1644	0.514
1645	0.267
1646	0.149
1647	0.525
1648	0.282
1649	0.106
1650	0.510
1651	0.302
1652	0.106
1653	0.518
1654	0.275
1655	0.106
1656	0.506
1657	0.290
1658	0.106
1659	0.498
1660	0.290
1661	0.106
1662	0.498
1663	0.302
1664	0.106
1665	0.498
1666	0.275
1667	0.133
1668	0.498
1669	0.294
1670	0.098
1671	0.498
1672	0.267
1673	0.122
1674	0.498
1675	0.267
1676	0.125
1677	0.498
1678	0.251
1679	0.161
1680	0.498
1681	0.243
1682	0.153
1683	0.525
1684	0.149
1685	0.259
1686	0.569
1687	0.173
1688	0.255
1689	0.522
1690	0.184
1691	0.239
1692	0.514
1693	0.196
1694	0.227
1695	0.565
1696	0.196
1697	0.224
1698	0.588
1699	0.184
1700	0.239
1701	0.580
1702	0.227
1703	0.196
1704	0.592
1705	0.196
1706	0.224
1707	0.525
1708	0.063
1709	0.361
1710	0.584
1711	0.067
1712	0.380
1713	0.549
1714	0.106
1715	0.325
1716	0.569
1717	0.173
1718	0.255
1719	0.584
1720	0.125
1721	0.310
1722	0.525
1723	0.149
1724	0.259
1725	0.549
1726	0.106
1727	0.325
1728	0.584
1729	0.067
1730	0.380
1731	0.596
1732	0.063
1733	0.365
1734	0.569
1735	0.173
1736	0.255
1737	0.588
1738	0.184
1739	0.239
1740	0.584
1741	0.125
1742	0.310
1743	0.600
1744	0.145
1745	0.263
1746	0.596
1747	0.063
1748	0.365
1749	0.612
1750	0.106
1751	0.314
1752	0.608
1753	0.063
1754	0.361
1755	0.592
1756	0.196
1757	0.224
1758	0.580
1759	0.227
1760	0.196
1761	0.600
1762	0.192
1763	0.204
1764	0.596
1765	0.235
1766	0.165
1767	0.624
1768	0.243
1769	0.165
1770	0.596
1771	0.259
1772	0.137
1773	0.659
1774	0.298
1775	0.118
1776	0.655
1777	0.196
1778	0.227
1779	0.592
1780	0.196
1781	0.224
1782	0.596
1783	0.235
1784	0.165
1785	0.596
1786	0.259
1787	0.137
1788	0.580
1789	0.302
1790	0.106
1791	0.600
1792	0.282
1793	0.106
1794	0.592
1795	0.275
1796	0.106
1797	0.576
1798	0.290
1799	0.106
1800	0.573
1801	0.290
1802	0.106
1803	0.573
1804	0.302
1805	0.106
1806	0.553
1807	0.278
1808	0.106
1809	0.549
1810	0.290
1811	0.106
1812	0.537
1813	0.275
1814	0.106
1815	0.533
1816	0.286
1817	0.106
1818	0.533
1819	0.275
1820	0.106
1821	0.525
1822	0.282
1823	0.106
1824	0.525
1825	0.271
1826	0.106
1827	0.518
1828	0.275
1829	0.106
1830	0.522
1831	0.271
1832	0.125
1833	0.525
1834	0.204
1835	0.196
1836	0.592
1837	0.196
1838	0.224
1839	0.655
1840	0.196
1841	0.227
1842	0.588
1843	0.184
1844	0.239
1845	0.631
1846	0.169
1847	0.251
1848	0.600
1849	0.145
1850	0.263
1851	0.655
1852	0.141
1853	0.294
1854	0.612
1855	0.106
1856	0.314
1857	0.608
1858	0.063
1859	0.361
1860	0.655
1861	0.075
1862	0.376
1863	0.612
1864	0.106
1865	0.314
1866	0.655
1867	0.141
1868	0.294
1869	0.655
1870	0.075
1871	0.376
1872	0.608
1873	0.063
1874	0.361
1875	0.663
1876	0.063
1877	0.376
1878	0.604
1879	0.043
1880	0.341
1881	0.659
1882	0.012
1883	0.337
1884	0.608
1885	0.012
1886	0.318
1887	0.659
1888	0.012
1889	0.333
1890	0.647
1891	0.012
1892	0.318
1893	0.612
1894	0.012
1895	0.306
1896	0.604
1897	0.012
1898	0.314
1899	0.608
1900	0.012
1901	0.306
1902	0.604
1903	0.012
1904	0.302
1905	0.596
1906	0.012
1907	0.302
1908	0.596
1909	0.012
1910	0.314
1911	0.592
1912	0.012
1913	0.302
1914	0.588
1915	0.012
1916	0.306
1917	0.639
1918	0.267
1919	0.118
1920	0.643
1921	0.271
1922	0.106
1923	0.663
1924	0.275
1925	0.106
1926	0.655
1927	0.278
1928	0.106
1929	0.655
1930	0.282
1931	0.106
1932	0.643
1933	0.184
1934	0.212
1935	0.663
1936	0.216
1937	0.176
1938	0.639
1939	0.267
1940	0.118
1941	0.663
1942	0.275
1943	0.106
1944	0.643
1945	0.063
1946	0.314
1947	0.647
1948	0.035
1949	0.286
1950	0.643
1951	0.012
1952	0.271
1953	0.647
1954	0.027
1955	0.271
1956	0.647
1957	0.012
1958	0.263
1959	0.631
1960	0.012
1961	0.267
1962	0.631
1963	0.012
1964	0.271
1965	0.643
1966	0.059
1967	0.345
1968	0.643
1969	0.012
1970	0.302
1971	0.643
1972	0.063
1973	0.314
1974	0.643
1975	0.012
1976	0.271
1977	0.631
1978	0.012
1979	0.271
1980	0.631
1981	0.012
1982	0.302
1983	0.643
1984	0.051
1985	0.141
1986	0.655
1987	0.031
1988	0.180
1989	0.647
1990	0.055
1991	0.157
1992	0.667
1993	0.059
1994	0.184
1995	0.675
1996	0.071
1997	0.161
1998	0.678
1999	0.082
2000	0.173
2001	0.643
2002	0.075
2003	0.106
2004	0.643
2005	0.051
2006	0.141
2007	0.643
2008	0.078
2009	0.106
2010	0.643
2011	0.125
2012	0.122
2013	0.643
2014	0.125
2015	0.106
2016	0.631
2017	0.078
2018	0.106
2019	0.635
2020	0.071
2021	0.106
2022	0.647
2023	0.055
2024	0.157
2025	0.647
2026	0.075
2027	0.153
2028	0.643
2029	0.122
2030	0.192
2031	0.651
2032	0.090
2033	0.169
2034	0.655
2035	0.090
2036	0.180
2037	0.678
2038	0.082
2039	0.173
2040	0.675
2041	0.071
2042	0.161
2043	0.663
2044	0.067
2045	0.349
2046	0.663
2047	0.024
2048	0.322
2049	0.643
2050	0.059
2051	0.345
2052	0.643
2053	0.012
2054	0.302
2055	0.663
2056	0.012
2057	0.310
2058	0.647
2059	0.012
2060	0.302
2061	0.643
2062	0.012
2063	0.314
2064	0.651
2065	0.012
2066	0.314
2067	0.651
2068	0.078
2069	0.314
2070	0.643
2071	0.063
2072	0.314
2073	0.651
2074	0.086
2075	0.318
2076	0.643
2077	0.059
2078	0.345
2079	0.663
2080	0.067
2081	0.349
2082	0.663
2083	0.114
2084	0.298
2085	0.651
2086	0.078
2087	0.314
2088	0.643
2089	0.063
2090	0.314
2091	0.675
2092	0.067
2093	0.318
2094	0.647
2095	0.035
2096	0.286
2097	0.675
2098	0.020
2099	0.275
2100	0.647
2101	0.027
2102	0.271
2103	0.647
2104	0.012
2105	0.263
2106	0.659
2107	0.012
2108	0.267
2109	0.667
2110	0.012
2111	0.267
2112	0.675
2113	0.012
2114	0.263
2115	0.675
2116	0.027
2117	0.263
2118	0.643
2119	0.082
2120	0.200
2121	0.667
2122	0.059
2123	0.184
2124	0.655
2125	0.075
2126	0.204
2127	0.675
2128	0.075
2129	0.204
2130	0.643
2131	0.082
2132	0.200
2133	0.655
2134	0.090
2135	0.180
2136	0.667
2137	0.059
2138	0.184
2139	0.678
2140	0.082
2141	0.173
2142	0.655
2143	0.090
2144	0.180
2145	0.643
2146	0.082
2147	0.200
2148	0.643
2149	0.122
2150	0.192
2151	0.647
2152	0.125
2153	0.247
2154	0.643
2155	0.133
2156	0.267
2157	0.643
2158	0.184
2159	0.212
2160	0.643
2161	0.082
2162	0.200
2163	0.655
2164	0.075
2165	0.204
2166	0.647
2167	0.125
2168	0.247
2169	0.675
2170	0.075
2171	0.204
2172	0.675
2173	0.118
2174	0.251
2175	0.643
2176	0.122
2177	0.192
2178	0.643
2179	0.125
2180	0.122
2181	0.643
2182	0.184
2183	0.212
2184	0.639
2185	0.267
2186	0.118
2187	0.639
2188	0.141
2189	0.106
2190	0.643
2191	0.125
2192	0.106
2193	0.631
2194	0.125
2195	0.106
2196	0.627
2197	0.137
2198	0.106
2199	0.627
2200	0.141
2201	0.106
2202	0.639
2203	0.259
2204	0.106
2205	0.643
2206	0.271
2207	0.106
2208	0.631
2209	0.275
2210	0.106
2211	0.627
2212	0.263
2213	0.106
2214	0.627
2215	0.259
2216	0.106
2217	0.643
2218	0.133
2219	0.267
2220	0.663
2221	0.153
2222	0.251
2223	0.651
2224	0.086
2225	0.318
2226	0.663
2227	0.114
2228	0.298
2229	0.643
2230	0.133
2231	0.267
2232	0.643
2233	0.184
2234	0.212
2235	0.663
2236	0.153
2237	0.251
2238	0.663
2239	0.216
2240	0.176
2241	0.647
2242	0.075
2243	0.153
2244	0.655
2245	0.098
2246	0.267
2247	0.647
2248	0.125
2249	0.247
2250	0.675
2251	0.118
2252	0.251
2253	0.655
2254	0.098
2255	0.267
2256	0.647
2257	0.125
2258	0.247
2259	0.651
2260	0.102
2261	0.286
2262	0.643
2263	0.133
2264	0.267
2265	0.651
2266	0.086
2267	0.318
2268	0.651
2269	0.078
2270	0.314
2271	0.651
2272	0.078
2273	0.314
2274	0.675
2275	0.078
2276	0.310
2277	0.663
2278	0.078
2279	0.294
2280	0.663
2281	0.078
2282	0.294
2283	0.651
2284	0.078
2285	0.314
2286	0.651
2287	0.102
2288	0.286
2289	0.651
2290	0.078
2291	0.314
2292	0.675
2293	0.067
2294	0.318
2295	0.675
2296	0.078
2297	0.310
2298	0.651
2299	0.102
2300	0.286
2301	0.675
2302	0.102
2303	0.286
2304	0.655
2305	0.098
2306	0.267
2307	0.675
2308	0.094
2309	0.271
2310	0.667
2311	0.075
2312	0.239
2313	0.675
2314	0.102
2315	0.286
2316	0.663
2317	0.078
2318	0.294
2319	0.651
2320	0.102
2321	0.286
2322	0.655
2323	0.075
2324	0.376
2325	0.663
2326	0.149
2327	0.275
2328	0.655
2329	0.141
2330	0.294
2331	0.655
2332	0.196
2333	0.227
2334	0.663
2335	0.149
2336	0.275
2337	0.655
2338	0.075
2339	0.376
2340	0.663
2341	0.063
2342	0.376
2343	0.667
2344	0.075
2345	0.239
2346	0.655
2347	0.098
2348	0.267
2349	0.675
2350	0.118
2351	0.251
2352	0.663
2353	0.149
2354	0.275
2355	0.659
2356	0.298
2357	0.118
2358	0.655
2359	0.196
2360	0.227
2361	0.659
2362	0.298
2363	0.118
2364	0.663
2365	0.275
2366	0.106
2367	0.663
2368	0.149
2369	0.275
2370	0.663
2371	0.216
2372	0.176
2373	0.663
2374	0.153
2375	0.251
2376	0.663
2377	0.067
2378	0.349
2379	0.663
2380	0.024
2381	0.322
2382	0.663
2383	0.063
2384	0.376
2385	0.659
2386	0.012
2387	0.337
2388	0.659
2389	0.012
2390	0.333
2391	0.659
2392	0.012
2393	0.322
2394	0.651
2395	0.012
2396	0.322
2397	0.663
2398	0.012
2399	0.310
2400	0.651
2401	0.012
2402	0.314
2403	0.647
2404	0.012
2405	0.318
2406	0.647
2407	0.012
2408	0.322
2409	0.663
2410	0.149
2411	0.275
2412	0.663
2413	0.063
2414	0.376
2415	0.663
2416	0.067
2417	0.349
2418	0.663
2419	0.067
2420	0.349
2421	0.663
2422	0.149
2423	0.275
2424	0.663
2425	0.114
2426	0.298
2427	0.663
2428	0.153
2429	0.251
2430	0.667
2431	0.012
2432	0.267
2433	0.675
2434	0.027
2435	0.263
2436	0.675
2437	0.020
2438	0.275
2439	0.675
2440	0.078
2441	0.310
2442	0.675
2443	0.067
2444	0.318
2445	0.667
2446	0.075
2447	0.239
2448	0.667
2449	0.035
2450	0.208
2451	0.675
2452	0.051
2453	0.196
2454	0.647
2455	0.012
2456	0.200
2457	0.655
2458	0.031
2459	0.180
2460	0.667
2461	0.059
2462	0.184
2463	0.675
2464	0.075
2465	0.204
2466	0.667
2467	0.035
2468	0.208
2469	0.675
2470	0.024
2471	0.220
2472	0.667
2473	0.075
2474	0.239
2475	0.675
2476	0.094
2477	0.271
2478	0.675
2479	0.027
2480	0.263
2481	0.675
2482	0.078
2483	0.310
2484	0.667
2485	0.043
2486	0.263
2487	0.663
2488	0.078
2489	0.294
2490	0.675
2491	0.102
2492	0.286
2493	0.675
2494	0.094
2495	0.271
2496	0.675
2497	0.094
2498	0.271
2499	0.675
2500	0.024
2501	0.220
2502	0.667
2503	0.043
2504	0.263
2505	0.671
2506	0.012
2507	0.235
2508	0.675
2509	0.027
2510	0.263
2511	0.675
2512	0.012
2513	0.263
2514	0.659
2515	0.012
2516	0.239
2517	0.663
2518	0.012
2519	0.255
2520	0.667
2521	0.075
2522	0.239
2523	0.675
2524	0.118
2525	0.251
2526	0.675
2527	0.051
2528	0.196
2529	0.675
2530	0.075
2531	0.204
2532	0.796
2533	0.067
2534	0.114
2535	0.753
2536	0.063
2537	0.122
2538	0.804
2539	0.067
2540	0.129
2541	0.761
2542	0.031
2543	0.169
2544	0.722
2545	0.071
2546	0.122
2547	0.702
2548	0.039
2549	0.157
2550	0.714
2551	0.012
2552	0.188
2553	0.675
2554	0.020
2555	0.184
2556	0.663
2557	0.012
2558	0.196
2559	0.647
2560	0.012
2561	0.200
2562	0.655
2563	0.031
2564	0.180
2565	0.643
2566	0.051
2567	0.141
2568	0.690
2569	0.075
2570	0.106
2571	0.643
2572	0.075
2573	0.106
2574	0.643
2575	0.078
2576	0.106
2577	0.698
2578	0.078
2579	0.106
2580	0.722
2581	0.082
2582	0.106
2583	0.698
2584	0.067
2585	0.106
2586	0.643
2587	0.067
2588	0.106
2589	0.635
2590	0.071
2591	0.106
2592	0.796
2593	0.067
2594	0.114
2595	0.800
2596	0.055
2597	0.106
2598	0.753
2599	0.063
2600	0.122
2601	0.737
2602	0.043
2603	0.106
2604	0.722
2605	0.071
2606	0.122
2607	0.725
2608	0.047
2609	0.106
2610	0.733
2611	0.031
2612	0.106
2613	0.737
2614	0.031
2615	0.106
2616	0.769
2617	0.043
2618	0.106
2619	0.800
2620	0.051
2621	0.106
2622	0.773
2623	0.031
2624	0.106
2625	0.792
2626	0.039
2627	0.106
2628	0.800
2629	0.055
2630	0.106
2631	0.796
2632	0.067
2633	0.114
2634	0.800
2635	0.051
2636	0.106
2637	0.804
2638	0.043
2639	0.106
2640	0.796
2641	0.039
2642	0.106
2643	0.804
2644	0.067
2645	0.129
2646	0.804
2647	0.012
2648	0.106
2649	0.804
2650	0.012
2651	0.196
2652	0.792
2653	0.012
2654	0.180
2655	0.792
2656	0.012
2657	0.106
2658	0.792
2659	0.039
2660	0.106
2661	0.588
2662	0.012
2663	0.306
2664	0.584
2665	0.012
2666	0.314
2667	0.592
2668	0.012
2669	0.322
2670	0.580
2671	0.012
2672	0.314
2673	0.596
2674	0.271
2675	0.106
2676	0.604
2677	0.271
2678	0.106
2679	0.635
2680	0.012
2681	0.259
2682	0.639
2683	0.012
2684	0.255
2685	0.631
2686	0.012
2687	0.302
2688	0.635
2689	0.012
2690	0.310
2691	0.631
2692	0.125
2693	0.106
2694	0.631
2695	0.275
2696	0.106
2697	0.631
2698	0.278
2699	0.106
2700	0.635
2701	0.278
2702	0.106
2703	0.647
2704	0.286
2705	0.106
2706	0.651
2707	0.290
2708	0.106
2709	0.659
2710	0.290
2711	0.106
2712	0.631
2713	0.282
2714	0.106
2715	0.647
2716	0.286
2717	0.106
2718	0.659
2719	0.302
2720	0.106
2721	0.659
2722	0.290
2723	0.106
2724	0.659
2725	0.298
2726	0.118
2727	0.663
2728	0.275
2729	0.106
2730	0.651
2731	0.286
2732	0.106
2733	0.639
2734	0.012
2735	0.192
2736	0.635
2737	0.012
2738	0.196
2739	0.635
2740	0.012
2741	0.208
2742	0.647
2743	0.012
2744	0.212
2745	0.675
2746	0.024
2747	0.220
2748	0.671
2749	0.012
2750	0.235
2751	0.635
2752	0.012
2753	0.220
2754	0.659
2755	0.012
2756	0.239
2757	0.635
2758	0.012
2759	0.212
2760	0.639
2761	0.012
2762	0.192
2763	0.643
2764	0.012
2765	0.192
2766	0.659
2767	0.012
2768	0.184
2769	0.663
2770	0.012
2771	0.184
2772	0.686
2773	0.012
2774	0.196
2775	0.686
2776	0.012
2777	0.184
2778	0.639
2779	0.012
2780	0.255
2781	0.647
2782	0.012
2783	0.251
2784	0.659
2785	0.012
2786	0.255
2787	0.663
2788	0.012
2789	0.255
2790	0.714
2791	0.012
2792	0.176
2793	0.776
2794	0.012
2795	0.180
2796	0.776
2797	0.012
2798	0.192
2799	0.780
2800	0.012
2801	0.180
2802	0.792
2803	0.012
2804	0.180
2805	0.804
2806	0.012
2807	0.196
2808	0.698
2809	0.067
2810	0.106
2811	0.710
2812	0.067
2813	0.106
2814	0.722
2815	0.082
2816	0.106
2817	0.722
2818	0.067
2819	0.106
2820	0.722
2821	0.071
2822	0.122
2823	0.725
2824	0.059
2825	0.106
2826	0.725
2827	0.047
2828	0.106
2829	0.714
2830	0.047
2831	0.106
2832	0.714
2833	0.055
2834	0.106
2835	0.710
2836	0.063
2837	0.106
2838	0.714
2839	0.047
2840	0.106
2841	0.714
2842	0.039
2843	0.106
2844	0.722
2845	0.035
2846	0.106
2847	0.769
2848	0.031
2849	0.106
2850	0.600
2851	0.282
2852	0.106
2853	0.627
2854	0.294
2855	0.106
2856	0.659
2857	0.302
2858	0.106
2859	0.631
2860	0.282
2861	0.106
2862	0.604
2863	0.271
2864	0.106
2865	0.000
2866	0.000
2867	0.000
2868	0.000
2869	0.000
2870	0.000
2871	0.000
2872	0.000
2873	0.000
2874	0.000
2875	0.000
2876	0.000
2877	0.000
2878	0.000
2879	0.000
2880	0.000
2881	0.000
2882	0.000
2883	0.000
2884	0.000
2885	0.000
2886	0.000
2887	0.000
2888	0.000
2889	0.000
2890	0.000
2891	0.000
2892	0.000
2893	0.000
2894	0.000
2895	0.000
2896	0.000
2897	0.000
2898	0.000
2899	0.000
2900	0.000
2901	0.000
2902	0.000
2903	0.000
2904	0.000
2905	0.000
2906	0.000
2907	0.000
2908	0.000
2909	0.000
2910	0.000
2911	0.000
2912	0.000
2913	0.000
2914	0.000
2915	0.000
2916	0.000
2917	0.000
2918	0.000
2919	0.000
2920	0.000
2921	0.000
2922	0.000
2923	0.000
2924	0.000
2925	0.000
2926	0.000
2927	0.000
2928	0.000
2929	0.000
2930	0.000
2931	0.000
2932	0.000
2933	0.000
2934	0.000
2935	0.000
2936	0.000
2937	0.000
2938	0.000
2939	0.000
2940	0.000
2941	0.000
2942	0.000
2943	0.000
2944	0.000
2945	0.000
2946	0.000
2947	0.000
2948	0.000
2949	0.000
2950	0.000
2951	0.000
2952	0.000
2953	0.000
2954	0.000
2955	0.000
2956	0.000
2957	0.000
2958	0.000
2959	0.000
2960	0.000
2961	0.000
2962	0.000
2963	0.000
2964	0.000
2965	0.000
2966	0.000
2967	0.000
2968	0.000
2969	0.000
2970	0.000
2971	0.000
2972	0.000
2973	0.000
2974	0.000
2975	0.000
2976	0.000
2977	0.000
2978	0.000
2979	0.000
2980	0.000
2981	0.000
2982	0.000
2983	0.000
2984	0.000
2985	0.000
2986	0.000
2987	0.000
2988	0.000
2989	0.000
2990	0.000
2991	0.000
2992	0.000
2993	0.000
2994	0.000
2995	0.000
2996	0.000
2997	0.000
2998	0.000
2999	0.000
3000	0.000
3001	0.000
3002	0.000
3003	0.000
3004	0.000
3005	0.000
3006	0.000
3007	0.000
3008	0.000
3009	0.000
3010	0.000
3011	0.000
3012	0.000
3013	0.000
3014	0.000
3015	0.000
3016	0.000
3017	0.000
3018	0.000
3019	0.000
3020	0.000
3021	0.000
3022	0.000
3023	0.000
3024	0.000
3025	0.000
3026	0.000
3027	0.000
3028	0.000
3029	0.000
3030	0.000
3031	0.000
3032	0.000
3033	0.000
3034	0.000
3035	0.000
3036	0.000
3037	0.000
3038	0.000
3039	0.000
3040	0.000
3041	0.000
3042	0.000
3043	0.000
3044	0.000
3045	0.000
3046	0.000
3047	0.000
3048	0.000
3049	0.000
3050	0.000
3051	0.000
3052	0.000
3053	0.000
3054	0.000
3055	0.000
3056	0.000
3057	0.000
3058	0.000
3059	0.000
3060	0.000
3061	0.000
3062	0.000
3063	0.000
3064	0.000
3065	0.000
3066	0.000
3067	0.000
3068	0.000
3069	0.000
3070	0.000
3071	0.000
3072	0.000
3073	0.000
3074	0.000
3075	0.000
3076	0.000
3077	0.000
3078	0.000
3079	0.000
3080	0.000
3081	0.000
3082	0.000
3083	0.000
3084	0.000
3085	0.000
3086	0.000
3087	0.000
3088	0.000
3089	0.000
3090	0.000
3091	0.000
3092	0.000
3093	0.000
3094	0.000
3095	0.000
3096	0.000
3097	0.000
3098	0.000
3099	0.000
3100	0.000
3101	0.000
3102	0.000
3103	0.000
3104	0.000
3105	0.000
3106	0.000
3107	0.000
3108	0.000
3109	0.000
3110	0.000
3111	0.000
3112	0.000
3113	0.000
3114	0.000
3115	0.000
3116	0.000
3117	0.000
3118	0.000
3119	0.000
3120	0.000
3121	0.000
3122	0.000
3123	0.000
3124	0.000
3125	0.000
3126	0.000
3127	0.000
3128	0.000
3129	0.000
3130	0.000
3131	0.000
3132	0.000
3133	0.000
3134	0.000
3135	0.000
3136	0.000
3137	0.000
3138	0.000
3139	0.000
3140	0.000
3141	0.000
3142	0.000
3143	0.000
3144	0.000
3145	0.000
3146	0.000
3147	0.000
3148	0.000
3149	0.000
3150	0.000
3151	0.000
3152	0.000
3153	0.000
3154	0.000
3155	0.000
3156	0.000
3157	0.000
3158	0.000
3159	0.000
3160	0.000
3161	0.000
3162	0.000
3163	0.000
3164	0.000
3165	0.000
3166	0.000
3167	0.000
3168	0.000
3169	0.000
3170	0.000
3171	0.000
3172	0.000
3173	0.000
3174	0.000
3175	0.000
3176	0.000
3177	0.000
3178	0.000
3179	0.000
3180	0.000
3181	0.000
3182	0.000
3183	0.000
3184	0.000
3185	0.000
3186	0.000
3187	0.000
3188	0.000
3189	0.000
3190	0.000
3191	0.000
3192	0.000
3193	0.000
3194	0.000
3195	0.000
3196	0.000
3197	0.000
3198	0.000
3199	0.000
3200	0.000
3201	0.000
3202	0.000
3203	0.000
3204	0.000
3205	0.000
3206	0.000
3207	0.000
3208	0.000
3209	0.000
3210	0.000
3211	0.000
3212	0.000
3213	0.000
3214	0.000
3215	0.000
3216	0.000
3217	0.000
3218	0.000
3219	0.000
3220	0.000
3221	0.000
3222	0.000
3223	0.000
3224	0.000
3225	0.000
3226	0.000
3227	0.000
3228	0.000
3229	0.000
3230	0.000
3231	0.000
3232	0.000
3233	0.000
3234	0.000
3235	0.000
3236	0.000
3237	0.000
3238	0.000
3239	0.000
3240	0.000
3241	0.000
3242	0.000
3243	0.000
3244	0.000
3245	0.000
3246	0.000
3247	0.000
3248	0.000
3249	0.000
3250	0.000
3251	0.000
3252	0.000
3253	0.000
3254	0.000
3255	0.000
3256	0.000
3257	0.000
3258	0.000
3259	0.000
3260	0.000
3261	0.000
3262	0.000
3263	0.000
3264	0.000
3265	0.000
3266	0.000
3267	0.000
3268	0.000
3269	0.000
3270	0.000
3271	0.000
3272	0.000
3273	0.000
3274	0.000
3275	0.000
3276	0.000
3277	0.000
3278	0.000
3279	0.000
3280	0.000
3281	0.000
3282	0.000
3283	0.000
3284	0.000
3285	0.000
3286	0.000
3287	0.000
3288	0.000
3289	0.000
3290	0.000
3291	0.000
3292	0.000
3293	0.000
3294	0.000
3295	0.000
3296	0.000
3297	0.000
3298	0.000
3299	0.000
3300	0.000
3301	0.000
3302	0.000
3303	0.000
3304	0.000
3305	0.000
3306	0.000
3307	0.000
3308	0.000
3309	0.000
3310	0.000
3311	0.000
3312	0.000
3313	0.000
3314	0.000
3315	0.000
3316	0.000
3317	0.000
3318	0.000
3319	0.000
3320	0.000
3321	0.000
3322	0.000
3323	0.000
3324	0.000
3325	0.000
3326	0.000
3327	0.000
3328	0.000
3329	0.000
3330	0.000
3331	0.000
3332	0.000
3333	0.000
3334	0.000
3335	0.000
3336	0.000
3337	0.000
3338	0.000
3339	0.000
3340	0.000
3341	0.000
3342	0.000
3343	0.000
3344	0.000
3345	0.000
3346	0.000
3347	0.000
3348	0.000
3349	0.000
3350	0.000
3351	0.000
3352	0.000
3353	0.000
3354	0.000
3355	0.000
3356	0.000
3357	0.000
3358	0.000
3359	0.000
3360	0.000
3361	0.000
3362	0.000
3363	0.000
3364	0.000
3365	0.000
3366	0.000
3367	0.000
3368	0.000
3369	0.000
3370	0.000
3371	0.000
3372	0.000
3373	0.000
3374	0.000
3375	0.000
3376	0.000
3377	0.000
3378	0.000
3379	0.000
3380	0.000
3381	0.000
3382	0.000
3383	0.000
3384	0.000
3385	0.000
3386	0.000
3387	0.000
3388	0.000
3389	0.000
3390	0.000
3391	0.000
3392	0.000
3393	0.000
3394	0.000
3395	0.000
3396	0.000
3397	0.000
3398	0.000
3399	0.000
3400	0.000
3401	0.000
3402	0.000
3403	0.000
3404	0.000
3405	0.000
3406	0.000
3407	0.000
3408	0.000
3409	0.000
3410	0.000
3411	0.000
3412	0.000
3413	0.000
3414	0.000
3415	0.000
3416	0.000
3417	0.000
3418	0.000
3419	0.000
3420	0.000
3421	0.000
3422	0.000
3423	0.000
3424	0.000
3425	0.000
3426	0.000
3427	0.000
3428	0.000
3429	0.000
3430	0.000
3431	0.000
3432	0.000
3433	0.000
3434	0.000
3435	0.000
3436	0.000
3437	0.000
3438	0.000
3439	0.000
3440	0.000
3441	0.000
3442	0.000
3443	0.000
3444	0.000
3445	0.000
3446	0.000
3447	0.000
3448	0.000
3449	0.000
3450	0.000
3451	0.000
3452	0.000
3453	0.000
3454	0.000
3455	0.000
3456	0.000
3457	0.000
3458	0.000
3459	0.000
3460	0.000
3461	0.000
3462	0.000
3463	0.000
3464	0.000
3465	0.000
3466	0.000
3467	0.000
3468	0.000
3469	0.000
3470	0.000
3471	0.000
3472	0.000
3473	0.000
3474	0.000
3475	0.000
3476	0.000
3477	0.000
3478	0.000
3479	0.000
3480	0.000
3481	0.000
3482	0.000
3483	0.000
3484	0.000
3485	0.000
3486	0.000
3487	0.000
3488	0.000
3489	0.000
3490	0.000
3491	0.000
3492	0.000
3493	0.000
3494	0.000
3495	0.000
3496	0.000
3497	0.000
3498	0.000
3499	0.000
3500	0.000
3501	0.000
3502	0.000
3503	0.000
3504	0.000
3505	0.000
3506	0.000
3507	0.000
3508	0.000
3509	0.000
3510	0.000
3511	0.000
3512	0.000
3513	0.000
3514	0.000
3515	0.000
3516	0.000
3517	0.000
3518	0.000
3519	0.000
3520	0.000
3521	0.000
3522	0.000
3523	0.000
3524	0.000
3525	0.000
3526	0.000
3527	0.000
3528	0.000
3529	0.000
3530	0.000
3531	0.000
3532	0.000
3533	0.000
3534	0.000
3535	0.000
3536	0.000
3537	0.000
3538	0.000
3539	0.000
3540	0.000
3541	0.000
3542	0.000
3543	0.000
3544	0.000
3545	0.000
3546	0.000
3547	0.000
3548	0.000
3549	0.000
3550	0.000
3551	0.000
3552	0.000
3553	0.000
3554	0.000
3555	0.000
3556	0.000
3557	0.000
3558	0.000
3559	0.000
3560	0.000
3561	0.000
3562	0.000
3563	0.000
3564	0.000
3565	0.000
3566	0.000
3567	0.000
3568	0.000
3569	0.000
3570	0.000
3571	0.000
3572	0.000
3573	0.000
3574	0.000
3575	0.000
3576	0.000
3577	0.000
3578	0.000
3579	0.000
3580	0.000
3581	0.000
3582	0.000
3583	0.000
3584	0.000
3585	0.000
3586	0.000
3587	0.000
3588	0.000
3589	0.000
3590	0.000
3591	0.000
3592	0.000
3593	0.000
3594	0.000
3595	0.000
3596	0.000
3597	0.000
3598	0.000
3599	0.000
3600	0.000
3601	0.000
3602	0.000
3603	0.000
3604	0.000
3605	0.000
3606	0.000
3607	0.000
3608	0.000
3609	0.000
3610	0.000
3611	0.000
3612	0.000
3613	0.000
3614	0.000
3615	0.000
3616	0.000
3617	0.000
3618	0.000
3619	0.000
3620	0.000
3621	0.000
3622	0.000
3623	0.000
3624	0.000
3625	0.000
3626	0.000
3627	0.000
3628	0.000
3629	0.000
3630	0.000
3631	0.000
3632	0.000
3633	0.000
3634	0.000
3635	0.000
3636	0.000
3637	0.000
3638	0.000
3639	0.000
3640	0.000
3641	0.000
3642	0.000
3643	0.000
3644	0.000
3645	0.000
3646	0.000
3647	0.000
3648	0.000
3649	0.000
3650	0.000
3651	0.000
3652	0.000
3653	0.000
3654	0.000
3655	0.000
3656	0.000
3657	0.000
3658	0.000
3659	0.000
3660	0.000
3661	0.000
3662	0.000
3663	0.000
3664	0.000
3665	0.000
3666	0.000
3667	0.000
3668	0.000
3669	0.000
3670	0.000
3671	0.000
3672	0.000
3673	0.000
3674	0.000
3675	0.000
3676	0.000
3677	0.000
3678	0.000
3679	0.000
3680	0.000
3681	0.000
3682	0.000
3683	0.000
3684	0.000
3685	0.000
3686	0.000
3687	0.000
3688	0.000
3689	0.000
3690	0.000
3691	0.000
3692	0.000
3693	0.000
3694	0.000
3695	0.000
3696	0.000
3697	0.000
3698	0.000
3699	0.000
3700	0.000
3701	0.000
3702	0.000
3703	0.000
3704	0.000
3705	0.000
3706	0.000
3707	0.000
3708	0.000
3709	0.000
3710	0.000
3711	0.000
3712	0.000
3713	0.000
3714	0.000
3715	0.000
3716	0.000
3717	0.000
3718	0.000
3719	0.000
3720	0.000
3721	0.000
3722	0.000
3723	0.000
3724	0.000
3725	0.000
3726	0.000
3727	0.000
3728	0.000
3729	0.000
3730	0.000
3731	0.000
3732	0.000
3733	0.000
3734	0.000
3735	0.000
3736	0.000
3737	0.000
3738	0.000
3739	0.000
3740	0.000
3741	0.000
3742	0.000
3743	0.000
3744	0.000
3745	0.000
3746	0.000
3747	0.000
3748	0.000
3749	0.000
3750	0.000
3751	0.000
3752	0.000
3753	0.000
3754	0.000
3755	0.000
3756	0.000
3757	0.000
3758	0.000
3759	0.000
3760	0.000
3761	0.000
3762	0.000
3763	0.000
3764	0.000
3765	0.000
3766	0.000
3767	0.000
3768	0.000
3769	0.000
3770	0.000
3771	0.000
3772	0.000
3773	0.000
3774	0.000
3775	0.000
3776	0.000
3777	0.000
3778	0.000
3779	0.000
3780	0.000
3781	0.000
3782	0.000
3783	0.000
3784	0.000
3785	0.000
3786	0.000
3787	0.000
3788	0.000
3789	0.000
3790	0.000
3791	0.000
3792	0.000
3793	0.000
3794	0.000
3795	0.000
3796	0.000
3797	0.000
3798	0.000
3799	0.000
3800	0.000
3801	0.000
3802	0.000
3803	0.000
3804	0.000
3805	0.000
3806	0.000
3807	0.000
3808	0.000
3809	0.000
3810	0.000
3811	0.000
3812	0.000
3813	0.000
3814	0.000
3815	0.000
3816	0.000
3817	0.000
3818	0.000
3819	0.000
3820	0.076
3821	0.826
3822	0.037
3823	0.857
3824	0.045
3825	0.826
3826	0.037
3827	0.857
3828	0.072
3829	0.479
3830	0.111
3831	0.451
3832	0.061
3833	0.451
3834	0.076
3835	0.439
3836	0.107
3837	0.420
3838	0.100
3839	0.420
3840	0.107
3841	0.420
3842	0.100
3843	0.420
3844	0.100
3845	0.420
3846	0.100
3847	0.420
3848	0.076
3849	0.439
3850	0.076
3851	0.439
3852	0.076
3853	0.439
3854	0.037
3855	0.959
3856	0.076
3857	0.982
3858	0.135
3859	0.959
3860	0.092
3861	0.982
3862	0.146
3863	0.982
3864	0.158
3865	0.982
3866	0.213
3867	0.986
3868	0.217
3869	0.990
3870	0.393
3871	0.482
3872	0.381
3873	0.467
3874	0.377
3875	0.467
3876	0.342
3877	0.432
3878	0.061
3879	0.990
3880	0.123
3881	0.998
3882	0.037
3883	0.990
3884	0.123
3885	0.998
3886	0.037
3887	0.990
3888	0.217
3889	0.982
3890	0.193
3891	0.955
3892	0.213
3893	0.955
3894	0.268
3895	0.982
3896	0.268
3897	0.982
3898	0.318
3899	0.998
3900	0.318
3901	0.998
3902	0.275
3903	0.982
3904	0.338
3905	0.975
3906	0.963
3907	0.693
3908	0.943
3909	0.729
3910	0.932
3911	0.693
3912	0.943
3913	0.729
3914	0.932
3915	0.693
3916	0.373
3917	0.748
3918	0.350
3919	0.717
3920	0.346
3921	0.717
3922	0.350
3923	0.717
3924	0.061
3925	0.627
3926	0.084
3927	0.627
3928	0.061
3929	0.584
3930	0.064
3931	0.584
3932	0.064
3933	0.584
3934	0.451
3935	0.807
3936	0.420
3937	0.838
3938	0.432
3939	0.807
3940	0.373
3941	0.771
3942	0.408
3943	0.732
3944	0.385
3945	0.732
3946	0.346
3947	0.635
3948	0.326
3949	0.639
3950	0.521
3951	0.479
3952	0.553
3953	0.486
3954	0.506
3955	0.514
3956	0.518
3957	0.514
3958	0.518
3959	0.529
3960	0.553
3961	0.557
3962	0.979
3963	0.947
3964	0.955
3965	0.885
3966	0.975
3967	0.885
3968	0.416
3969	0.432
3970	0.385
3971	0.432
3972	0.436
3973	0.490
3974	0.799
3975	0.643
3976	0.729
3977	0.541
3978	0.783
3979	0.584
3980	0.748
3981	0.541
3982	0.135
3983	0.717
3984	0.123
3985	0.678
3986	0.088
3987	0.678
3988	0.041
3989	0.619
3990	0.002
3991	0.619
3992	0.514
3993	0.768
3994	0.510
3995	0.725
3996	0.549
3997	0.779
3998	0.549
3999	0.729
4000	0.568
4001	0.771
4002	0.580
4003	0.756
4004	0.150
4005	0.475
4006	0.178
4007	0.506
4008	0.170
4009	0.475
4010	0.221
4011	0.502
4012	0.213
4013	0.451
4014	0.584
4015	0.709
4016	0.627
4017	0.689
4018	0.592
4019	0.764
4020	0.611
4021	0.764
4022	0.631
4023	0.814
4024	0.604
4025	0.842
4026	0.334
4027	0.459
4028	0.295
4029	0.482
4030	0.314
4031	0.428
4032	0.291
4033	0.482
4034	0.311
4035	0.494
4036	0.311
4037	0.494
4038	0.311
4039	0.494
4040	0.314
4041	0.428
4042	0.314
4043	0.428
4044	0.314
4045	0.428
4046	0.580
4047	0.529
4048	0.561
4049	0.541
4050	0.939
4051	0.490
4052	0.900
4053	0.447
4054	0.889
4055	0.475
4056	0.877
4057	0.447
4058	0.416
4059	0.693
4060	0.396
4061	0.662
4062	0.373
4063	0.662
4064	0.064
4065	0.541
4066	0.111
4067	0.541
4068	0.084
4069	0.592
4070	0.143
4071	0.643
4072	0.104
4073	0.654
4074	0.666
4075	0.861
4076	0.682
4077	0.787
4078	0.643
4079	0.838
4080	0.666
4081	0.736
4082	0.635
4083	0.701
4084	0.639
4085	0.701
4086	0.564
4087	0.701
4088	0.514
4089	0.709
4090	0.541
4091	0.701
4092	0.521
4093	0.658
4094	0.791
4095	0.580
4096	0.779
4097	0.549
4098	0.814
4099	0.576
4100	0.822
4101	0.557
4102	0.838
4103	0.557
4104	0.850
4105	0.490
4106	0.811
4107	0.494
4108	0.791
4109	0.490
4110	0.002
4111	0.682
4112	0.053
4113	0.721
4114	0.033
4115	0.682
4116	0.092
4117	0.725
4118	0.838
4119	0.482
4120	0.803
4121	0.447
4122	0.803
4123	0.471
4124	0.783
4125	0.447
4126	0.779
4127	0.486
4128	0.150
4129	0.811
4130	0.061
4131	0.916
4132	0.146
4133	0.811
4134	0.092
4135	0.850
4136	0.127
4137	0.807
4138	0.002
4139	0.490
4140	0.025
4141	0.510
4142	0.049
4143	0.482
4144	0.072
4145	0.482
4146	0.221
4147	0.459
4148	0.260
4149	0.486
4150	0.240
4151	0.459
4152	0.287
4153	0.479
4154	0.037
4155	0.908
4156	0.549
4157	0.682
4158	0.537
4159	0.689
4160	0.592
4161	0.643
4162	0.600
4163	0.654
4164	0.838
4165	0.971
4166	0.869
4167	0.947
4168	0.811
4169	0.955
4170	0.834
4171	0.912
4172	0.803
4173	0.936
4174	0.818
4175	0.912
4176	0.768
4177	0.904
4178	0.811
4179	0.889
4180	0.939
4181	0.799
4182	0.951
4183	0.869
4184	0.982
4185	0.717
4186	0.998
4187	0.717
4188	0.971
4189	0.877
4190	0.951
4191	0.869
4192	0.971
4193	0.877
4194	0.162
4195	0.439
4196	0.166
4197	0.467
4198	0.143
4199	0.439
4200	0.115
4201	0.443
4202	0.115
4203	0.424
4204	0.553
4205	0.635
4206	0.580
4207	0.639
4208	0.561
4209	0.619
4210	0.568
4211	0.619
4212	0.568
4213	0.619
4214	0.568
4215	0.619
4216	0.568
4217	0.619
4218	0.568
4219	0.619
4220	0.568
4221	0.619
4222	0.588
4223	0.580
4224	0.596
4225	0.596
4226	0.830
4227	0.717
4228	0.803
4229	0.658
4230	0.725
4231	0.600
4232	0.748
4233	0.600
4234	0.584
4235	0.795
4236	0.561
4237	0.795
4238	0.533
4239	0.834
4240	0.502
4241	0.775
4242	0.451
4243	0.846
4244	0.420
4245	0.850
4246	0.791
4247	0.963
4248	0.771
4249	0.943
4250	0.740
4251	0.959
4252	0.764
4253	0.791
4254	0.783
4255	0.775
4256	0.920
4257	0.822
4258	0.900
4259	0.799
4260	0.912
4261	0.799
4262	0.912
4263	0.799
4264	0.920
4265	0.822
4266	0.400
4267	0.463
4268	0.404
4269	0.518
4270	0.432
4271	0.518
4272	0.389
4273	0.541
4274	0.303
4275	0.686
4276	0.252
4277	0.619
4278	0.314
4279	0.600
4280	0.291
4281	0.568
4282	0.318
4283	0.568
4284	0.822
4285	0.646
4286	0.834
4287	0.701
4288	0.869
4289	0.650
4290	0.877
4291	0.686
4292	0.682
4293	0.924
4294	0.646
4295	0.932
4296	0.678
4297	0.873
4298	0.537
4299	0.896
4300	0.557
4301	0.834
4302	0.533
4303	0.850
4304	0.545
4305	0.834
4306	0.545
4307	0.834
4308	0.545
4309	0.834
4310	0.545
4311	0.834
4312	0.889
4313	0.689
4314	0.896
4315	0.666
4316	0.900
4317	0.666
4318	0.900
4319	0.666
4320	0.900
4321	0.666
4322	0.900
4323	0.666
4324	0.908
4325	0.682
4326	0.908
4327	0.682
4328	0.916
4329	0.689
4330	0.916
4331	0.689
4332	0.916
4333	0.689
4334	0.924
4335	0.701
4336	0.916
4337	0.689
4338	0.924
4339	0.701
4340	0.924
4341	0.701
4342	0.928
4343	0.725
4344	0.928
4345	0.725
4346	0.932
4347	0.760
4348	0.932
4349	0.760
4350	0.896
4351	0.771
4352	0.857
4353	0.721
4354	0.857
4355	0.783
4356	0.748
4357	0.900
4358	0.736
4359	0.916
4360	0.725
4361	0.939
4362	0.705
4363	0.912
4364	0.689
4365	0.916
4366	0.693
4367	0.979
4368	0.939
4369	0.459
4370	0.932
4371	0.428
4372	0.916
4373	0.451
4374	0.912
4375	0.428
4376	0.518
4377	0.967
4378	0.541
4379	0.947
4380	0.412
4381	0.928
4382	0.475
4383	0.928
4384	0.506
4385	0.662
4386	0.486
4387	0.654
4388	0.580
4389	0.576
4390	0.576
4391	0.553
4392	0.584
4393	0.553
4394	0.576
4395	0.553
4396	0.576
4397	0.553
4398	0.697
4399	0.889
4400	0.752
4401	0.885
4402	0.701
4403	0.881
4404	0.842
4405	0.881
4406	0.826
4407	0.814
4408	0.744
4409	0.865
4410	0.693
4411	0.822
4412	0.682
4413	0.861
4414	0.678
4415	0.861
4416	0.697
4417	0.873
4418	0.697
4419	0.873
4420	0.697
4421	0.873
4422	0.697
4423	0.873
4424	0.807
4425	0.760
4426	0.795
4427	0.701
4428	0.752
4429	0.775
4430	0.744
4431	0.635
4432	0.732
4433	0.764
4434	0.725
4435	0.639
4436	0.713
4437	0.697
4438	0.686
4439	0.697
4440	0.689
4441	0.775
4442	0.686
4443	0.697
4444	0.689
4445	0.775
4446	0.252
4447	0.607
4448	0.229
4449	0.607
4450	0.248
4451	0.572
4452	0.213
4453	0.596
4454	0.201
4455	0.561
4456	0.158
4457	0.627
4458	0.154
4459	0.596
4460	0.143
4461	0.607
4462	0.154
4463	0.596
4464	0.154
4465	0.596
4466	0.303
4467	0.557
4468	0.268
4469	0.557
4470	0.291
4471	0.537
4472	0.252
4473	0.537
4474	0.283
4475	0.494
4476	0.295
4477	0.494
4478	0.283
4479	0.494
4480	0.256
4481	0.498
4482	0.256
4483	0.498
4484	0.225
4485	0.521
4486	0.221
4487	0.545
4488	0.232
4489	0.561
4490	0.232
4491	0.561
4492	0.221
4493	0.545
4494	0.221
4495	0.545
4496	0.221
4497	0.545
4498	0.225
4499	0.521
4500	0.229
4501	0.502
4502	0.229
4503	0.502
4504	0.229
4505	0.502
4506	0.682
4507	0.721
4508	0.662
4509	0.678
4510	0.604
4511	0.658
4512	0.627
4513	0.658
4514	0.732
4515	0.506
4516	0.713
4517	0.506
4518	0.705
4519	0.564
4520	0.666
4521	0.588
4522	0.854
4523	0.455
4524	0.822
4525	0.455
4526	0.889
4527	0.518
4528	0.822
4529	0.455
4530	0.889
4531	0.518
4532	0.182
4533	0.568
4534	0.178
4535	0.568
4536	0.178
4537	0.568
4538	0.143
4539	0.998
4540	0.158
4541	0.998
4542	0.127
4543	0.994
4544	0.143
4545	0.994
4546	0.420
4547	0.939
4548	0.420
4549	0.939
4550	0.420
4551	0.939
4552	0.416
4553	0.939
4554	0.416
4555	0.939
4556	0.412
4557	0.939
4558	0.412
4559	0.939
4560	0.412
4561	0.939
4562	0.412
4563	0.967
4564	0.428
4565	0.959
4566	0.428
4567	0.959
4568	0.420
4569	0.939
4570	0.146
4571	0.982
4572	0.158
4573	0.982
4574	0.217
4575	0.982
4576	0.725
4577	0.557
4578	0.725
4579	0.557
4580	0.725
4581	0.557
4582	0.725
4583	0.557
4584	0.721
4585	0.557
4586	0.721
4587	0.557
4588	0.721
4589	0.557
4590	0.736
4591	0.596
4592	0.705
4593	0.580
4594	0.721
4595	0.557
4596	0.721
4597	0.557
4598	0.064
4599	0.584
4600	0.084
4601	0.627
4602	0.822
4603	0.588
4604	0.822
4605	0.588
4606	0.807
4607	0.588
4608	0.807
4609	0.588
4610	0.795
4611	0.588
4612	0.795
4613	0.588
4614	0.807
4615	0.619
4616	0.986
4617	0.881
4618	0.986
4619	0.881
4620	0.986
4621	0.881
4622	0.986
4623	0.881
4624	0.998
4625	0.912
4626	0.998
4627	0.912
4628	0.982
4629	0.912
4630	0.986
4631	0.959
4632	0.990
4633	0.959
4634	0.990
4635	0.959
4636	0.990
4637	0.959
4638	0.998
4639	0.975
4640	0.998
4641	0.975
4642	0.986
4643	0.982
4644	0.990
4645	0.998
4646	0.990
4647	0.998
4648	0.311
4649	0.494
4650	0.311
4651	0.494
4652	0.701
4653	0.514
4654	0.701
4655	0.514
4656	0.682
4657	0.506
4658	0.682
4659	0.506
4660	0.682
4661	0.506
4662	0.658
4663	0.498
4664	0.658
4665	0.498
4666	0.666
4667	0.443
4668	0.686
4669	0.443
4670	0.533
4671	0.850
4672	0.514
4673	0.885
4674	0.514
4675	0.885
4676	0.514
4677	0.900
4678	0.514
4679	0.900
4680	0.896
4681	0.666
4682	0.896
4683	0.666
4684	0.596
4685	0.596
4686	0.701
4687	0.795
4688	0.701
4689	0.795
4690	0.701
4691	0.795
4692	0.701
4693	0.795
4694	0.697
4695	0.818
4696	0.697
4697	0.818
4698	0.697
4699	0.818
4700	0.697
4701	0.818
4702	0.693
4703	0.822
4704	0.697
4705	0.873
4706	0.322
4707	0.611
4708	0.338
4709	0.584
4710	0.322
4711	0.611
4712	0.338
4713	0.584
4714	0.338
4715	0.584
4716	0.342
4717	0.580
4718	0.342
4719	0.580
4720	0.342
4721	0.580
4722	0.346
4723	0.568
4724	0.346
4725	0.568
4726	0.432
4727	0.615
4728	0.404
4729	0.627
4730	0.377
4731	0.635
4732	0.354
4733	0.623
4734	0.346
4735	0.623
4736	0.346
4737	0.623
4738	0.377
4739	0.635
4740	0.154
4741	0.596
4742	0.178
4743	0.568
4744	0.268
4745	0.654
4746	0.268
4747	0.654
4748	0.268
4749	0.654
4750	0.268
4751	0.654
4752	0.213
4753	0.678
4754	0.213
4755	0.678
4756	0.209
4757	0.670
4758	0.248
4759	0.654
4760	0.209
4761	0.623
4762	0.197
4763	0.623
4764	0.178
4765	0.639
4766	0.143
4767	0.658
4768	0.135
4769	0.689
4770	0.209
4771	0.682
4772	0.209
4773	0.682
4774	0.209
4775	0.682
4776	0.209
4777	0.682
4778	0.482
4779	0.732
4780	0.482
4781	0.783
4782	0.459
4783	0.760
4784	0.420
4785	0.799
4786	0.420
4787	0.650
4788	0.451
4789	0.658
4790	0.467
4791	0.732
4792	0.479
4793	0.658
4794	0.850
4795	0.775
4796	0.826
4797	0.725
4798	0.838
4799	0.779
4800	0.826
4801	0.725
4802	0.838
4803	0.779
4804	0.838
4805	0.725
4806	0.838
4807	0.725
4808	0.826
4809	0.725
4810	0.432
4811	0.967
4812	0.436
4813	0.951
4814	0.451
4815	0.963
4816	0.447
4817	0.951
4818	0.447
4819	0.951
4820	0.436
4821	0.951
4822	0.873
4823	0.643
4824	0.877
4825	0.619
4826	0.893
4827	0.635
4828	0.932
4829	0.580
4830	0.932
4831	0.686
4832	0.947
4833	0.596
4834	0.967
4835	0.615
4836	0.967
4837	0.615
4838	0.967
4839	0.615
4840	0.990
4841	0.623
4842	0.975
4843	0.623
4844	0.998
4845	0.623
4846	0.979
4847	0.662
4848	0.951
4849	0.682
4850	0.963
4851	0.686
4852	0.908
4853	0.576
4854	0.908
4855	0.576
4856	0.932
4857	0.580
4858	0.932
4859	0.580
4860	0.932
4861	0.580
4862	0.947
4863	0.596
4864	0.037
4865	0.951
4866	0.045
4867	0.932
4868	0.146
4869	0.947
4870	0.096
4871	0.932
4872	0.100
4873	0.908
4874	0.178
4875	0.928
4876	0.213
4877	0.943
4878	0.002
4879	0.693
4880	0.018
4881	0.818
4882	0.018
4883	0.713
4884	0.033
4885	0.732
4886	0.033
4887	0.791
4888	0.033
4889	0.732
4890	0.033
4891	0.791
4892	0.033
4893	0.818
4894	0.033
4895	0.818
4896	0.033
4897	0.850
4898	0.033
4899	0.850
4900	0.033
4901	0.928
4902	0.033
4903	0.928
4904	0.033
4905	0.998
4906	0.033
4907	0.998
4908	0.018
4909	0.998
4910	0.018
4911	0.900
4912	0.010
4913	0.834
4914	0.119
4915	0.475
4916	0.096
4917	0.482
4918	0.143
4919	0.475
4920	0.150
4921	0.498
4922	0.143
4923	0.475
4924	0.150
4925	0.498
4926	0.146
4927	0.510
4928	0.146
4929	0.510
4930	0.107
4931	0.502
4932	0.146
4933	0.510
4934	0.107
4935	0.502
4936	0.107
4937	0.502
4938	0.072
4939	0.494
4940	0.072
4941	0.494
4942	0.381
4943	0.998
4944	0.346
4945	0.971
4946	0.393
4947	0.963
4948	0.404
4949	0.947
4950	0.357
4951	0.936
4952	0.330
4953	0.951
4954	0.346
4955	0.893
4956	0.330
4957	0.932
4958	0.588
4959	0.439
4960	0.572
4961	0.498
4962	0.529
4963	0.439
4964	0.979
4965	0.990
4966	0.955
4967	0.920
4968	0.928
4969	0.998
4970	0.912
4971	0.916
4972	0.912
4973	0.838
4974	0.932
4975	0.838
4976	0.877
4977	0.982
4978	0.900
4979	0.998
4980	0.877
4981	0.908
4982	0.908
4983	0.951
4984	0.873
4985	0.822
4986	0.904
4987	0.885
4988	0.885
4989	0.822
4990	0.053
4991	0.818
4992	0.096
4993	0.818
4994	0.061
4995	0.799
4996	0.119
4997	0.791
4998	0.119
4999	0.764
5000	0.154
5001	0.787
5002	0.182
5003	0.717
5004	0.037
5005	0.744
5006	0.041
5007	0.807
5008	0.330
5009	0.861
5010	0.334
5011	0.826
5012	0.361
5013	0.775
5014	0.334
5015	0.787
5016	0.334
5017	0.787
5018	0.361
5019	0.775
5020	0.369
5021	0.775
5022	0.369
5023	0.775
5024	0.393
5025	0.787
5026	0.393
5027	0.787
5028	0.408
5029	0.791
5030	0.408
5031	0.791
5032	0.408
5033	0.791
5034	0.416
5035	0.795
5036	0.416
5037	0.795
5038	0.416
5039	0.795
5040	0.416
5041	0.818
5042	0.400
5043	0.916
5044	0.607
5045	0.576
5046	0.600
5047	0.639
5048	0.627
5049	0.576
5050	0.639
5051	0.623
5052	0.670
5053	0.596
5054	0.682
5055	0.658
5056	0.729
5057	0.623
5058	0.002
5059	0.514
5060	0.053
5061	0.514
5062	0.002
5063	0.576
5064	0.045
5065	0.615
5066	0.682
5067	0.525
5068	0.658
5069	0.568
5070	0.674
5071	0.514
5072	0.631
5073	0.568
5074	0.611
5075	0.510
5076	0.592
5077	0.561
5078	0.607
5079	0.510
5080	0.607
5081	0.510
5082	0.592
5083	0.561
5084	0.588
5085	0.564
5086	0.588
5087	0.564
5088	0.588
5089	0.564
5090	0.588
5091	0.572
5092	0.588
5093	0.572
5094	0.588
5095	0.572
5096	0.588
5097	0.572
5098	0.314
5099	0.936
5100	0.311
5101	0.924
5102	0.326
5103	0.912
5104	0.318
5105	0.912
5106	0.326
5107	0.912
5108	0.803
5109	0.650
5110	0.842
5111	0.619
5112	0.861
5113	0.541
5114	0.889
5115	0.541
5116	0.037
5117	0.877
5118	0.068
5119	0.854
5120	0.084
5121	0.830
5122	0.084
5123	0.846
5124	0.092
5125	0.830
5126	0.084
5127	0.830
5128	0.084
5129	0.830
5130	0.283
5131	0.787
5132	0.326
5133	0.740
5134	0.314
5135	0.791
5136	0.357
5137	0.740
5138	0.357
5139	0.740
5140	0.326
5141	0.740
5142	0.002
5143	0.443
5144	0.029
5145	0.479
5146	0.018
5147	0.447
5148	0.049
5149	0.459
5150	0.045
5151	0.432
5152	0.061
5153	0.432
5154	0.334
5155	0.482
5156	0.311
5157	0.518
5158	0.338
5159	0.482
5160	0.385
5161	0.498
5162	0.385
5163	0.482
5164	0.338
5165	0.482
5166	0.338
5167	0.482
5168	0.314
5169	0.533
5170	0.334
5171	0.529
5172	0.381
5173	0.568
5174	0.346
5175	0.549
5176	0.346
5177	0.561
5178	0.322
5179	0.561
5180	0.314
5181	0.549
5182	0.932
5183	0.572
5184	0.928
5185	0.518
5186	0.951
5187	0.561
5188	0.947
5189	0.494
5190	0.928
5191	0.502
5192	0.943
5193	0.494
5194	0.947
5195	0.494
5196	0.928
5197	0.502
5198	0.119
5199	0.865
5200	0.104
5201	0.877
5202	0.127
5203	0.865
5204	0.119
5205	0.904
5206	0.139
5207	0.900
5208	0.143
5209	0.834
5210	0.982
5211	0.506
5212	0.994
5213	0.521
5214	0.959
5215	0.521
5216	0.994
5217	0.564
5218	0.967
5219	0.588
5220	0.998
5221	0.584
5222	0.994
5223	0.604
5224	0.982
5225	0.600
5226	0.975
5227	0.600
5228	0.967
5229	0.604
5230	0.959
5231	0.588
5232	0.283
5233	0.939
5234	0.311
5235	0.963
5236	0.299
5237	0.939
5238	0.318
5239	0.939
5240	0.295
5241	0.451
5242	0.279
5243	0.432
5244	0.260
5245	0.459
5246	0.252
5247	0.432
5248	0.506
5249	0.537
5250	0.486
5251	0.521
5252	0.479
5253	0.561
5254	0.428
5255	0.541
5256	0.408
5257	0.541
5258	0.436
5259	0.607
5260	0.979
5261	0.436
5262	0.963
5263	0.436
5264	0.986
5265	0.498
5266	0.943
5267	0.439
5268	0.959
5269	0.502
5270	0.201
5271	0.775
5272	0.205
5273	0.705
5274	0.264
5275	0.795
5276	0.346
5277	0.701
5278	0.221
5279	0.689
5280	0.205
5281	0.689
5282	0.205
5283	0.689
5284	0.205
5285	0.689
5286	0.221
5287	0.689
5288	0.338
5289	0.689
5290	0.350
5291	0.689
5292	0.350
5293	0.689
5294	0.338
5295	0.689
5296	0.338
5297	0.689
5298	0.248
5299	0.951
5300	0.217
5301	0.943
5302	0.307
5303	0.920
5304	0.271
5305	0.920
5306	0.545
5307	0.557
5308	0.486
5309	0.604
5310	0.514
5311	0.557
5312	0.436
5313	0.619
5314	0.018
5315	0.428
5316	0.705
5317	0.471
5318	0.721
5319	0.439
5320	0.693
5321	0.439
5322	0.775
5323	0.514
5324	0.760
5325	0.541
5326	0.764
5327	0.498
5328	0.744
5329	0.529
5330	0.764
5331	0.463
5332	0.771
5333	0.463
5334	0.557
5335	0.967
5336	0.545
5337	0.947
5338	0.564
5339	0.947
5340	0.846
5341	0.885
5342	0.822
5343	0.885
5344	0.846
5345	0.912
5346	0.865
5347	0.994
5348	0.854
5349	0.971
5350	0.869
5351	0.971
5352	0.416
5353	0.924
5354	0.416
5355	0.900
5356	0.436
5357	0.920
5358	0.436
5359	0.900
5360	0.471
5361	0.908
5362	0.494
5363	0.846
5364	0.506
5365	0.869
5366	0.518
5367	0.846
5368	0.479
5369	0.896
5370	0.600
5371	0.947
5372	0.576
5373	0.947
5374	0.654
5375	0.986
5376	0.920
5377	0.799
5378	0.979
5379	0.686
5380	0.990
5381	0.686
5382	0.514
5383	0.475
5384	0.521
5385	0.436
5386	0.486
5387	0.436
5388	0.834
5389	0.975
5390	0.619
5391	0.998
5392	0.768
5393	0.975
5394	0.615
5395	0.998
5396	0.607
5397	0.971
5398	0.396
5399	0.982
5400	0.514
5401	0.971
5402	0.416
5403	0.971
5404	0.732
5405	0.494
5406	0.760
5407	0.451
5408	0.705
5409	0.490
5410	0.744
5411	0.439
5412	0.748
5413	0.439
5414	0.760
5415	0.439
5416	0.748
5417	0.439
5418	0.771
5419	0.439
5420	0.771
5421	0.439
5422	0.760
5423	0.439
5424	0.760
5425	0.439
5426	0.115
5427	0.721
5428	0.002
5429	0.650
5430	0.029
5431	0.650
5432	0.365
5433	0.650
5434	0.475
5435	0.635
5436	0.432
5437	0.635
5438	0.490
5439	0.615
5440	0.510
5441	0.873
5442	0.498
5443	0.889
5444	0.494
5445	0.873
5446	0.420
5447	0.896
5448	0.424
5449	0.881
5450	0.439
5451	0.514
5452	0.471
5453	0.479
5454	0.482
5455	0.494
5456	0.479
5457	0.447
5458	0.498
5459	0.467
5460	0.498
5461	0.498
5462	0.482
5463	0.518
5464	0.865
5465	0.838
5466	0.846
5467	0.838
5468	0.869
5469	0.889
5470	0.857
5471	0.924
5472	0.576
5473	0.510
5474	0.643
5475	0.490
5476	0.584
5477	0.494
5478	0.627
5479	0.479
5480	0.631
5481	0.451
5482	0.615
5483	0.451
5484	0.607
5485	0.939
5486	0.674
5487	0.982
5488	0.654
5489	0.943
5490	0.686
5491	0.967
5492	0.670
5493	0.939
5494	0.686
5495	0.939
5496	0.686
5497	0.967
5498	0.686
5499	0.939
5500	0.084
5501	0.537
5502	0.127
5503	0.533
5504	0.049
5505	0.502
5506	0.072
5507	0.502
5508	0.314
5509	0.904
5510	0.268
5511	0.893
5512	0.322
5513	0.889
5514	0.275
5515	0.834
5516	0.236
5517	0.896
5518	0.217
5519	0.850
5520	0.229
5521	0.807
5522	0.189
5523	0.814
5524	0.178
5525	0.799
5526	0.162
5527	0.795
5528	0.166
5529	0.822
5530	0.154
5531	0.869
5532	0.205
5533	0.908
5534	0.158
5535	0.908
5536	0.158
5537	0.912
5538	0.213
5539	0.912
5540	0.236
5541	0.916
5542	0.213
5543	0.912
5544	0.158
5545	0.912
5546	0.158
5547	0.912
5548	0.896
5549	0.494
5550	0.912
5551	0.490
5552	0.896
5553	0.537
5554	0.924
5555	0.553
5556	0.893
5557	0.572
5558	0.920
5559	0.564
5560	0.924
5561	0.553
5562	0.924
5563	0.553
5564	0.924
5565	0.521
5566	0.916
5567	0.490
5568	0.924
5569	0.521
5570	0.916
5571	0.490
5572	0.186
5573	0.518
5574	0.197
5575	0.525
5576	0.182
5577	0.518
5578	0.174
5579	0.518
5580	0.182
5581	0.518
5582	0.193
5583	0.541
5584	0.146
5585	0.514
5586	0.135
5587	0.596
5588	0.135
5589	0.596
5590	0.146
5591	0.514
5592	0.174
5593	0.518
5594	0.998
5595	0.623
5596	0.998
5597	0.623
5598	0.990
5599	0.623
5600	0.990
5601	0.623
5602	0.334
5603	0.787
5604	0.334
5605	0.787
5606	0.092
5607	0.830
5608	0.092
5609	0.830
5610	0.947
5611	0.494
5612	0.947
5613	0.494
5614	0.385
5615	0.482
5616	0.311
5617	0.924
5618	0.311
5619	0.924
5620	0.311
5621	0.924
5622	0.318
5623	0.912
5624	0.318
5625	0.912
5626	0.318
5627	0.912
5628	0.799
5629	0.986
5630	0.799
5631	0.986
5632	0.811
5633	0.986
5634	0.799
5635	0.986
5636	0.807
5637	0.998
5638	0.783
5639	0.986
5640	0.799
5641	0.986
5642	0.479
5643	0.447
5644	0.467
5645	0.447
5646	0.467
5647	0.447
5648	0.467
5649	0.447
5650	0.451
5651	0.475
5652	0.436
5653	0.463
5654	0.467
5655	0.447
5656	0.436
5657	0.463
5658	0.467
5659	0.447
5660	0.162
5661	0.795
5662	0.162
5663	0.795
5664	0.178
5665	0.799
5666	0.178
5667	0.799
5668	0.201
5669	0.799
5670	0.201
5671	0.799
5672	0.994
5673	0.604
5674	0.994
5675	0.604
5676	0.982
5677	0.600
5678	0.967
5679	0.604
5680	0.229
5681	0.807
5682	0.291
5683	0.803
5684	0.291
5685	0.803
5686	0.291
5687	0.803
5688	0.291
5689	0.803
5690	0.318
5691	0.799
5692	0.838
5693	0.982
5694	0.838
5695	0.982
5696	0.854
5697	0.982
5698	0.838
5699	0.982
5700	0.842
5701	0.998
5702	0.830
5703	0.982
5704	0.818
5705	0.982
5706	0.818
5707	0.982
5708	0.830
5709	0.982
5710	0.838
5711	0.982
5712	0.920
5713	0.564
5714	0.920
5715	0.564
5716	0.924
5717	0.553
5718	0.924
5719	0.521
5720	0.189
5721	0.775
5722	0.193
5723	0.748
5724	0.197
5725	0.717
5726	0.193
5727	0.748
5728	0.189
5729	0.775
