0	0
1	1
2	2
3	1
4	3
5	2
6	4
7	5
8	6
9	5
10	7
11	6
12	6
13	7
14	8
15	7
16	9
17	8
18	9
19	7
20	10
21	7
22	11
23	10
24	10
25	11
26	12
27	11
28	13
29	12
30	12
31	13
32	14
33	13
34	15
35	14
36	14
37	15
38	16
39	6
40	8
41	17
42	8
43	18
44	17
45	17
46	18
47	19
48	19
49	20
50	17
51	17
52	20
53	5
54	20
55	21
56	5
57	21
58	20
59	22
60	23
61	25
62	24
63	24
64	25
65	26
66	25
67	27
68	26
69	26
70	27
71	28
72	27
73	29
74	28
75	28
76	29
77	30
78	29
79	31
80	30
81	30
82	31
83	32
84	25
85	33
86	27
87	33
88	34
89	27
90	27
91	34
92	35
93	34
94	36
95	35
96	35
97	36
98	37
99	38
100	40
101	39
102	39
103	40
104	41
105	41
106	42
107	39
108	39
109	42
110	43
111	42
112	44
113	43
114	44
115	42
116	45
117	42
118	46
119	45
120	46
121	42
122	47
123	42
124	48
125	47
126	47
127	48
128	49
129	48
130	50
131	49
132	49
133	50
134	51
135	50
136	52
137	51
138	52
139	50
140	53
141	50
142	54
143	53
144	53
145	54
146	55
147	55
148	56
149	53
150	53
151	56
152	57
153	56
154	58
155	57
156	57
157	58
158	59
159	60
160	61
161	62
162	61
163	63
164	62
165	62
166	63
167	64
168	65
169	66
170	67
171	66
172	68
173	67
174	67
175	68
176	69
177	69
178	70
179	67
180	70
181	69
182	71
183	69
184	72
185	71
186	72
187	69
188	73
189	69
190	68
191	73
192	73
193	68
194	74
195	68
196	75
197	74
198	75
199	68
200	76
201	68
202	66
203	76
204	76
205	66
206	77
207	78
208	80
209	79
210	79
211	80
212	81
213	80
214	82
215	81
216	81
217	82
218	83
219	82
220	84
221	83
222	79
223	81
224	85
225	81
226	86
227	85
228	85
229	86
230	87
231	88
232	89
233	42
234	42
235	89
236	48
237	89
238	50
239	48
240	50
241	89
242	41
243	41
244	54
245	50
246	54
247	41
248	40
249	40
250	90
251	54
252	54
253	90
254	91
255	91
256	92
257	54
258	54
259	92
260	55
261	92
262	93
263	55
264	93
265	92
266	94
267	92
268	95
269	94
270	95
271	92
272	96
273	92
274	91
275	96
276	96
277	91
278	97
279	91
280	98
281	97
282	99
283	101
284	100
285	100
286	101
287	102
288	101
289	103
290	102
291	102
292	103
293	104
294	104
295	105
296	102
297	102
298	105
299	106
300	105
301	107
302	106
303	107
304	105
305	108
306	105
307	109
308	108
309	109
310	105
311	110
312	105
313	104
314	110
315	110
316	104
317	111
318	112
319	114
320	113
321	113
322	114
323	115
324	115
325	116
326	113
327	113
328	116
329	117
330	116
331	118
332	117
333	117
334	118
335	119
336	120
337	121
338	57
339	57
340	121
341	122
342	121
343	123
344	122
345	122
346	123
347	124
348	124
349	125
350	122
351	122
352	125
353	126
354	126
355	53
356	122
357	122
358	53
359	57
360	15
361	13
362	127
363	13
364	128
365	127
366	128
367	13
368	11
369	11
370	129
371	128
372	129
373	11
374	130
375	11
376	7
377	130
378	130
379	7
380	131
381	7
382	5
383	131
384	131
385	5
386	132
387	5
388	21
389	132
390	58
391	56
392	133
393	56
394	134
395	133
396	94
397	135
398	93
399	135
400	136
401	93
402	137
403	138
404	139
405	138
406	140
407	139
408	139
409	140
410	141
411	140
412	75
413	141
414	75
415	140
416	142
417	142
418	74
419	75
420	74
421	142
422	143
423	142
424	144
425	143
426	144
427	142
428	145
429	142
430	140
431	145
432	145
433	140
434	138
435	143
436	146
437	74
438	74
439	146
440	147
441	146
442	148
443	147
444	147
445	148
446	73
447	148
448	72
449	73
450	147
451	73
452	74
453	149
454	151
455	150
456	150
457	151
458	152
459	152
460	153
461	150
462	150
463	153
464	154
465	153
466	155
467	154
468	154
469	155
470	156
471	156
472	157
473	154
474	154
475	157
476	158
477	158
478	150
479	154
480	150
481	158
482	159
483	158
484	160
485	159
486	160
487	158
488	161
489	158
490	157
491	161
492	161
493	157
494	162
495	162
496	163
497	161
498	163
499	162
500	164
501	162
502	165
503	164
504	71
505	166
506	70
507	166
508	167
509	70
510	168
511	53
512	169
513	53
514	170
515	169
516	170
517	53
518	171
519	53
520	172
521	171
522	171
523	172
524	173
525	172
526	126
527	173
528	126
529	172
530	53
531	83
532	174
533	81
534	81
535	174
536	86
537	164
538	175
539	163
540	163
541	175
542	176
543	177
544	179
545	178
546	178
547	179
548	180
549	179
550	100
551	180
552	180
553	100
554	102
555	102
556	181
557	180
558	181
559	102
560	106
561	106
562	107
563	181
564	181
565	107
566	182
567	182
568	180
569	181
570	180
571	182
572	183
573	183
574	178
575	180
576	184
577	186
578	185
579	185
580	186
581	187
582	186
583	188
584	187
585	187
586	188
587	189
588	188
589	190
590	189
591	189
592	190
593	187
594	190
595	191
596	187
597	187
598	191
599	192
600	191
601	193
602	192
603	188
604	194
605	190
606	190
607	194
608	195
609	195
610	196
611	190
612	190
613	196
614	191
615	196
616	197
617	191
618	197
619	196
620	198
621	196
622	199
623	198
624	199
625	196
626	200
627	196
628	195
629	200
630	200
631	195
632	201
633	185
634	187
635	192
636	196
637	202
638	191
639	203
640	118
641	116
642	204
643	205
644	206
645	205
646	207
647	206
648	206
649	207
650	208
651	207
652	209
653	208
654	209
655	207
656	210
657	211
658	212
659	209
660	209
661	212
662	208
663	213
664	214
665	215
666	214
667	216
668	215
669	215
670	216
671	217
672	216
673	218
674	217
675	217
676	218
677	219
678	219
679	220
680	217
681	217
682	220
683	221
684	222
685	224
686	223
687	223
688	224
689	225
690	224
691	226
692	225
693	227
694	229
695	228
696	228
697	229
698	230
699	229
700	231
701	230
702	232
703	233
704	211
705	233
706	206
707	211
708	206
709	233
710	234
711	234
712	235
713	206
714	206
715	235
716	204
717	235
718	236
719	204
720	204
721	236
722	205
723	236
724	237
725	205
726	237
727	236
728	238
729	236
730	239
731	238
732	238
733	239
734	240
735	235
736	241
737	236
738	241
739	242
740	236
741	236
742	242
743	239
744	243
745	244
746	245
747	244
748	246
749	245
750	245
751	246
752	247
753	246
754	248
755	247
756	247
757	248
758	249
759	249
760	250
761	247
762	247
763	250
764	251
765	251
766	245
767	247
768	245
769	251
770	252
771	251
772	253
773	252
774	253
775	251
776	254
777	251
778	255
779	254
780	254
781	255
782	256
783	257
784	258
785	214
786	214
787	258
788	259
789	258
790	260
791	259
792	259
793	260
794	261
795	260
796	262
797	261
798	214
799	259
800	216
801	216
802	259
803	263
804	259
805	264
806	263
807	264
808	259
809	265
810	265
811	266
812	264
813	264
814	266
815	267
816	266
817	268
818	267
819	267
820	268
821	269
822	268
823	270
824	269
825	270
826	268
827	271
828	268
829	266
830	271
831	271
832	266
833	261
834	261
835	272
836	271
837	271
838	272
839	273
840	273
841	270
842	271
843	274
844	275
845	276
846	275
847	277
848	276
849	276
850	277
851	278
852	278
853	279
854	276
855	276
856	279
857	280
858	280
859	281
860	276
861	281
862	280
863	282
864	280
865	283
866	282
867	284
868	285
869	224
870	224
871	285
872	286
873	285
874	287
875	286
876	286
877	287
878	288
879	288
880	289
881	286
882	286
883	289
884	290
885	289
886	291
887	290
888	291
889	289
890	292
891	289
892	293
893	292
894	292
895	293
896	294
897	293
898	289
899	288
900	261
901	295
902	272
903	296
904	297
905	267
906	267
907	297
908	298
909	297
910	299
911	298
912	298
913	299
914	300
915	300
916	301
917	298
918	298
919	301
920	267
921	301
922	264
923	267
924	264
925	301
926	263
927	301
928	216
929	263
930	216
931	301
932	218
933	301
934	302
935	218
936	302
937	301
938	300
939	267
940	269
941	298
942	298
943	269
944	303
945	304
946	305
947	261
948	261
949	305
950	272
951	305
952	306
953	272
954	272
955	306
956	307
957	307
958	273
959	272
960	308
961	309
962	292
963	309
964	310
965	292
966	292
967	310
968	291
969	310
970	225
971	291
972	225
973	310
974	311
975	311
976	223
977	225
978	223
979	311
980	312
981	311
982	313
983	312
984	313
985	311
986	314
987	311
988	315
989	314
990	315
991	311
992	316
993	311
994	310
995	316
996	316
997	310
998	309
999	317
1000	318
1001	319
1002	318
1003	320
1004	319
1005	319
1006	320
1007	321
1008	319
1009	322
1010	317
1011	317
1012	322
1013	323
1014	324
1015	325
1016	317
1017	317
1018	325
1019	318
1020	325
1021	326
1022	318
1023	318
1024	326
1025	327
1026	328
1027	330
1028	329
1029	329
1030	330
1031	331
1032	330
1033	332
1034	331
1035	331
1036	332
1037	329
1038	332
1039	333
1040	329
1041	329
1042	333
1043	334
1044	334
1045	335
1046	329
1047	329
1048	335
1049	336
1050	337
1051	338
1052	339
1053	338
1054	340
1055	339
1056	339
1057	340
1058	341
1059	338
1060	342
1061	340
1062	340
1063	342
1064	343
1065	344
1066	346
1067	345
1068	347
1069	348
1070	349
1071	348
1072	350
1073	349
1074	349
1075	350
1076	351
1077	352
1078	354
1079	353
1080	353
1081	354
1082	355
1083	355
1084	356
1085	353
1086	353
1087	356
1088	357
1089	356
1090	358
1091	357
1092	359
1093	360
1094	361
1095	360
1096	362
1097	361
1098	348
1099	363
1100	350
1101	363
1102	364
1103	350
1104	365
1105	367
1106	366
1107	366
1108	367
1109	368
1110	367
1111	369
1112	368
1113	369
1114	367
1115	370
1116	367
1117	371
1118	370
1119	370
1120	371
1121	372
1122	371
1123	373
1124	372
1125	373
1126	371
1127	374
1128	375
1129	376
1130	377
1131	376
1132	378
1133	377
1134	377
1135	378
1136	379
1137	380
1138	382
1139	381
1140	383
1141	385
1142	384
1143	384
1144	385
1145	386
1146	385
1147	387
1148	386
1149	388
1150	389
1151	390
1152	389
1153	391
1154	390
1155	390
1156	391
1157	392
1158	392
1159	393
1160	390
1161	390
1162	393
1163	394
1164	393
1165	395
1166	394
1167	395
1168	393
1169	396
1170	393
1171	397
1172	396
1173	397
1174	393
1175	398
1176	393
1177	392
1178	398
1179	398
1180	392
1181	399
1182	330
1183	400
1184	332
1185	400
1186	401
1187	332
1188	332
1189	401
1190	333
1191	401
1192	402
1193	333
1194	333
1195	402
1196	403
1197	402
1198	404
1199	403
1200	403
1201	404
1202	405
1203	405
1204	406
1205	403
1206	406
1207	405
1208	407
1209	333
1210	403
1211	334
1212	334
1213	403
1214	406
1215	408
1216	409
1217	383
1218	383
1219	409
1220	386
1221	410
1222	390
1223	411
1224	390
1225	394
1226	411
1227	411
1228	394
1229	412
1230	413
1231	384
1232	414
1233	414
1234	384
1235	386
1236	415
1237	417
1238	416
1239	416
1240	417
1241	418
1242	417
1243	419
1244	418
1245	418
1246	419
1247	420
1248	419
1249	421
1250	420
1251	420
1252	421
1253	418
1254	421
1255	422
1256	418
1257	422
1258	421
1259	423
1260	424
1261	426
1262	425
1263	425
1264	426
1265	427
1266	426
1267	428
1268	427
1269	427
1270	428
1271	429
1272	428
1273	430
1274	429
1275	415
1276	416
1277	431
1278	416
1279	432
1280	431
1281	432
1282	416
1283	422
1284	416
1285	418
1286	422
1287	433
1288	435
1289	434
1290	434
1291	435
1292	436
1293	436
1294	437
1295	434
1296	434
1297	437
1298	438
1299	437
1300	439
1301	438
1302	439
1303	437
1304	440
1305	437
1306	441
1307	440
1308	441
1309	437
1310	442
1311	437
1312	436
1313	442
1314	442
1315	436
1316	443
1317	443
1318	444
1319	442
1320	442
1321	444
1322	441
1323	444
1324	445
1325	441
1326	441
1327	445
1328	446
1329	445
1330	447
1331	446
1332	446
1333	447
1334	448
1335	448
1336	449
1337	446
1338	446
1339	449
1340	441
1341	449
1342	450
1343	441
1344	450
1345	449
1346	451
1347	449
1348	448
1349	451
1350	451
1351	448
1352	452
1353	452
1354	453
1355	451
1356	451
1357	453
1358	454
1359	453
1360	455
1361	454
1362	454
1363	455
1364	456
1365	455
1366	457
1367	456
1368	450
1369	451
1370	458
1371	451
1372	454
1373	458
1374	458
1375	454
1376	456
1377	447
1378	445
1379	459
1380	459
1381	445
1382	460
1383	445
1384	444
1385	460
1386	460
1387	444
1388	461
1389	444
1390	443
1391	461
1392	462
1393	464
1394	463
1395	463
1396	464
1397	465
1398	464
1399	466
1400	465
1401	465
1402	466
1403	467
1404	466
1405	468
1406	467
1407	467
1408	468
1409	469
1410	469
1411	470
1412	467
1413	467
1414	470
1415	471
1416	471
1417	472
1418	467
1419	467
1420	472
1421	465
1422	472
1423	473
1424	465
1425	465
1426	473
1427	463
1428	473
1429	474
1430	463
1431	463
1432	474
1433	475
1434	474
1435	476
1436	475
1437	476
1438	474
1439	477
1440	477
1441	478
1442	476
1443	471
1444	479
1445	472
1446	472
1447	479
1448	480
1449	480
1450	477
1451	472
1452	472
1453	477
1454	481
1455	477
1456	474
1457	481
1458	481
1459	474
1460	472
1461	474
1462	473
1463	472
1464	429
1465	482
1466	427
1467	482
1468	483
1469	427
1470	427
1471	483
1472	484
1473	483
1474	485
1475	484
1476	484
1477	485
1478	486
1479	486
1480	487
1481	484
1482	484
1483	487
1484	425
1485	425
1486	427
1487	484
1488	488
1489	489
1490	490
1491	489
1492	491
1493	490
1494	490
1495	491
1496	492
1497	491
1498	493
1499	492
1500	494
1501	495
1502	496
1503	495
1504	497
1505	496
1506	496
1507	497
1508	498
1509	499
1510	500
1511	501
1512	500
1513	502
1514	501
1515	501
1516	502
1517	503
1518	504
1519	502
1520	505
1521	505
1522	502
1523	506
1524	502
1525	500
1526	506
1527	506
1528	500
1529	507
1530	500
1531	508
1532	507
1533	508
1534	500
1535	509
1536	510
1537	511
1538	512
1539	511
1540	513
1541	512
1542	512
1543	513
1544	514
1545	513
1546	515
1547	514
1548	514
1549	515
1550	516
1551	515
1552	513
1553	516
1554	516
1555	513
1556	517
1557	513
1558	518
1559	517
1560	519
1561	514
1562	520
1563	514
1564	516
1565	520
1566	520
1567	516
1568	521
1569	516
1570	522
1571	521
1572	522
1573	516
1574	523
1575	516
1576	517
1577	523
1578	524
1579	525
1580	526
1581	525
1582	527
1583	526
1584	490
1585	528
1586	488
1587	528
1588	529
1589	488
1590	495
1591	530
1592	497
1593	530
1594	531
1595	497
1596	532
1597	533
1598	534
1599	533
1600	535
1601	534
1602	534
1603	535
1604	536
1605	535
1606	537
1607	536
1608	537
1609	535
1610	538
1611	535
1612	539
1613	538
1614	538
1615	539
1616	540
1617	539
1618	535
1619	540
1620	540
1621	535
1622	541
1623	535
1624	533
1625	541
1626	508
1627	542
1628	507
1629	542
1630	543
1631	507
1632	544
1633	505
1634	543
1635	507
1636	544
1637	504
1638	504
1639	544
1640	545
1641	545
1642	546
1643	504
1644	504
1645	546
1646	547
1647	511
1648	548
1649	513
1650	513
1651	548
1652	549
1653	550
1654	552
1655	551
1656	551
1657	552
1658	553
1659	553
1660	554
1661	551
1662	551
1663	554
1664	555
1665	554
1666	556
1667	555
1668	555
1669	556
1670	557
1671	556
1672	558
1673	557
1674	551
1675	555
1676	550
1677	555
1678	557
1679	550
1680	550
1681	557
1682	559
1683	557
1684	560
1685	559
1686	559
1687	560
1688	550
1689	560
1690	561
1691	550
1692	550
1693	561
1694	562
1695	561
1696	563
1697	562
1698	563
1699	561
1700	564
1701	564
1702	565
1703	563
1704	566
1705	567
1706	568
1707	569
1708	571
1709	570
1710	570
1711	571
1712	572
1713	571
1714	573
1715	572
1716	572
1717	573
1718	574
1719	575
1720	552
1721	576
1722	552
1723	550
1724	576
1725	576
1726	550
1727	577
1728	550
1729	578
1730	577
1731	578
1732	550
1733	562
1734	579
1735	580
1736	557
1737	557
1738	580
1739	560
1740	580
1741	581
1742	560
1743	560
1744	581
1745	561
1746	581
1747	564
1748	561
1749	582
1750	583
1751	584
1752	583
1753	585
1754	584
1755	584
1756	585
1757	586
1758	586
1759	587
1760	584
1761	584
1762	587
1763	588
1764	588
1765	582
1766	584
1767	582
1768	588
1769	589
1770	588
1771	590
1772	589
1773	583
1774	582
1775	591
1776	591
1777	582
1778	592
1779	582
1780	593
1781	592
1782	593
1783	582
1784	594
1785	582
1786	595
1787	594
1788	595
1789	582
1790	589
1791	596
1792	597
1793	595
1794	595
1795	597
1796	594
1797	597
1798	598
1799	594
1800	594
1801	598
1802	593
1803	598
1804	599
1805	593
1806	599
1807	598
1808	600
1809	600
1810	601
1811	599
1812	602
1813	604
1814	603
1815	603
1816	604
1817	605
1818	604
1819	606
1820	605
1821	605
1822	606
1823	607
1824	589
1825	609
1826	608
1827	596
1828	608
1829	610
1830	610
1831	611
1832	589
1833	589
1834	611
1835	597
1836	612
1837	614
1838	613
1839	613
1840	614
1841	615
1842	614
1843	616
1844	615
1845	615
1846	616
1847	617
1848	616
1849	618
1850	617
1851	617
1852	618
1853	619
1854	618
1855	620
1856	619
1857	620
1858	618
1859	621
1860	621
1861	622
1862	620
1863	622
1864	621
1865	623
1866	623
1867	624
1868	622
1869	622
1870	624
1871	625
1872	613
1873	615
1874	626
1875	626
1876	615
1877	627
1878	615
1879	617
1880	627
1881	627
1882	617
1883	628
1884	617
1885	619
1886	628
1887	628
1888	619
1889	620
1890	620
1891	629
1892	628
1893	628
1894	629
1895	630
1896	630
1897	627
1898	628
1899	620
1900	622
1901	629
1902	629
1903	622
1904	631
1905	622
1906	632
1907	631
1908	633
1909	634
1910	631
1911	631
1912	634
1913	629
1914	634
1915	635
1916	629
1917	629
1918	635
1919	636
1920	635
1921	637
1922	636
1923	636
1924	637
1925	638
1926	638
1927	639
1928	636
1929	631
1930	640
1931	634
1932	634
1933	640
1934	641
1935	641
1936	642
1937	634
1938	634
1939	642
1940	643
1941	643
1942	644
1943	634
1944	634
1945	644
1946	635
1947	644
1948	645
1949	635
1950	635
1951	645
1952	637
1953	645
1954	638
1955	637
1956	597
1957	646
1958	598
1959	646
1960	600
1961	598
1962	647
1963	648
1964	649
1965	648
1966	650
1967	649
1968	649
1969	650
1970	651
1971	650
1972	652
1973	651
1974	652
1975	650
1976	653
1977	650
1978	654
1979	653
1980	654
1981	650
1982	648
1983	655
1984	657
1985	656
1986	656
1987	657
1988	658
1989	657
1990	659
1991	658
1992	658
1993	659
1994	660
1995	659
1996	661
1997	660
1998	657
1999	662
2000	659
2001	662
2002	663
2003	659
2004	659
2005	663
2006	664
2007	664
2008	665
2009	659
2010	663
2011	666
2012	664
2013	666
2014	667
2015	664
2016	664
2017	667
2018	668
2019	667
2020	669
2021	668
2022	670
2023	672
2024	671
2025	671
2026	672
2027	673
2028	672
2029	674
2030	673
2031	675
2032	676
2033	677
2034	678
2035	680
2036	679
2037	679
2038	680
2039	681
2040	680
2041	682
2042	681
2043	681
2044	682
2045	683
2046	683
2047	684
2048	681
2049	681
2050	684
2051	685
2052	684
2053	686
2054	685
2055	685
2056	686
2057	687
2058	687
2059	688
2060	685
2061	685
2062	688
2063	679
2064	679
2065	681
2066	685
2067	671
2068	673
2069	689
