0	0.125
1	0.192
2	0.298
3	0.173
4	0.208
5	0.302
6	0.141
7	0.173
8	0.349
9	0.200
10	0.169
11	0.349
12	0.180
13	0.027
14	0.235
15	0.176
16	0.012
17	0.243
18	0.165
19	0.012
20	0.216
21	0.145
22	0.012
23	0.188
24	0.149
25	0.063
26	0.180
27	0.125
28	0.035
29	0.145
30	0.137
31	0.012
32	0.176
33	0.137
34	0.012
35	0.169
36	0.125
37	0.035
38	0.149
39	0.125
40	0.024
41	0.149
42	0.125
43	0.035
44	0.145
45	0.125
46	0.031
47	0.161
48	0.125
49	0.035
50	0.157
51	0.180
52	0.027
53	0.235
54	0.165
55	0.098
56	0.247
57	0.235
58	0.055
59	0.278
60	0.204
61	0.012
62	0.271
63	0.169
64	0.012
65	0.251
66	0.192
67	0.012
68	0.275
69	0.235
70	0.055
71	0.278
72	0.180
73	0.094
74	0.310
75	0.165
76	0.098
77	0.247
78	0.165
79	0.129
80	0.325
81	0.141
82	0.165
83	0.204
84	0.141
85	0.161
86	0.337
87	0.125
88	0.173
89	0.216
90	0.125
91	0.173
92	0.298
93	0.125
94	0.161
95	0.220
96	0.125
97	0.161
98	0.298
99	0.149
100	0.063
101	0.180
102	0.125
103	0.035
104	0.145
105	0.125
106	0.055
107	0.149
108	0.125
109	0.035
110	0.157
111	0.125
112	0.051
113	0.157
114	0.180
115	0.094
116	0.310
117	0.200
118	0.047
119	0.337
120	0.165
121	0.129
122	0.325
123	0.200
124	0.039
125	0.388
126	0.200
127	0.012
128	0.380
129	0.204
130	0.012
131	0.353
132	0.192
133	0.012
134	0.353
135	0.188
136	0.012
137	0.380
138	0.188
139	0.012
140	0.384
141	0.192
142	0.012
143	0.388
144	0.224
145	0.012
146	0.408
147	0.208
148	0.012
149	0.408
150	0.220
151	0.012
152	0.424
153	0.208
154	0.012
155	0.416
156	0.180
157	0.012
158	0.447
159	0.184
160	0.012
161	0.459
162	0.196
163	0.043
164	0.420
165	0.129
166	0.106
167	0.459
168	0.125
169	0.106
170	0.463
171	0.125
172	0.063
173	0.498
174	0.125
175	0.098
176	0.455
177	0.125
178	0.055
179	0.490
180	0.173
181	0.208
182	0.302
183	0.239
184	0.216
185	0.247
186	0.200
187	0.169
188	0.349
189	0.298
190	0.212
191	0.290
192	0.271
193	0.173
194	0.361
195	0.200
196	0.290
197	0.165
198	0.255
199	0.306
200	0.200
201	0.173
202	0.275
203	0.173
204	0.173
205	0.247
206	0.196
207	0.125
208	0.271
209	0.184
210	0.125
211	0.282
212	0.180
213	0.125
214	0.278
215	0.196
216	0.125
217	0.247
218	0.220
219	0.125
220	0.239
221	0.212
222	0.125
223	0.216
224	0.239
225	0.239
226	0.216
227	0.247
228	0.255
229	0.243
230	0.216
231	0.259
232	0.302
233	0.239
234	0.180
235	0.094
236	0.310
237	0.235
238	0.055
239	0.278
240	0.200
241	0.047
242	0.337
243	0.200
244	0.012
245	0.325
246	0.204
247	0.012
248	0.353
249	0.188
250	0.012
251	0.325
252	0.192
253	0.012
254	0.353
255	0.212
256	0.012
257	0.314
258	0.192
259	0.012
260	0.318
261	0.196
262	0.012
263	0.310
264	0.200
265	0.039
266	0.388
267	0.220
268	0.012
269	0.408
270	0.141
271	0.161
272	0.337
273	0.125
274	0.141
275	0.392
276	0.125
277	0.125
278	0.412
279	0.125
280	0.118
281	0.439
282	0.125
283	0.114
284	0.408
285	0.125
286	0.118
287	0.408
288	0.125
289	0.133
290	0.384
291	0.125
292	0.145
293	0.380
294	0.125
295	0.153
296	0.392
297	0.290
298	0.451
299	0.208
300	0.298
301	0.478
302	0.208
303	0.227
304	0.443
305	0.204
306	0.220
307	0.467
308	0.192
309	0.169
310	0.486
311	0.173
312	0.173
313	0.498
314	0.157
315	0.196
316	0.498
317	0.157
318	0.227
319	0.498
320	0.145
321	0.227
322	0.498
323	0.157
324	0.200
325	0.498
326	0.169
327	0.196
328	0.498
329	0.169
330	0.173
331	0.498
332	0.169
333	0.165
334	0.498
335	0.169
336	0.439
337	0.251
338	0.216
339	0.459
340	0.322
341	0.267
342	0.384
343	0.310
344	0.255
345	0.416
346	0.420
347	0.306
348	0.498
349	0.412
350	0.306
351	0.498
352	0.365
353	0.286
354	0.498
355	0.408
356	0.318
357	0.498
358	0.361
359	0.298
360	0.114
361	0.059
362	0.498
363	0.125
364	0.035
365	0.498
366	0.137
367	0.039
368	0.498
369	0.125
370	0.031
371	0.498
372	0.129
373	0.031
374	0.498
375	0.145
376	0.004
377	0.498
378	0.157
379	0.012
380	0.498
381	0.125
382	0.020
383	0.169
384	0.125
385	0.012
386	0.161
387	0.118
388	0.012
389	0.169
390	0.129
391	0.012
392	0.176
393	0.137
394	0.012
395	0.192
396	0.165
397	0.012
398	0.247
399	0.125
400	0.110
401	0.455
402	0.125
403	0.118
404	0.463
405	0.125
406	0.106
407	0.435
408	0.125
409	0.114
410	0.447
411	0.125
412	0.200
413	0.306
414	0.125
415	0.204
416	0.306
417	0.125
418	0.192
419	0.298
420	0.125
421	0.212
422	0.263
423	0.173
424	0.208
425	0.302
426	0.125
427	0.216
428	0.251
429	0.125
430	0.227
431	0.251
432	0.125
433	0.227
434	0.255
435	0.125
436	0.224
437	0.267
438	0.125
439	0.227
440	0.239
441	0.125
442	0.224
443	0.224
444	0.125
445	0.231
446	0.231
447	0.125
448	0.286
449	0.149
450	0.125
451	0.275
452	0.153
453	0.125
454	0.286
455	0.145
456	0.125
457	0.282
458	0.145
459	0.125
460	0.267
461	0.129
462	0.125
463	0.259
464	0.137
465	0.125
466	0.227
467	0.098
468	0.125
469	0.220
470	0.106
471	0.157
472	0.200
473	0.106
474	0.173
475	0.235
476	0.141
477	0.173
478	0.275
479	0.173
480	0.200
481	0.290
482	0.165
483	0.231
484	0.251
485	0.118
486	0.184
487	0.216
488	0.106
489	0.227
490	0.231
491	0.106
492	0.224
493	0.243
494	0.106
495	0.180
496	0.227
497	0.106
498	0.125
499	0.290
500	0.188
501	0.125
502	0.294
503	0.184
504	0.184
505	0.012
506	0.447
507	0.176
508	0.012
509	0.447
510	0.173
511	0.012
512	0.451
513	0.161
514	0.012
515	0.471
516	0.173
517	0.012
518	0.475
519	0.145
520	0.012
521	0.490
522	0.188
523	0.012
524	0.322
525	0.227
526	0.243
527	0.106
528	0.231
529	0.243
530	0.106
531	0.278
532	0.498
533	0.192
534	0.263
535	0.498
536	0.184
537	0.286
538	0.498
539	0.180
540	0.271
541	0.498
542	0.173
543	0.247
544	0.498
545	0.149
546	0.239
547	0.498
548	0.161
549	0.263
550	0.498
551	0.180
552	0.322
553	0.129
554	0.498
555	0.325
556	0.129
557	0.498
558	0.322
559	0.118
560	0.498
561	0.365
562	0.098
563	0.498
564	0.361
565	0.122
566	0.459
567	0.380
568	0.102
569	0.498
570	0.490
571	0.106
572	0.498
573	0.498
574	0.102
575	0.498
576	0.369
577	0.110
578	0.498
579	0.486
580	0.114
581	0.498
582	0.404
583	0.141
584	0.408
585	0.498
586	0.133
587	0.412
588	0.498
589	0.106
590	0.498
591	0.498
592	0.102
593	0.510
594	0.498
595	0.106
596	0.510
597	0.498
598	0.114
599	0.506
600	0.498
601	0.118
602	0.502
603	0.498
604	0.145
605	0.416
606	0.494
607	0.106
608	0.498
609	0.498
610	0.412
611	0.318
612	0.149
613	0.984
614	0.416
615	0.153
616	0.914
617	0.420
618	0.153
619	0.984
620	0.384
621	0.157
622	0.929
623	0.365
624	0.173
625	0.984
626	0.337
627	0.173
628	0.984
629	0.333
630	0.196
631	0.949
632	0.329
633	0.173
634	0.984
635	0.337
636	0.176
637	0.984
638	0.333
639	0.302
640	0.529
641	0.106
642	0.345
643	0.529
644	0.106
645	0.282
646	0.506
647	0.169
648	0.380
649	0.498
650	0.165
651	0.286
652	0.498
653	0.184
654	0.380
655	0.498
656	0.176
657	0.290
658	0.498
659	0.196
660	0.286
661	0.498
662	0.196
663	0.282
664	0.498
665	0.196
666	0.357
667	0.863
668	0.498
669	0.420
670	0.890
671	0.439
672	0.424
673	0.863
674	0.498
675	0.455
676	0.859
677	0.486
678	0.443
679	0.855
680	0.498
681	0.420
682	0.890
683	0.439
684	0.498
685	0.937
686	0.345
687	0.498
688	0.890
689	0.447
690	0.498
691	0.925
692	0.341
693	0.498
694	0.878
695	0.439
696	0.161
697	0.984
698	0.333
699	0.141
700	0.984
701	0.380
702	0.141
703	0.984
704	0.384
705	0.137
706	0.984
707	0.416
708	0.153
709	0.984
710	0.463
711	0.173
712	0.937
713	0.475
714	0.161
715	0.984
716	0.475
717	0.145
718	0.984
719	0.471
720	0.149
721	0.984
722	0.478
723	0.141
724	0.984
725	0.463
726	0.141
727	0.984
728	0.467
729	0.259
730	0.498
731	0.184
732	0.259
733	0.498
734	0.180
735	0.267
736	0.498
737	0.173
738	0.239
739	0.498
740	0.161
741	0.247
742	0.498
743	0.149
744	0.227
745	0.498
746	0.157
747	0.227
748	0.498
749	0.145
750	0.231
751	0.518
752	0.114
753	0.275
754	0.533
755	0.106
756	0.282
757	0.506
758	0.169
759	0.302
760	0.529
761	0.106
762	0.345
763	0.529
764	0.106
765	0.275
766	0.545
767	0.106
768	0.345
769	0.541
770	0.106
771	0.345
772	0.541
773	0.106
774	0.349
775	0.541
776	0.106
777	0.357
778	0.525
779	0.106
780	0.357
781	0.537
782	0.106
783	0.498
784	0.525
785	0.106
786	0.486
787	0.537
788	0.106
789	0.455
790	0.498
791	0.165
792	0.486
793	0.518
794	0.125
795	0.498
796	0.525
797	0.106
798	0.498
799	0.510
800	0.137
801	0.498
802	0.498
803	0.165
804	0.498
805	0.510
806	0.145
807	0.498
808	0.510
809	0.165
810	0.498
811	0.522
812	0.149
813	0.498
814	0.514
815	0.133
816	0.498
817	0.529
818	0.106
819	0.498
820	0.525
821	0.137
822	0.498
823	0.984
824	0.235
825	0.396
826	0.984
827	0.235
828	0.498
829	0.984
830	0.247
831	0.396
832	0.984
833	0.247
834	0.392
835	0.984
836	0.251
837	0.408
838	0.976
839	0.275
840	0.498
841	0.976
842	0.255
843	0.498
844	0.976
845	0.239
846	0.498
847	0.969
848	0.247
849	0.498
850	0.965
851	0.247
852	0.420
853	0.851
854	0.498
855	0.439
856	0.843
857	0.498
858	0.443
859	0.855
860	0.498
861	0.443
862	0.843
863	0.498
864	0.486
865	0.843
866	0.498
867	0.486
868	0.855
869	0.498
870	0.455
871	0.859
872	0.486
873	0.498
874	0.863
875	0.486
876	0.498
877	0.859
878	0.498
879	0.490
880	0.843
881	0.498
882	0.502
883	0.847
884	0.498
885	0.494
886	0.529
887	0.106
888	0.510
889	0.498
890	0.165
891	0.510
892	0.498
893	0.169
894	0.498
895	0.498
896	0.169
897	0.506
898	0.498
899	0.176
900	0.498
901	0.498
902	0.180
903	0.471
904	0.498
905	0.173
906	0.471
907	0.498
908	0.184
909	0.498
910	0.510
911	0.169
912	0.498
913	0.525
914	0.094
915	0.498
916	0.529
917	0.094
918	0.498
919	0.541
920	0.102
921	0.498
922	0.541
923	0.114
924	0.498
925	0.847
926	0.490
927	0.498
928	0.855
929	0.478
930	0.498
931	0.867
932	0.486
933	0.498
934	0.878
935	0.459
936	0.498
937	0.890
938	0.447
939	0.498
940	0.878
941	0.439
942	0.498
943	0.871
944	0.451
945	0.498
946	0.871
947	0.455
948	0.498
949	0.867
950	0.455
951	0.125
952	0.031
953	0.643
954	0.125
955	0.012
956	0.678
957	0.125
958	0.024
959	0.655
960	0.125
961	0.024
962	0.682
963	0.125
964	0.035
965	0.659
966	0.125
967	0.027
968	0.643
969	0.125
970	0.024
971	0.655
972	0.204
973	0.055
974	0.604
975	0.200
976	0.012
977	0.671
978	0.196
979	0.012
980	0.682
981	0.125
982	0.012
983	0.690
984	0.204
985	0.055
986	0.604
987	0.231
988	0.071
989	0.553
990	0.125
991	0.031
992	0.643
993	0.125
994	0.035
995	0.627
996	0.125
997	0.051
998	0.592
999	0.125
1000	0.075
1001	0.553
1002	0.184
1003	0.106
1004	0.518
1005	0.216
1006	0.106
1007	0.498
1008	0.231
1009	0.098
1010	0.498
1011	0.212
1012	0.016
1013	0.765
1014	0.200
1015	0.055
1016	0.702
1017	0.243
1018	0.059
1019	0.773
1020	0.235
1021	0.102
1022	0.706
1023	0.251
1024	0.090
1025	0.749
1026	0.235
1027	0.122
1028	0.647
1029	0.227
1030	0.176
1031	0.698
1032	0.204
1033	0.055
1034	0.604
1035	0.200
1036	0.055
1037	0.702
1038	0.235
1039	0.122
1040	0.647
1041	0.216
1042	0.082
1043	0.804
1044	0.220
1045	0.137
1046	0.776
1047	0.200
1048	0.161
1049	0.847
1050	0.220
1051	0.227
1052	0.792
1053	0.220
1054	0.243
1055	0.855
1056	0.216
1057	0.082
1058	0.804
1059	0.220
1060	0.137
1061	0.776
1062	0.243
1063	0.059
1064	0.773
1065	0.251
1066	0.090
1067	0.749
1068	0.235
1069	0.102
1070	0.706
1071	0.220
1072	0.173
1073	0.733
1074	0.227
1075	0.176
1076	0.698
1077	0.243
1078	0.059
1079	0.773
1080	0.216
1081	0.082
1082	0.804
1083	0.282
1084	0.055
1085	0.749
1086	0.271
1087	0.145
1088	0.851
1089	0.220
1090	0.173
1091	0.733
1092	0.224
1093	0.282
1094	0.745
1095	0.310
1096	0.024
1097	0.757
1098	0.282
1099	0.055
1100	0.749
1101	0.255
1102	0.012
1103	0.780
1104	0.243
1105	0.059
1106	0.773
1107	0.212
1108	0.016
1109	0.765
1110	0.212
1111	0.012
1112	0.769
1113	0.255
1114	0.012
1115	0.784
1116	0.208
1117	0.012
1118	0.780
1119	0.251
1120	0.012
1121	0.792
1122	0.255
1123	0.012
1124	0.792
1125	0.267
1126	0.294
1127	0.761
1128	0.267
1129	0.353
1130	0.788
1131	0.278
1132	0.251
1133	0.800
1134	0.294
1135	0.408
1136	0.843
1137	0.278
1138	0.259
1139	0.851
1140	0.294
1141	0.408
1142	0.843
1143	0.310
1144	0.235
1145	0.871
1146	0.416
1147	0.396
1148	0.851
1149	0.404
1150	0.161
1151	0.890
1152	0.498
1153	0.082
1154	0.816
1155	0.498
1156	0.090
1157	0.820
1158	0.498
1159	0.161
1160	0.890
1161	0.404
1162	0.161
1163	0.890
1164	0.455
1165	0.349
1166	0.890
1167	0.416
1168	0.396
1169	0.851
1170	0.471
1171	0.349
1172	0.890
1173	0.475
1174	0.416
1175	0.843
1176	0.498
1177	0.404
1178	0.855
1179	0.498
1180	0.369
1181	0.878
1182	0.498
1183	0.329
1184	0.890
1185	0.498
1186	0.333
1187	0.902
1188	0.498
1189	0.373
1190	0.890
1191	0.498
1192	0.373
1193	0.886
1194	0.498
1195	0.376
1196	0.886
1197	0.498
1198	0.408
1199	0.867
1200	0.125
1201	0.043
1202	0.647
1203	0.125
1204	0.063
1205	0.596
1206	0.125
1207	0.082
1208	0.561
1209	0.125
1210	0.082
1211	0.545
1212	0.125
1213	0.090
1214	0.553
1215	0.125
1216	0.094
1217	0.549
1218	0.125
1219	0.102
1220	0.498
1221	0.125
1222	0.110
1223	0.510
1224	0.404
1225	0.149
1226	0.890
1227	0.498
1228	0.149
1229	0.890
1230	0.471
1231	0.361
1232	0.890
1233	0.478
1234	0.357
1235	0.890
1236	0.506
1237	0.337
1238	0.890
1239	0.498
1240	0.075
1241	0.824
1242	0.498
1243	0.153
1244	0.898
1245	0.153
1246	0.710
1247	0.890
1248	0.149
1249	0.788
1250	0.890
1251	0.149
1252	0.702
1253	0.875
1254	0.153
1255	0.812
1256	0.890
1257	0.173
1258	0.765
1259	0.835
1260	0.153
1261	0.820
1262	0.890
1263	0.149
1264	0.820
1265	0.890
1266	0.141
1267	0.812
1268	0.890
1269	0.137
1270	0.816
1271	0.890
1272	0.357
1273	0.788
1274	0.635
1275	0.416
1276	0.800
1277	0.635
1278	0.424
1279	0.761
1280	0.725
1281	0.498
1282	0.757
1283	0.706
1284	0.498
1285	0.753
1286	0.733
1287	0.498
1288	0.745
1289	0.706
1290	0.498
1291	0.741
1292	0.729
1293	0.141
1294	0.710
1295	0.890
1296	0.137
1297	0.788
1298	0.890
1299	0.145
1300	0.871
1301	0.498
1302	0.157
1303	0.875
1304	0.498
1305	0.145
1306	0.878
1307	0.498
1308	0.161
1309	0.925
1310	0.498
1311	0.173
1312	0.925
1313	0.498
1314	0.165
1315	0.902
1316	0.498
1317	0.169
1318	0.835
1319	0.667
1320	0.173
1321	0.847
1322	0.667
1323	0.153
1324	0.925
1325	0.694
1326	0.173
1327	0.937
1328	0.498
1329	0.161
1330	0.937
1331	0.498
1332	0.161
1333	0.980
1334	0.498
1335	0.161
1336	0.984
1337	0.498
1338	0.157
1339	0.984
1340	0.541
1341	0.145
1342	0.984
1343	0.541
1344	0.145
1345	0.984
1346	0.573
1347	0.157
1348	0.984
1349	0.573
1350	0.157
1351	0.957
1352	0.686
1353	0.161
1354	0.984
1355	0.596
1356	0.149
1357	0.984
1358	0.596
1359	0.149
1360	0.984
1361	0.600
1362	0.188
1363	0.984
1364	0.678
1365	0.176
1366	0.984
1367	0.682
1368	0.188
1369	0.984
1370	0.702
1371	0.176
1372	0.984
1373	0.698
1374	0.188
1375	0.980
1376	0.706
1377	0.149
1378	0.984
1379	0.498
1380	0.149
1381	0.980
1382	0.498
1383	0.149
1384	0.976
1385	0.498
1386	0.498
1387	0.847
1388	0.498
1389	0.498
1390	0.859
1391	0.498
1392	0.447
1393	0.843
1394	0.498
1395	0.447
1396	0.855
1397	0.498
1398	0.443
1399	0.843
1400	0.498
1401	0.424
1402	0.863
1403	0.498
1404	0.420
1405	0.851
1406	0.498
1407	0.357
1408	0.851
1409	0.498
1410	0.357
1411	0.863
1412	0.498
1413	0.322
1414	0.843
1415	0.533
1416	0.427
1417	0.847
1418	0.537
1419	0.486
1420	0.855
1421	0.498
1422	0.498
1423	0.851
1424	0.525
1425	0.498
1426	0.847
1427	0.494
1428	0.498
1429	0.839
1430	0.518
1431	0.498
1432	0.804
1433	0.631
1434	0.498
1435	0.792
1436	0.624
1437	0.357
1438	0.788
1439	0.635
1440	0.416
1441	0.800
1442	0.635
1443	0.498
1444	0.804
1445	0.627
1446	0.498
1447	0.745
1448	0.702
1449	0.498
1450	0.749
1451	0.694
1452	0.498
1453	0.761
1454	0.698
1455	0.498
1456	0.749
1457	0.690
1458	0.498
1459	0.792
1460	0.624
1461	0.498
1462	0.804
1463	0.631
1464	0.498
1465	0.133
1466	0.412
1467	0.522
1468	0.133
1469	0.416
1470	0.498
1471	0.106
1472	0.498
1473	0.557
1474	0.106
1475	0.498
1476	0.498
1477	0.118
1478	0.498
1479	0.557
1480	0.118
1481	0.498
1482	0.573
1483	0.169
1484	0.361
1485	0.498
1486	0.196
1487	0.302
1488	0.647
1489	0.173
1490	0.349
1491	0.498
1492	0.200
1493	0.294
1494	0.592
1495	0.216
1496	0.271
1497	0.498
1498	0.365
1499	0.286
1500	0.498
1501	0.412
1502	0.306
1503	0.537
1504	0.408
1505	0.302
1506	0.541
1507	0.439
1508	0.290
1509	0.573
1510	0.424
1511	0.298
1512	0.498
1513	0.439
1514	0.286
1515	0.498
1516	0.431
1517	0.298
1518	0.498
1519	0.412
1520	0.302
1521	0.498
1522	0.431
1523	0.298
1524	0.498
1525	0.416
1526	0.314
1527	0.498
1528	0.412
1529	0.318
1530	0.541
1531	0.439
1532	0.290
1533	0.498
1534	0.475
1535	0.216
1536	0.498
1537	0.498
1538	0.169
1539	0.498
1540	0.498
1541	0.165
1542	0.541
1543	0.439
1544	0.290
1545	0.541
1546	0.498
1547	0.169
1548	0.553
1549	0.498
1550	0.165
1551	0.553
1552	0.498
1553	0.173
1554	0.498
1555	0.498
1556	0.176
1557	0.573
1558	0.424
1559	0.298
1560	0.576
1561	0.478
1562	0.200
1563	0.576
1564	0.498
1565	0.153
1566	0.569
1567	0.498
1568	0.169
1569	0.557
1570	0.498
1571	0.173
1572	0.573
1573	0.169
1574	0.361
1575	0.647
1576	0.173
1577	0.349
1578	0.596
1579	0.141
1580	0.427
1581	0.651
1582	0.129
1583	0.431
1584	0.498
1585	0.118
1586	0.502
1587	0.498
1588	0.145
1589	0.416
1590	0.498
1591	0.208
1592	0.306
1593	0.498
1594	0.212
1595	0.298
1596	0.498
1597	0.235
1598	0.227
1599	0.498
1600	0.227
1601	0.216
1602	0.498
1603	0.220
1604	0.282
1605	0.498
1606	0.208
1607	0.278
1608	0.498
1609	0.220
1610	0.286
1611	0.498
1612	0.212
1613	0.298
1614	0.498
1615	0.200
1616	0.294
1617	0.498
1618	0.204
1619	0.294
1620	0.592
1621	0.216
1622	0.271
1623	0.580
1624	0.231
1625	0.208
1626	0.498
1627	0.435
1628	0.306
1629	0.498
1630	0.439
1631	0.306
1632	0.498
1633	0.439
1634	0.302
1635	0.498
1636	0.447
1637	0.294
1638	0.498
1639	0.451
1640	0.294
1641	0.498
1642	0.451
1643	0.290
1644	0.498
1645	0.486
1646	0.220
1647	0.498
1648	0.510
1649	0.173
1650	0.541
1651	0.498
1652	0.169
1653	0.498
1654	0.506
1655	0.149
1656	0.498
1657	0.498
1658	0.169
1659	0.498
1660	0.510
1661	0.173
1662	0.498
1663	0.518
1664	0.153
1665	0.498
1666	0.510
1667	0.137
1668	0.498
1669	0.522
1670	0.141
1671	0.498
1672	0.525
1673	0.106
1674	0.498
1675	0.537
1676	0.110
1677	0.522
1678	0.529
1679	0.106
1680	0.541
1681	0.529
1682	0.106
1683	0.557
1684	0.525
1685	0.106
1686	0.576
1687	0.498
1688	0.161
1689	0.576
1690	0.522
1691	0.106
1692	0.561
1693	0.537
1694	0.106
1695	0.569
1696	0.533
1697	0.106
1698	0.525
1699	0.953
1700	0.318
1701	0.525
1702	0.894
1703	0.306
1704	0.518
1705	0.984
1706	0.247
1707	0.580
1708	0.725
1709	0.475
1710	0.588
1711	0.710
1712	0.439
1713	0.616
1714	0.694
1715	0.471
1716	0.620
1717	0.667
1718	0.427
1719	0.620
1720	0.655
1721	0.455
1722	0.651
1723	0.651
1724	0.439
1725	0.498
1726	0.498
1727	0.180
1728	0.541
1729	0.498
1730	0.180
1731	0.545
1732	0.498
1733	0.180
1734	0.569
1735	0.498
1736	0.173
1737	0.498
1738	0.537
1739	0.106
1740	0.537
1741	0.541
1742	0.106
1743	0.541
1744	0.541
1745	0.106
1746	0.533
1747	0.051
1748	0.780
1749	0.498
1750	0.020
1751	0.761
1752	0.498
1753	0.047
1754	0.776
1755	0.498
1756	0.020
1757	0.776
1758	0.498
1759	0.039
1760	0.784
1761	0.498
1762	0.071
1763	0.816
1764	0.498
1765	0.082
1766	0.812
1767	0.498
1768	0.082
1769	0.816
1770	0.498
1771	0.075
1772	0.816
1773	0.525
1774	0.020
1775	0.761
1776	0.588
1777	0.024
1778	0.749
1779	0.584
1780	0.161
1781	0.878
1782	0.518
1783	0.161
1784	0.890
1785	0.498
1786	0.090
1787	0.820
1788	0.498
1789	0.082
1790	0.816
1791	0.498
1792	0.161
1793	0.890
1794	0.557
1795	0.169
1796	0.890
1797	0.573
1798	0.173
1799	0.890
1800	0.561
1801	0.157
1802	0.890
1803	0.569
1804	0.161
1805	0.890
1806	0.557
1807	0.482
1808	0.843
1809	0.557
1810	0.341
1811	0.878
1812	0.557
1813	0.498
1814	0.855
1815	0.561
1816	0.498
1817	0.890
1818	0.545
1819	0.498
1820	0.859
1821	0.549
1822	0.498
1823	0.890
1824	0.498
1825	0.071
1826	0.820
1827	0.498
1828	0.071
1829	0.816
1830	0.498
1831	0.075
1832	0.824
1833	0.498
1834	0.153
1835	0.898
1836	0.498
1837	0.133
1838	0.624
1839	0.498
1840	0.129
1841	0.635
1842	0.498
1843	0.082
1844	0.612
1845	0.498
1846	0.078
1847	0.624
1848	0.498
1849	0.063
1850	0.596
1851	0.498
1852	0.051
1853	0.608
1854	0.498
1855	0.059
1856	0.596
1857	0.498
1858	0.047
1859	0.592
1860	0.498
1861	0.094
1862	0.518
1863	0.498
1864	0.102
1865	0.525
1866	0.498
1867	0.102
1868	0.510
1869	0.498
1870	0.110
1871	0.514
1872	0.498
1873	0.114
1874	0.514
1875	0.498
1876	0.114
1877	0.510
1878	0.565
1879	0.114
1880	0.631
1881	0.584
1882	0.059
1883	0.608
1884	0.565
1885	0.051
1886	0.584
1887	0.545
1888	0.102
1889	0.518
1890	0.588
1891	0.086
1892	0.541
1893	0.498
1894	0.102
1895	0.498
1896	0.498
1897	0.110
1898	0.506
1899	0.498
1900	0.106
1901	0.502
1902	0.498
1903	0.106
1904	0.498
1905	0.541
1906	0.106
1907	0.498
1908	0.573
1909	0.106
1910	0.498
1911	0.557
1912	0.110
1913	0.498
1914	0.557
1915	0.122
1916	0.498
1917	0.573
1918	0.118
1919	0.498
1920	0.486
1921	0.102
1922	0.498
1923	0.486
1924	0.106
1925	0.498
1926	0.490
1927	0.114
1928	0.498
1929	0.498
1930	0.118
1931	0.498
1932	0.537
1933	0.118
1934	0.498
1935	0.553
1936	0.122
1937	0.498
1938	0.498
1939	0.149
1940	0.890
1941	0.537
1942	0.078
1943	0.890
1944	0.537
1945	0.075
1946	0.890
1947	0.549
1948	0.075
1949	0.890
1950	0.549
1951	0.012
1952	0.890
1953	0.553
1954	0.090
1955	0.871
1956	0.549
1957	0.012
1958	0.820
1959	0.537
1960	0.012
1961	0.820
1962	0.537
1963	0.012
1964	0.890
1965	0.537
1966	0.078
1967	0.890
1968	0.541
1969	0.082
1970	0.890
1971	0.549
1972	0.075
1973	0.890
1974	0.569
1975	0.122
1976	0.890
1977	0.580
1978	0.114
1979	0.890
1980	0.573
1981	0.125
1982	0.890
1983	0.580
1984	0.125
1985	0.890
1986	0.553
1987	0.090
1988	0.871
1989	0.580
1990	0.125
1991	0.878
1992	0.584
1993	0.114
1994	0.890
1995	0.580
1996	0.118
1997	0.890
1998	0.584
1999	0.161
2000	0.878
2001	0.584
2002	0.165
2003	0.890
2004	0.573
2005	0.122
2006	0.890
2007	0.573
2008	0.157
2009	0.890
2010	0.627
2011	0.569
2012	0.690
2013	0.608
2014	0.498
2015	0.690
2016	0.557
2017	0.498
2018	0.773
2019	0.549
2020	0.498
2021	0.769
2022	0.545
2023	0.498
2024	0.773
2025	0.651
2026	0.788
2027	0.655
2028	0.620
2029	0.745
2030	0.612
2031	0.592
2032	0.831
2033	0.565
2034	0.631
2035	0.655
2036	0.627
2037	0.639
2038	0.529
2039	0.569
2040	0.627
2041	0.569
2042	0.690
2043	0.627
2044	0.498
2045	0.655
2046	0.608
2047	0.498
2048	0.690
2049	0.596
2050	0.498
2051	0.686
2052	0.616
2053	0.498
2054	0.651
2055	0.635
2056	0.498
2057	0.573
2058	0.624
2059	0.498
2060	0.569
2061	0.624
2062	0.498
2063	0.537
2064	0.635
2065	0.498
2066	0.537
2067	0.596
2068	0.498
2069	0.686
2070	0.000
2071	0.000
2072	0.000
2073	0.000
2074	0.000
2075	0.000
2076	0.000
2077	0.000
2078	0.000
2079	0.000
2080	0.000
2081	0.000
2082	0.000
2083	0.000
2084	0.000
2085	0.000
2086	0.000
2087	0.000
2088	0.000
2089	0.000
2090	0.000
2091	0.000
2092	0.000
2093	0.000
2094	0.000
2095	0.000
2096	0.000
2097	0.000
2098	0.000
2099	0.000
2100	0.000
2101	0.000
2102	0.000
2103	0.000
2104	0.000
2105	0.000
2106	0.000
2107	0.000
2108	0.000
2109	0.000
2110	0.000
2111	0.000
2112	0.000
2113	0.000
2114	0.000
2115	0.000
2116	0.000
2117	0.000
2118	0.000
2119	0.000
2120	0.000
2121	0.000
2122	0.000
2123	0.000
2124	0.000
2125	0.000
2126	0.000
2127	0.000
2128	0.000
2129	0.000
2130	0.000
2131	0.000
2132	0.000
2133	0.000
2134	0.000
2135	0.000
2136	0.000
2137	0.000
2138	0.000
2139	0.000
2140	0.000
2141	0.000
2142	0.000
2143	0.000
2144	0.000
2145	0.000
2146	0.000
2147	0.000
2148	0.000
2149	0.000
2150	0.000
2151	0.000
2152	0.000
2153	0.000
2154	0.000
2155	0.000
2156	0.000
2157	0.000
2158	0.000
2159	0.000
2160	0.000
2161	0.000
2162	0.000
2163	0.000
2164	0.000
2165	0.000
2166	0.000
2167	0.000
2168	0.000
2169	0.000
2170	0.000
2171	0.000
2172	0.000
2173	0.000
2174	0.000
2175	0.000
2176	0.000
2177	0.000
2178	0.000
2179	0.000
2180	0.000
2181	0.000
2182	0.000
2183	0.000
2184	0.000
2185	0.000
2186	0.000
2187	0.000
2188	0.000
2189	0.000
2190	0.000
2191	0.000
2192	0.000
2193	0.000
2194	0.000
2195	0.000
2196	0.000
2197	0.000
2198	0.000
2199	0.000
2200	0.000
2201	0.000
2202	0.000
2203	0.000
2204	0.000
2205	0.000
2206	0.000
2207	0.000
2208	0.000
2209	0.000
2210	0.000
2211	0.000
2212	0.000
2213	0.000
2214	0.000
2215	0.000
2216	0.000
2217	0.000
2218	0.000
2219	0.000
2220	0.000
2221	0.000
2222	0.000
2223	0.000
2224	0.000
2225	0.000
2226	0.000
2227	0.000
2228	0.000
2229	0.000
2230	0.000
2231	0.000
2232	0.000
2233	0.000
2234	0.000
2235	0.000
2236	0.000
2237	0.000
2238	0.000
2239	0.000
2240	0.000
2241	0.000
2242	0.000
2243	0.000
2244	0.000
2245	0.000
2246	0.000
2247	0.000
2248	0.000
2249	0.000
2250	0.000
2251	0.000
2252	0.000
2253	0.000
2254	0.000
2255	0.000
2256	0.000
2257	0.000
2258	0.000
2259	0.000
2260	0.000
2261	0.000
2262	0.000
2263	0.000
2264	0.000
2265	0.000
2266	0.000
2267	0.000
2268	0.000
2269	0.000
2270	0.000
2271	0.000
2272	0.000
2273	0.000
2274	0.000
2275	0.000
2276	0.000
2277	0.000
2278	0.000
2279	0.000
2280	0.000
2281	0.000
2282	0.000
2283	0.000
2284	0.000
2285	0.000
2286	0.000
2287	0.000
2288	0.000
2289	0.000
2290	0.000
2291	0.000
2292	0.000
2293	0.000
2294	0.000
2295	0.000
2296	0.000
2297	0.000
2298	0.000
2299	0.000
2300	0.000
2301	0.000
2302	0.000
2303	0.000
2304	0.000
2305	0.000
2306	0.000
2307	0.000
2308	0.000
2309	0.000
2310	0.000
2311	0.000
2312	0.000
2313	0.000
2314	0.000
2315	0.000
2316	0.000
2317	0.000
2318	0.000
2319	0.000
2320	0.000
2321	0.000
2322	0.000
2323	0.000
2324	0.000
2325	0.000
2326	0.000
2327	0.000
2328	0.000
2329	0.000
2330	0.000
2331	0.000
2332	0.000
2333	0.000
2334	0.000
2335	0.000
2336	0.000
2337	0.000
2338	0.000
2339	0.000
2340	0.000
2341	0.000
2342	0.000
2343	0.000
2344	0.000
2345	0.000
2346	0.000
2347	0.000
2348	0.000
2349	0.000
2350	0.000
2351	0.000
2352	0.000
2353	0.000
2354	0.000
2355	0.000
2356	0.000
2357	0.000
2358	0.000
2359	0.000
2360	0.000
2361	0.000
2362	0.000
2363	0.000
2364	0.000
2365	0.000
2366	0.000
2367	0.000
2368	0.000
2369	0.000
2370	0.000
2371	0.000
2372	0.000
2373	0.000
2374	0.000
2375	0.000
2376	0.000
2377	0.000
2378	0.000
2379	0.000
2380	0.000
2381	0.000
2382	0.000
2383	0.000
2384	0.000
2385	0.000
2386	0.000
2387	0.000
2388	0.000
2389	0.000
2390	0.000
2391	0.000
2392	0.000
2393	0.000
2394	0.000
2395	0.000
2396	0.000
2397	0.000
2398	0.000
2399	0.000
2400	0.000
2401	0.000
2402	0.000
2403	0.000
2404	0.000
2405	0.000
2406	0.000
2407	0.000
2408	0.000
2409	0.000
2410	0.000
2411	0.000
2412	0.000
2413	0.000
2414	0.000
2415	0.000
2416	0.000
2417	0.000
2418	0.000
2419	0.000
2420	0.000
2421	0.000
2422	0.000
2423	0.000
2424	0.000
2425	0.000
2426	0.000
2427	0.000
2428	0.000
2429	0.000
2430	0.000
2431	0.000
2432	0.000
2433	0.000
2434	0.000
2435	0.000
2436	0.000
2437	0.000
2438	0.000
2439	0.000
2440	0.000
2441	0.000
2442	0.000
2443	0.000
2444	0.000
2445	0.000
2446	0.000
2447	0.000
2448	0.000
2449	0.000
2450	0.000
2451	0.000
2452	0.000
2453	0.000
2454	0.000
2455	0.000
2456	0.000
2457	0.000
2458	0.000
2459	0.000
2460	0.000
2461	0.000
2462	0.000
2463	0.000
2464	0.000
2465	0.000
2466	0.000
2467	0.000
2468	0.000
2469	0.000
2470	0.000
2471	0.000
2472	0.000
2473	0.000
2474	0.000
2475	0.000
2476	0.000
2477	0.000
2478	0.000
2479	0.000
2480	0.000
2481	0.000
2482	0.000
2483	0.000
2484	0.000
2485	0.000
2486	0.000
2487	0.000
2488	0.000
2489	0.000
2490	0.000
2491	0.000
2492	0.000
2493	0.000
2494	0.000
2495	0.000
2496	0.000
2497	0.000
2498	0.000
2499	0.000
2500	0.000
2501	0.000
2502	0.000
2503	0.000
2504	0.000
2505	0.000
2506	0.000
2507	0.000
2508	0.000
2509	0.000
2510	0.000
2511	0.000
2512	0.000
2513	0.000
2514	0.000
2515	0.000
2516	0.000
2517	0.000
2518	0.000
2519	0.000
2520	0.000
2521	0.000
2522	0.000
2523	0.000
2524	0.000
2525	0.000
2526	0.000
2527	0.000
2528	0.000
2529	0.000
2530	0.000
2531	0.000
2532	0.000
2533	0.000
2534	0.000
2535	0.000
2536	0.000
2537	0.000
2538	0.000
2539	0.000
2540	0.000
2541	0.000
2542	0.000
2543	0.000
2544	0.000
2545	0.000
2546	0.000
2547	0.000
2548	0.000
2549	0.000
2550	0.000
2551	0.000
2552	0.000
2553	0.000
2554	0.000
2555	0.000
2556	0.000
2557	0.000
2558	0.000
2559	0.000
2560	0.000
2561	0.000
2562	0.000
2563	0.000
2564	0.000
2565	0.000
2566	0.000
2567	0.000
2568	0.000
2569	0.000
2570	0.000
2571	0.000
2572	0.000
2573	0.000
2574	0.000
2575	0.000
2576	0.000
2577	0.000
2578	0.000
2579	0.000
2580	0.000
2581	0.000
2582	0.000
2583	0.000
2584	0.000
2585	0.000
2586	0.000
2587	0.000
2588	0.000
2589	0.000
2590	0.000
2591	0.000
2592	0.000
2593	0.000
2594	0.000
2595	0.000
2596	0.000
2597	0.000
2598	0.000
2599	0.000
2600	0.000
2601	0.000
2602	0.000
2603	0.000
2604	0.000
2605	0.000
2606	0.000
2607	0.000
2608	0.000
2609	0.000
2610	0.000
2611	0.000
2612	0.000
2613	0.000
2614	0.000
2615	0.000
2616	0.000
2617	0.000
2618	0.000
2619	0.000
2620	0.000
2621	0.000
2622	0.000
2623	0.000
2624	0.000
2625	0.000
2626	0.000
2627	0.000
2628	0.000
2629	0.000
2630	0.000
2631	0.000
2632	0.000
2633	0.000
2634	0.000
2635	0.000
2636	0.000
2637	0.000
2638	0.000
2639	0.000
2640	0.000
2641	0.000
2642	0.000
2643	0.000
2644	0.000
2645	0.000
2646	0.000
2647	0.000
2648	0.000
2649	0.000
2650	0.000
2651	0.000
2652	0.000
2653	0.000
2654	0.000
2655	0.000
2656	0.000
2657	0.000
2658	0.000
2659	0.000
2660	0.000
2661	0.000
2662	0.000
2663	0.000
2664	0.000
2665	0.000
2666	0.000
2667	0.000
2668	0.000
2669	0.000
2670	0.000
2671	0.000
2672	0.000
2673	0.000
2674	0.000
2675	0.000
2676	0.000
2677	0.000
2678	0.000
2679	0.000
2680	0.000
2681	0.000
2682	0.000
2683	0.000
2684	0.000
2685	0.000
2686	0.000
2687	0.000
2688	0.000
2689	0.000
2690	0.000
2691	0.000
2692	0.000
2693	0.000
2694	0.000
2695	0.000
2696	0.000
2697	0.000
2698	0.000
2699	0.000
2700	0.000
2701	0.000
2702	0.000
2703	0.000
2704	0.000
2705	0.000
2706	0.000
2707	0.000
2708	0.000
2709	0.000
2710	0.000
2711	0.000
2712	0.000
2713	0.000
2714	0.000
2715	0.000
2716	0.000
2717	0.000
2718	0.000
2719	0.000
2720	0.000
2721	0.000
2722	0.000
2723	0.000
2724	0.000
2725	0.000
2726	0.000
2727	0.000
2728	0.000
2729	0.000
2730	0.000
2731	0.000
2732	0.000
2733	0.000
2734	0.000
2735	0.000
2736	0.000
2737	0.000
2738	0.000
2739	0.000
2740	0.000
2741	0.000
2742	0.000
2743	0.000
2744	0.000
2745	0.000
2746	0.000
2747	0.000
2748	0.000
2749	0.000
2750	0.000
2751	0.000
2752	0.000
2753	0.000
2754	0.000
2755	0.000
2756	0.000
2757	0.000
2758	0.000
2759	0.000
2760	0.072
2761	0.314
2762	0.123
2763	0.314
2764	0.088
2765	0.369
2766	0.146
2767	0.377
2768	0.729
2769	0.670
2770	0.721
2771	0.682
2772	0.705
2773	0.662
2774	0.678
2775	0.643
2776	0.705
2777	0.600
2778	0.654
2779	0.596
2780	0.666
2781	0.635
2782	0.658
2783	0.635
2784	0.635
2785	0.611
2786	0.635
2787	0.623
2788	0.631
2789	0.611
2790	0.635
2791	0.623
2792	0.631
2793	0.611
2794	0.732
2795	0.666
2796	0.779
2797	0.611
2798	0.799
2799	0.697
2800	0.748
2801	0.709
2802	0.721
2803	0.682
2804	0.748
2805	0.709
2806	0.818
2807	0.990
2808	0.889
2809	0.994
2810	0.881
2811	0.932
2812	0.932
2813	0.998
2814	0.936
2815	0.869
2816	0.971
2817	0.998
2818	0.955
2819	0.877
2820	0.979
2821	0.955
2822	0.955
2823	0.877
2824	0.979
2825	0.955
2826	0.830
2827	0.873
2828	0.799
2829	0.834
2830	0.818
2831	0.834
2832	0.799
2833	0.834
2834	0.818
2835	0.834
2836	0.811
2837	0.936
2838	0.799
2839	0.881
2840	0.783
2841	0.967
2842	0.752
2843	0.857
2844	0.768
2845	0.834
2846	0.795
2847	0.842
2848	0.795
2849	0.842
2850	0.768
2851	0.834
2852	0.768
2853	0.834
2854	0.768
2855	0.834
2856	0.752
2857	0.818
2858	0.752
2859	0.818
2860	0.736
2861	0.814
2862	0.736
2863	0.814
2864	0.689
2865	0.814
2866	0.689
2867	0.814
2868	0.725
2869	0.850
2870	0.654
2871	0.916
2872	0.650
2873	0.916
2874	0.623
2875	0.869
2876	0.650
2877	0.916
2878	0.623
2879	0.869
2880	0.225
2881	0.420
2882	0.240
2883	0.506
2884	0.158
2885	0.420
2886	0.178
2887	0.541
2888	0.119
2889	0.479
2890	0.330
2891	0.779
2892	0.307
2893	0.830
2894	0.318
2895	0.756
2896	0.287
2897	0.748
2898	0.318
2899	0.713
2900	0.330
2901	0.713
2902	0.318
2903	0.713
2904	0.283
2905	0.705
2906	0.283
2907	0.705
2908	0.252
2909	0.697
2910	0.225
2911	0.791
2912	0.256
2913	0.811
2914	0.283
2915	0.854
2916	0.537
2917	0.443
2918	0.596
2919	0.393
2920	0.525
2921	0.385
2922	0.537
2923	0.350
2924	0.510
2925	0.350
2926	0.537
2927	0.350
2928	0.510
2929	0.350
2930	0.553
2931	0.350
2932	0.537
2933	0.350
2934	0.537
2935	0.350
2936	0.756
2937	0.850
2938	0.748
2939	0.822
2940	0.760
2941	0.998
2942	0.705
2943	0.971
2944	0.689
2945	0.951
2946	0.666
2947	0.936
2948	0.689
2949	0.951
2950	0.689
2951	0.951
2952	0.705
2953	0.971
2954	0.705
2955	0.971
2956	0.705
2957	0.971
2958	0.365
2959	0.564
2960	0.369
2961	0.537
2962	0.307
2963	0.584
2964	0.295
2965	0.561
2966	0.240
2967	0.557
2968	0.236
2969	0.537
2970	0.256
2971	0.529
2972	0.279
2973	0.506
2974	0.279
2975	0.506
2976	0.256
2977	0.529
2978	0.256
2979	0.529
2980	0.236
2981	0.537
2982	0.236
2983	0.537
2984	0.443
2985	0.943
2986	0.357
2987	0.924
2988	0.373
2989	0.998
2990	0.252
2991	0.967
2992	0.260
2993	0.885
2994	0.311
2995	0.885
2996	0.260
2997	0.885
2998	0.311
2999	0.885
3000	0.623
3001	0.869
3002	0.631
3003	0.846
3004	0.631
3005	0.846
3006	0.631
3007	0.846
3008	0.631
3009	0.846
3010	0.643
3011	0.814
3012	0.643
3013	0.814
3014	0.643
3015	0.639
3016	0.643
3017	0.639
3018	0.643
3019	0.639
3020	0.658
3021	0.635
3022	0.678
3023	0.643
3024	0.721
3025	0.682
3026	0.650
3027	0.916
3028	0.650
3029	0.916
3030	0.666
3031	0.936
3032	0.666
3033	0.936
3034	0.193
3035	0.682
3036	0.193
3037	0.682
3038	0.193
3039	0.682
3040	0.229
3041	0.689
3042	0.186
3043	0.725
3044	0.240
3045	0.693
3046	0.240
3047	0.693
3048	0.229
3049	0.689
3050	0.229
3051	0.689
3052	0.252
3053	0.697
3054	0.268
3055	0.697
3056	0.268
3057	0.697
3058	0.439
3059	0.502
3060	0.439
3061	0.502
3062	0.439
3063	0.502
3064	0.439
3065	0.502
3066	0.424
3067	0.482
3068	0.424
3069	0.482
3070	0.408
3071	0.436
3072	0.408
3073	0.436
3074	0.436
3075	0.408
3076	0.467
3077	0.451
3078	0.486
3079	0.494
3080	0.518
3081	0.490
3082	0.525
3083	0.424
3084	0.467
3085	0.408
3086	0.514
3087	0.404
3088	0.514
3089	0.404
3090	0.467
3091	0.408
3092	0.330
3093	0.713
3094	0.330
3095	0.713
3096	0.689
3097	0.814
3098	0.689
3099	0.814
3100	0.689
3101	0.814
3102	0.670
3103	0.814
3104	0.670
3105	0.814
3106	0.643
3107	0.814
3108	0.537
3109	0.350
3110	0.514
3111	0.404
3112	0.514
3113	0.404
3114	0.346
3115	0.510
3116	0.330
3117	0.510
3118	0.346
3119	0.510
3120	0.330
3121	0.510
3122	0.299
3123	0.502
3124	0.299
3125	0.502
3126	0.330
3127	0.510
3128	0.424
3129	0.932
3130	0.424
3131	0.932
3132	0.424
3133	0.932
3134	0.436
3135	0.885
3136	0.389
3137	0.889
3138	0.432
3139	0.869
3140	0.428
3141	0.760
3142	0.432
3143	0.752
3144	0.436
3145	0.885
3146	0.432
3147	0.752
3148	0.334
3149	0.846
3150	0.338
3151	0.752
3152	0.428
3153	0.752
3154	0.432
3155	0.752
3156	0.428
3157	0.752
3158	0.428
3159	0.752
3160	0.428
3161	0.752
3162	0.338
3163	0.752
3164	0.432
3165	0.752
3166	0.260
3167	0.885
3168	0.451
3169	0.717
3170	0.521
3171	0.717
3172	0.447
3173	0.748
3174	0.502
3175	0.771
3176	0.443
3177	0.799
3178	0.443
3179	0.803
3180	0.482
3181	0.826
3182	0.443
3183	0.807
3184	0.439
3185	0.803
3186	0.412
3187	0.479
3188	0.424
3189	0.506
3190	0.361
3191	0.482
3192	0.389
3193	0.549
3194	0.350
3195	0.490
3196	0.389
3197	0.549
3198	0.350
3199	0.490
3200	0.350
3201	0.490
3202	0.350
3203	0.490
3204	0.572
3205	0.514
3206	0.502
3207	0.568
3208	0.564
3209	0.580
3210	0.553
3211	0.611
3212	0.564
3213	0.600
3214	0.002
3215	0.373
3216	0.072
3217	0.486
3218	0.084
3219	0.373
3220	0.072
3221	0.486
3222	0.084
3223	0.373
3224	0.443
3225	0.807
3226	0.447
3227	0.748
3228	0.447
3229	0.748
3230	0.451
3231	0.717
3232	0.455
3233	0.670
3234	0.506
3235	0.658
3236	0.459
3237	0.654
3238	0.455
3239	0.670
3240	0.459
3241	0.654
3242	0.455
3243	0.670
3244	0.455
3245	0.670
3246	0.318
3247	0.416
3248	0.318
3249	0.416
3250	0.318
3251	0.416
3252	0.342
3253	0.436
3254	0.342
3255	0.436
3256	0.361
3257	0.439
3258	0.361
3259	0.439
3260	0.357
3261	0.475
3262	0.314
3263	0.490
3264	0.303
3265	0.424
3266	0.287
3267	0.490
3268	0.244
3269	0.498
3270	0.314
3271	0.490
3272	0.244
3273	0.498
3274	0.424
3275	0.506
3276	0.424
3277	0.506
3278	0.428
3279	0.514
3280	0.428
3281	0.514
3282	0.490
3283	0.604
3284	0.490
3285	0.604
3286	0.412
3287	0.600
3288	0.451
3289	0.607
3290	0.471
3291	0.607
3292	0.443
3293	0.619
3294	0.424
3295	0.627
3296	0.439
3297	0.623
3298	0.424
3299	0.627
3300	0.439
3301	0.623
3302	0.451
3303	0.619
3304	0.494
3305	0.607
3306	0.451
3307	0.619
3308	0.814
3309	0.803
3310	0.885
3311	0.732
3312	0.814
3313	0.803
3314	0.885
3315	0.732
3316	0.893
3317	0.732
3318	0.900
3319	0.760
3320	0.822
3321	0.811
3322	0.814
3323	0.803
3324	0.822
3325	0.811
3326	0.822
3327	0.811
3328	0.564
3329	0.580
3330	0.604
3331	0.646
3332	0.604
3333	0.646
3334	0.604
3335	0.646
3336	0.564
3337	0.662
3338	0.564
3339	0.662
3340	0.588
3341	0.639
3342	0.549
3343	0.654
3344	0.553
3345	0.666
3346	0.564
3347	0.662
3348	0.564
3349	0.662
3350	0.490
3351	0.604
3352	0.424
3353	0.627
3354	0.420
3355	0.627
3356	0.420
3357	0.627
3358	0.420
3359	0.627
3360	0.420
3361	0.627
3362	0.412
3363	0.611
3364	0.412
3365	0.611
3366	0.420
3367	0.627
3368	0.490
3369	0.604
3370	0.494
3371	0.607
3372	0.494
3373	0.607
3374	0.494
3375	0.607
3376	0.553
3377	0.666
3378	0.545
3379	0.654
3380	0.545
3381	0.654
3382	0.514
3383	0.650
3384	0.498
3385	0.646
3386	0.498
3387	0.646
3388	0.514
3389	0.650
3390	0.514
3391	0.650
3392	0.514
3393	0.650
3394	0.361
3395	0.346
3396	0.322
3397	0.350
3398	0.346
3399	0.346
3400	0.322
3401	0.350
3402	0.346
3403	0.346
3404	0.357
3405	0.342
3406	0.365
3407	0.326
3408	0.412
3409	0.416
3410	0.338
3411	0.420
3412	0.338
3413	0.420
3414	0.322
3415	0.350
3416	0.920
3417	0.588
3418	0.869
3419	0.561
3420	0.963
3421	0.662
3422	0.947
3423	0.662
3424	0.908
3425	0.670
3426	0.861
3427	0.666
3428	0.818
3429	0.604
3430	0.807
3431	0.568
3432	0.811
3433	0.553
3434	0.174
3435	0.752
3436	0.111
3437	0.791
3438	0.139
3439	0.713
3440	0.068
3441	0.748
3442	0.100
3443	0.713
3444	0.014
3445	0.783
3446	0.002
3447	0.705
3448	0.146
3449	0.326
3450	0.193
3451	0.412
3452	0.232
3453	0.326
3454	0.002
3455	0.580
3456	0.057
3457	0.607
3458	0.014
3459	0.670
3460	0.100
3461	0.686
3462	0.064
3463	0.736
3464	0.119
3465	0.604
3466	0.182
3467	0.619
3468	0.127
3469	0.557
3470	0.166
3471	0.557
3472	0.213
3473	0.541
3474	0.240
3475	0.619
3476	0.271
3477	0.596
3478	0.807
3479	0.432
3480	0.850
3481	0.455
3482	0.764
3483	0.432
3484	0.830
3485	0.549
3486	0.111
3487	0.607
3488	0.170
3489	0.697
3490	0.436
3491	0.646
3492	0.396
3493	0.662
3494	0.436
3495	0.705
3496	0.389
3497	0.705
3498	0.420
3499	0.748
3500	0.424
3501	0.748
3502	0.439
3503	0.705
3504	0.424
3505	0.748
3506	0.439
3507	0.705
3508	0.439
3509	0.705
3510	0.775
3511	0.475
3512	0.799
3513	0.533
3514	0.717
3515	0.475
3516	0.795
3517	0.615
3518	0.686
3519	0.514
3520	0.580
3521	0.670
3522	0.615
3523	0.842
3524	0.701
3525	0.670
3526	0.096
3527	0.475
3528	0.002
3529	0.564
3530	0.010
3531	0.564
3532	0.104
3533	0.596
3534	0.135
3535	0.506
3536	0.729
3537	0.361
3538	0.768
3539	0.424
3540	0.713
3541	0.361
3542	0.709
3543	0.443
3544	0.686
3545	0.428
3546	0.686
3547	0.385
3548	0.686
3549	0.342
3550	0.686
3551	0.342
3552	0.686
3553	0.385
3554	0.686
3555	0.385
3556	0.686
3557	0.385
3558	0.686
3559	0.428
3560	0.963
3561	0.662
3562	0.908
3563	0.670
3564	0.861
3565	0.666
3566	0.850
3567	0.666
3568	0.861
3569	0.666
3570	0.850
3571	0.666
3572	0.799
3573	0.662
3574	0.799
3575	0.662
3576	0.096
3577	0.475
3578	0.104
3579	0.596
3580	0.713
3581	0.361
3582	0.713
3583	0.361
3584	0.686
3585	0.342
3586	0.002
3587	0.564
3588	0.104
3589	0.596
3590	0.580
3591	0.436
3592	0.662
3593	0.475
3594	0.580
3595	0.416
3596	0.689
3597	0.486
3598	0.670
3599	0.400
3600	0.689
3601	0.479
3602	0.693
3603	0.479
3604	0.689
3605	0.486
3606	0.693
3607	0.479
3608	0.986
3609	0.623
3610	0.990
3611	0.564
3612	0.893
3613	0.557
3614	0.908
3615	0.482
3616	0.881
3617	0.482
3618	0.908
3619	0.482
3620	0.881
3621	0.482
3622	0.580
3623	0.436
3624	0.662
3625	0.475
3626	0.236
3627	0.998
3628	0.236
3629	0.998
3630	0.236
3631	0.998
3632	0.182
3633	0.998
3634	0.182
3635	0.998
3636	0.205
3637	0.998
3638	0.264
3639	0.838
3640	0.252
3641	0.838
3642	0.174
3643	0.814
3644	0.170
3645	0.998
3646	0.170
3647	0.998
3648	0.127
3649	0.998
3650	0.123
3651	0.998
3652	0.123
3653	0.959
3654	0.123
3655	0.959
3656	0.123
3657	0.928
3658	0.123
3659	0.928
3660	0.146
3661	0.822
3662	0.123
3663	0.904
3664	0.123
3665	0.904
3666	0.123
3667	0.904
3668	0.107
3669	0.826
3670	0.107
3671	0.826
3672	0.107
3673	0.807
3674	0.107
3675	0.807
3676	0.111
3677	0.803
3678	0.123
3679	0.998
3680	0.127
3681	0.998
3682	0.127
3683	0.998
3684	0.635
3685	0.959
3686	0.635
3687	0.959
3688	0.584
3689	0.971
3690	0.584
3691	0.971
3692	0.584
3693	0.971
3694	0.561
3695	0.979
3696	0.561
3697	0.979
3698	0.494
3699	0.998
3700	0.494
3701	0.998
3702	0.447
3703	0.967
3704	0.553
3705	0.936
3706	0.623
3707	0.959
3708	0.631
3709	0.932
3710	0.635
3711	0.959
3712	0.631
3713	0.932
3714	0.596
3715	0.814
3716	0.596
3717	0.814
3718	0.451
3719	0.842
3720	0.514
3721	0.830
3722	0.596
3723	0.818
3724	0.908
3725	0.482
3726	0.916
3727	0.482
3728	0.916
3729	0.482
3730	0.916
3731	0.482
3732	0.994
3733	0.482
3734	0.994
3735	0.482
3736	0.592
3737	0.311
3738	0.615
3739	0.311
3740	0.607
3741	0.400
3742	0.666
3743	0.389
3744	0.607
3745	0.400
3746	0.666
3747	0.389
3748	0.576
3749	0.553
3750	0.643
3751	0.479
3752	0.588
3753	0.627
3754	0.650
3755	0.479
3756	0.678
3757	0.572
3758	0.842
3759	0.424
3760	0.795
3761	0.408
3762	0.811
3763	0.373
3764	0.779
3765	0.357
3766	0.807
3767	0.334
3768	0.760
3769	0.396
3770	0.771
3771	0.400
3772	0.791
3773	0.408
3774	0.787
3775	0.428
3776	0.795
3777	0.408
3778	0.795
3779	0.408
3780	0.893
3781	0.830
3782	0.799
3783	0.830
3784	0.752
3785	0.807
3786	0.748
3787	0.807
3788	0.873
3789	0.732
3790	0.740
3791	0.764
3792	0.732
3793	0.752
3794	0.732
3795	0.752
3796	0.748
3797	0.807
3798	0.881
3799	0.697
3800	0.768
3801	0.721
3802	0.717
3803	0.729
3804	0.732
3805	0.752
3806	0.732
3807	0.752
3808	0.486
3809	0.381
3810	0.416
3811	0.404
3812	0.451
3813	0.314
3814	0.396
3815	0.314
3816	0.607
3817	0.400
3818	0.592
3819	0.311
3820	0.643
3821	0.479
3822	0.650
3823	0.479
3824	0.857
3825	0.475
3826	0.857
3827	0.475
3828	0.936
3829	0.479
3830	0.936
3831	0.479
3832	0.943
3833	0.463
3834	0.943
3835	0.463
3836	0.943
3837	0.463
3838	0.939
3839	0.463
3840	0.928
3841	0.365
3842	0.850
3843	0.377
3844	0.787
3845	0.428
3846	0.771
3847	0.400
3848	0.787
3849	0.428
3850	0.787
3851	0.428
3852	0.760
3853	0.396
3854	0.760
3855	0.396
3856	0.799
3857	0.830
3858	0.748
3859	0.807
3860	0.271
3861	0.307
3862	0.314
3863	0.330
3864	0.314
3865	0.307
3866	0.314
3867	0.307
3868	0.314
3869	0.330
3870	0.314
3871	0.342
3872	0.314
3873	0.342
3874	0.314
3875	0.381
3876	0.314
3877	0.381
3878	0.291
3879	0.377
3880	0.271
3881	0.377
3882	0.256
3883	0.377
3884	0.236
3885	0.314
3886	0.236
3887	0.377
3888	0.256
3889	0.377
3890	0.236
3891	0.377
3892	0.842
3893	0.314
3894	0.900
3895	0.314
3896	0.826
3897	0.389
3898	0.549
3899	0.705
3900	0.525
3901	0.732
3902	0.564
3903	0.744
3904	0.537
3905	0.783
3906	0.564
3907	0.783
3908	0.553
3909	0.814
3910	0.314
3911	0.307
3912	0.271
3913	0.307
3914	0.271
3915	0.307
3916	0.236
3917	0.314
3918	0.314
3919	0.381
3920	0.271
3921	0.377
3922	0.271
3923	0.377
3924	0.061
3925	0.834
3926	0.096
3927	0.795
3928	0.096
3929	0.826
3930	0.096
3931	0.795
3932	0.096
3933	0.826
3934	0.100
3935	0.877
3936	0.100
3937	0.877
3938	0.100
3939	0.881
3940	0.100
3941	0.877
3942	0.068
3943	0.795
3944	0.002
3945	0.795
3946	0.018
3947	0.982
3948	0.084
3949	0.986
3950	0.100
3951	0.889
3952	0.104
3953	0.881
3954	0.104
3955	0.986
3956	0.045
3957	0.994
3958	0.029
3959	0.998
3960	0.045
3961	0.994
3962	0.029
3963	0.998
3964	0.553
3965	0.463
3966	0.463
3967	0.576
3968	0.572
3969	0.463
3970	0.592
3971	0.490
3972	0.572
3973	0.463
3974	0.592
3975	0.490
3976	0.104
3977	0.881
3978	0.100
3979	0.881
3980	0.100
3981	0.881
3982	0.104
3983	0.986
3984	0.904
3985	0.854
3986	0.904
3987	0.854
3988	0.908
3989	0.807
3990	0.908
3991	0.807
3992	0.908
3993	0.779
3994	0.908
3995	0.779
3996	0.912
3997	0.768
3998	0.912
3999	0.768
4000	0.924
4001	0.697
4002	0.924
4003	0.697
4004	0.924
4005	0.689
4006	0.924
4007	0.697
4008	0.924
4009	0.689
4010	0.924
4011	0.689
4012	0.967
4013	0.842
4014	0.986
4015	0.787
4016	0.967
4017	0.771
4018	0.963
4019	0.701
4020	0.994
4021	0.729
4022	0.924
4023	0.678
4024	0.924
4025	0.678
4026	0.924
4027	0.678
4028	0.924
4029	0.674
4030	0.963
4031	0.682
4032	0.994
4033	0.689
4034	0.979
4035	0.682
4036	0.979
4037	0.682
4038	0.994
4039	0.689
4040	0.924
4041	0.678
4042	0.924
4043	0.674
4044	0.924
4045	0.674
4046	0.924
4047	0.674
4048	0.963
4049	0.682
4050	0.979
4051	0.682
4052	0.104
4053	0.986
4054	0.025
4055	0.443
4056	0.025
4057	0.443
4058	0.025
4059	0.443
4060	0.064
4061	0.494
4062	0.002
4063	0.443
4064	0.010
4065	0.537
4066	0.010
4067	0.537
4068	0.064
4069	0.494
4070	0.854
4071	0.924
4072	0.854
4073	0.924
4074	0.854
4075	0.924
4076	0.814
4077	0.951
4078	0.814
4079	0.951
4080	0.814
4081	0.951
4082	0.814
4083	0.951
4084	0.854
4085	0.947
4086	0.814
4087	0.967
4088	0.811
4089	0.951
4090	0.811
4091	0.951
4092	0.795
4093	0.994
4094	0.783
4095	0.990
4096	0.811
4097	0.951
4098	0.783
4099	0.990
4100	0.170
4101	0.381
4102	0.096
4103	0.381
4104	0.084
4105	0.475
4106	0.084
4107	0.475
4108	0.084
4109	0.475
4110	0.217
4111	0.385
4112	0.283
4113	0.385
4114	0.271
4115	0.486
4116	0.229
4117	0.639
4118	0.346
4119	0.713
4120	0.322
4121	0.588
4122	0.389
4123	0.631
4124	0.396
4125	0.592
4126	0.396
4127	0.592
4128	0.389
4129	0.631
4130	0.377
4131	0.713
4132	0.377
4133	0.713
4134	0.373
4135	0.748
4136	0.373
4137	0.748
4138	0.096
4139	0.381
