0	0.125
1	0.020
2	0.267
3	0.129
4	0.039
5	0.278
6	0.125
7	0.039
8	0.278
9	0.129
10	0.039
11	0.278
12	0.129
13	0.043
14	0.267
15	0.125
16	0.020
17	0.267
18	0.125
19	0.039
20	0.263
21	0.125
22	0.035
23	0.271
24	0.129
25	0.039
26	0.278
27	0.125
28	0.035
29	0.286
30	0.125
31	0.039
32	0.278
33	0.125
34	0.047
35	0.294
36	0.129
37	0.063
38	0.290
39	0.125
40	0.039
41	0.278
42	0.125
43	0.055
44	0.282
45	0.125
46	0.047
47	0.294
48	0.129
49	0.063
50	0.290
51	0.125
52	0.039
53	0.278
54	0.129
55	0.039
56	0.278
57	0.125
58	0.043
59	0.271
60	0.129
61	0.043
62	0.267
63	0.125
64	0.039
65	0.263
66	0.125
67	0.035
68	0.271
69	0.129
70	0.063
71	0.290
72	0.129
73	0.039
74	0.278
75	0.125
76	0.039
77	0.314
78	0.125
79	0.035
80	0.310
81	0.125
82	0.039
83	0.306
84	0.125
85	0.035
86	0.286
87	0.125
88	0.047
89	0.302
90	0.125
91	0.047
92	0.290
93	0.129
94	0.063
95	0.290
96	0.125
97	0.039
98	0.314
99	0.125
100	0.063
101	0.290
102	0.125
103	0.039
104	0.298
105	0.125
106	0.043
107	0.290
108	0.133
109	0.078
110	0.267
111	0.133
112	0.086
113	0.255
114	0.125
115	0.047
116	0.251
117	0.125
118	0.067
119	0.239
120	0.125
121	0.063
122	0.231
123	0.125
124	0.063
125	0.243
126	0.133
127	0.078
128	0.267
129	0.125
130	0.047
131	0.251
132	0.125
133	0.063
134	0.267
135	0.125
136	0.063
137	0.251
138	0.129
139	0.063
140	0.290
141	0.125
142	0.063
143	0.290
144	0.125
145	0.055
146	0.282
147	0.125
148	0.051
149	0.290
150	0.133
151	0.078
152	0.267
153	0.125
154	0.078
155	0.267
156	0.125
157	0.063
158	0.267
159	0.125
160	0.067
161	0.255
162	0.125
163	0.063
164	0.251
165	0.133
166	0.086
167	0.255
168	0.125
169	0.086
170	0.255
171	0.125
172	0.067
173	0.239
174	0.125
175	0.067
176	0.255
177	0.125
178	0.059
179	0.247
180	0.125
181	0.059
182	0.243
183	0.133
184	0.078
185	0.267
186	0.125
187	0.078
188	0.267
189	0.125
190	0.078
191	0.263
192	0.125
193	0.071
194	0.259
195	0.133
196	0.086
197	0.255
198	0.133
199	0.078
200	0.267
201	0.125
202	0.086
203	0.255
204	0.125
205	0.078
206	0.263
207	0.125
208	0.075
209	0.255
210	0.165
211	0.478
212	0.400
213	0.125
214	0.494
215	0.365
216	0.125
217	0.478
218	0.400
219	0.125
220	0.482
221	0.361
222	0.125
223	0.467
224	0.396
225	0.125
226	0.467
227	0.404
228	0.125
229	0.475
230	0.412
231	0.165
232	0.478
233	0.400
234	0.165
235	0.486
236	0.408
237	0.125
238	0.478
239	0.400
240	0.125
241	0.486
242	0.404
243	0.125
244	0.475
245	0.408
246	0.125
247	0.482
248	0.220
249	0.125
250	0.498
251	0.235
252	0.125
253	0.486
254	0.227
255	0.129
256	0.498
257	0.235
258	0.125
259	0.498
260	0.247
261	0.129
262	0.498
263	0.247
264	0.184
265	0.498
266	0.235
267	0.184
268	0.498
269	0.247
270	0.212
271	0.498
272	0.235
273	0.212
274	0.498
275	0.247
276	0.165
277	0.478
278	0.400
279	0.125
280	0.498
281	0.365
282	0.125
283	0.494
284	0.365
285	0.125
286	0.498
287	0.361
288	0.125
289	0.486
290	0.353
291	0.125
292	0.482
293	0.361
294	0.125
295	0.498
296	0.365
297	0.125
298	0.498
299	0.361
300	0.165
301	0.478
302	0.400
303	0.184
304	0.498
305	0.361
306	0.188
307	0.478
308	0.388
309	0.153
310	0.400
311	0.255
312	0.157
313	0.404
314	0.255
315	0.133
316	0.392
317	0.263
318	0.200
319	0.392
320	0.263
321	0.133
322	0.392
323	0.263
324	0.180
325	0.408
326	0.278
327	0.125
328	0.392
329	0.263
330	0.125
331	0.408
332	0.278
333	0.125
334	0.408
335	0.263
336	0.125
337	0.416
338	0.267
339	0.125
340	0.420
341	0.278
342	0.161
343	0.392
344	0.392
345	0.169
346	0.416
347	0.420
348	0.169
349	0.349
350	0.314
351	0.184
352	0.404
353	0.400
354	0.180
355	0.361
356	0.310
357	0.173
358	0.447
359	0.376
360	0.184
361	0.455
362	0.392
363	0.165
364	0.439
365	0.412
366	0.184
367	0.427
368	0.439
369	0.184
370	0.427
371	0.439
372	0.165
373	0.439
374	0.412
375	0.169
376	0.416
377	0.420
378	0.173
379	0.447
380	0.376
381	0.184
382	0.404
383	0.400
384	0.180
385	0.431
386	0.369
387	0.165
388	0.443
389	0.459
390	0.184
391	0.427
392	0.439
393	0.180
394	0.451
395	0.447
396	0.184
397	0.455
398	0.392
399	0.188
400	0.478
401	0.388
402	0.165
403	0.478
404	0.400
405	0.180
406	0.451
407	0.447
408	0.165
409	0.486
410	0.408
411	0.180
412	0.451
413	0.447
414	0.188
415	0.478
416	0.388
417	0.165
418	0.478
419	0.400
420	0.180
421	0.361
422	0.310
423	0.169
424	0.349
425	0.314
426	0.180
427	0.408
428	0.278
429	0.125
430	0.349
431	0.314
432	0.125
433	0.353
434	0.314
435	0.125
436	0.380
437	0.298
438	0.125
439	0.408
440	0.278
441	0.125
442	0.388
443	0.306
444	0.125
445	0.416
446	0.286
447	0.125
448	0.420
449	0.278
450	0.184
451	0.427
452	0.439
453	0.184
454	0.404
455	0.400
456	0.169
457	0.416
458	0.420
459	0.184
460	0.404
461	0.400
462	0.184
463	0.427
464	0.439
465	0.169
466	0.416
467	0.420
468	0.165
469	0.443
470	0.459
471	0.161
472	0.392
473	0.392
474	0.125
475	0.443
476	0.459
477	0.125
478	0.404
479	0.412
480	0.125
481	0.412
482	0.404
483	0.125
484	0.443
485	0.435
486	0.180
487	0.431
488	0.369
489	0.173
490	0.447
491	0.376
492	0.184
493	0.455
494	0.392
495	0.180
496	0.361
497	0.310
498	0.180
499	0.408
500	0.278
501	0.184
502	0.404
503	0.400
504	0.184
505	0.412
506	0.349
507	0.180
508	0.431
509	0.369
510	0.192
511	0.424
512	0.337
513	0.188
514	0.427
515	0.302
516	0.188
517	0.427
518	0.294
519	0.180
520	0.408
521	0.278
522	0.188
523	0.427
524	0.294
525	0.200
526	0.392
527	0.263
528	0.255
529	0.424
530	0.290
531	0.255
532	0.392
533	0.263
534	0.180
535	0.431
536	0.369
537	0.192
538	0.424
539	0.337
540	0.184
541	0.455
542	0.349
543	0.188
544	0.427
545	0.302
546	0.184
547	0.455
548	0.318
549	0.188
550	0.482
551	0.341
552	0.184
553	0.498
554	0.361
555	0.184
556	0.498
557	0.357
558	0.176
559	0.498
560	0.353
561	0.184
562	0.455
563	0.349
564	0.196
565	0.451
566	0.365
567	0.184
568	0.455
569	0.392
570	0.188
571	0.478
572	0.388
573	0.184
574	0.455
575	0.392
576	0.259
577	0.431
578	0.302
579	0.188
580	0.427
581	0.294
582	0.188
583	0.427
584	0.302
585	0.259
586	0.431
587	0.302
588	0.259
589	0.431
590	0.302
591	0.188
592	0.427
593	0.302
594	0.263
595	0.455
596	0.322
597	0.184
598	0.455
599	0.318
600	0.188
601	0.482
602	0.341
603	0.259
604	0.482
605	0.341
606	0.259
607	0.498
608	0.357
609	0.184
610	0.498
611	0.357
612	0.247
613	0.498
614	0.345
615	0.184
616	0.498
617	0.345
618	0.180
619	0.498
620	0.345
621	0.176
622	0.498
623	0.349
624	0.255
625	0.451
626	0.196
627	0.188
628	0.451
629	0.196
630	0.125
631	0.451
632	0.196
633	0.125
634	0.482
635	0.220
636	0.125
637	0.451
638	0.212
639	0.125
640	0.475
641	0.227
642	0.125
643	0.490
644	0.243
645	0.129
646	0.498
647	0.235
648	0.125
649	0.482
650	0.224
651	0.125
652	0.486
653	0.224
654	0.227
655	0.404
656	0.255
657	0.224
658	0.396
659	0.255
660	0.200
661	0.392
662	0.263
663	0.200
664	0.392
665	0.263
666	0.227
667	0.404
668	0.255
669	0.255
670	0.392
671	0.263
672	0.231
673	0.420
674	0.231
675	0.227
676	0.404
677	0.255
678	0.224
679	0.396
680	0.255
681	0.231
682	0.420
683	0.231
684	0.200
685	0.392
686	0.263
687	0.200
688	0.420
689	0.231
690	0.169
691	0.400
692	0.255
693	0.133
694	0.392
695	0.263
696	0.157
697	0.404
698	0.255
699	0.125
700	0.420
701	0.231
702	0.153
703	0.400
704	0.255
705	0.133
706	0.392
707	0.263
708	0.125
709	0.404
710	0.247
711	0.125
712	0.412
713	0.255
714	0.125
715	0.427
716	0.235
717	0.125
718	0.451
719	0.196
720	0.188
721	0.451
722	0.196
723	0.255
724	0.451
725	0.196
726	0.255
727	0.392
728	0.263
729	0.255
730	0.451
731	0.196
732	0.255
733	0.392
734	0.263
735	0.259
736	0.404
737	0.255
738	0.255
739	0.392
740	0.263
741	0.255
742	0.427
743	0.251
744	0.255
745	0.424
746	0.290
747	0.259
748	0.459
749	0.243
750	0.255
751	0.392
752	0.263
753	0.255
754	0.427
755	0.251
756	0.255
757	0.451
758	0.196
759	0.259
760	0.459
761	0.243
762	0.259
763	0.482
764	0.220
765	0.255
766	0.392
767	0.263
768	0.259
769	0.404
770	0.255
771	0.255
772	0.451
773	0.196
774	0.294
775	0.416
776	0.294
777	0.294
778	0.455
779	0.259
780	0.255
781	0.424
782	0.290
783	0.275
784	0.455
785	0.251
786	0.263
787	0.455
788	0.251
789	0.259
790	0.459
791	0.243
792	0.255
793	0.424
794	0.290
795	0.259
796	0.431
797	0.302
798	0.294
799	0.416
800	0.294
801	0.263
802	0.455
803	0.322
804	0.259
805	0.482
806	0.341
807	0.294
808	0.478
809	0.345
810	0.302
811	0.427
812	0.302
813	0.302
814	0.451
815	0.322
816	0.259
817	0.459
818	0.243
819	0.275
820	0.455
821	0.251
822	0.259
823	0.482
824	0.220
825	0.278
826	0.494
827	0.220
828	0.294
829	0.478
830	0.345
831	0.259
832	0.482
833	0.341
834	0.294
835	0.498
836	0.322
837	0.259
838	0.498
839	0.325
840	0.255
841	0.498
842	0.314
843	0.251
844	0.498
845	0.318
846	0.259
847	0.482
848	0.341
849	0.259
850	0.498
851	0.357
852	0.259
853	0.498
854	0.325
855	0.247
856	0.498
857	0.345
858	0.247
859	0.498
860	0.325
861	0.251
862	0.498
863	0.318
864	0.275
865	0.455
866	0.251
867	0.275
868	0.498
869	0.298
870	0.294
871	0.455
872	0.259
873	0.302
874	0.498
875	0.294
876	0.310
877	0.463
878	0.263
879	0.278
880	0.486
881	0.239
882	0.275
883	0.455
884	0.251
885	0.275
886	0.498
887	0.251
888	0.275
889	0.498
890	0.298
891	0.263
892	0.498
893	0.298
894	0.263
895	0.498
896	0.251
897	0.267
898	0.498
899	0.243
900	0.271
901	0.498
902	0.239
903	0.278
904	0.486
905	0.239
906	0.278
907	0.494
908	0.220
909	0.286
910	0.498
911	0.247
912	0.278
913	0.498
914	0.224
915	0.275
916	0.498
917	0.243
918	0.302
919	0.498
920	0.294
921	0.275
922	0.498
923	0.298
924	0.298
925	0.498
926	0.298
927	0.275
928	0.498
929	0.310
930	0.282
931	0.498
932	0.310
933	0.294
934	0.455
935	0.259
936	0.294
937	0.416
938	0.294
939	0.302
940	0.427
941	0.302
942	0.294
943	0.455
944	0.259
945	0.310
946	0.463
947	0.263
948	0.302
949	0.427
950	0.302
951	0.302
952	0.498
953	0.294
954	0.302
955	0.451
956	0.322
957	0.294
958	0.478
959	0.345
960	0.294
961	0.478
962	0.345
963	0.298
964	0.498
965	0.298
966	0.294
967	0.498
968	0.322
969	0.282
970	0.498
971	0.310
972	0.294
973	0.478
974	0.345
975	0.302
976	0.498
977	0.294
978	0.298
979	0.498
980	0.298
981	0.125
982	0.020
983	0.267
984	0.125
985	0.051
986	0.271
987	0.125
988	0.051
989	0.282
990	0.125
991	0.027
992	0.278
993	0.125
994	0.027
995	0.278
996	0.125
997	0.031
998	0.271
999	0.125
1000	0.047
1001	0.290
1002	0.125
1003	0.051
1004	0.282
1005	0.125
1006	0.047
1007	0.267
1008	0.125
1009	0.063
1010	0.251
1011	0.125
1012	0.067
1013	0.263
1014	0.125
1015	0.067
1016	0.255
1017	0.125
1018	0.078
1019	0.263
1020	0.125
1021	0.071
1022	0.251
1023	0.125
1024	0.353
1025	0.322
1026	0.125
1027	0.357
1028	0.322
1029	0.125
1030	0.384
1031	0.306
1032	0.125
1033	0.412
1034	0.404
1035	0.125
1036	0.404
1037	0.412
1038	0.125
1039	0.388
1040	0.361
1041	0.125
1042	0.376
1043	0.365
1044	0.125
1045	0.380
1046	0.349
1047	0.125
1048	0.369
1049	0.353
1050	0.125
1051	0.361
1052	0.322
1053	0.125
1054	0.349
1055	0.314
1056	0.169
1057	0.349
1058	0.314
1059	0.161
1060	0.392
1061	0.392
1062	0.125
1063	0.404
1064	0.263
1065	0.125
1066	0.396
1067	0.259
1068	0.125
1069	0.392
1070	0.263
1071	0.125
1072	0.404
1073	0.267
1074	0.125
1075	0.439
1076	0.439
1077	0.125
1078	0.443
1079	0.435
1080	0.125
1081	0.451
1082	0.443
1083	0.125
1084	0.463
1085	0.416
1086	0.125
1087	0.471
1088	0.424
1089	0.125
1090	0.463
1091	0.412
1092	0.125
1093	0.467
1094	0.412
1095	0.125
1096	0.471
1097	0.412
1098	0.125
1099	0.478
1100	0.420
1101	0.125
1102	0.471
1103	0.408
1104	0.125
1105	0.486
1106	0.404
1107	0.165
1108	0.486
1109	0.408
1110	0.180
1111	0.451
1112	0.447
1113	0.165
1114	0.443
1115	0.459
1116	0.125
1117	0.443
1118	0.459
1119	0.125
1120	0.443
1121	0.439
1122	0.125
1123	0.451
1124	0.212
1125	0.125
1126	0.447
1127	0.216
1128	0.125
1129	0.451
1130	0.196
1131	0.125
1132	0.439
1133	0.208
1134	0.125
1135	0.420
1136	0.231
1137	0.125
1138	0.427
1139	0.235
1140	0.125
1141	0.498
1142	0.349
1143	0.176
1144	0.498
1145	0.349
1146	0.212
1147	0.498
1148	0.247
1149	0.220
1150	0.498
1151	0.251
1152	0.224
1153	0.498
1154	0.239
1155	0.224
1156	0.498
1157	0.251
1158	0.235
1159	0.498
1160	0.247
1161	0.239
1162	0.498
1163	0.235
1164	0.220
1165	0.498
1166	0.235
1167	0.216
1168	0.498
1169	0.247
1170	0.212
1171	0.498
1172	0.247
1173	0.212
1174	0.498
1175	0.235
1176	0.255
1177	0.451
1178	0.196
1179	0.259
1180	0.482
1181	0.220
1182	0.275
1183	0.498
1184	0.227
1185	0.278
1186	0.494
1187	0.220
1188	0.278
1189	0.498
1190	0.224
1191	0.286
1192	0.498
1193	0.247
1194	0.271
1195	0.498
1196	0.239
1197	0.282
1198	0.498
1199	0.310
1200	0.263
1201	0.498
1202	0.298
1203	0.267
1204	0.498
1205	0.306
1206	0.243
1207	0.498
1208	0.239
1209	0.271
1210	0.498
1211	0.243
1212	0.247
1213	0.498
1214	0.251
1215	0.243
1216	0.498
1217	0.251
1218	0.125
1219	0.549
1220	0.278
1221	0.133
1222	0.498
1223	0.235
1224	0.125
1225	0.498
1226	0.235
1227	0.133
1228	0.498
1229	0.247
1230	0.125
1231	0.498
1232	0.247
1233	0.125
1234	0.549
1235	0.278
1236	0.125
1237	0.569
1238	0.302
1239	0.125
1240	0.498
1241	0.235
1242	0.125
1243	0.553
1244	0.302
1245	0.125
1246	0.490
1247	0.243
1248	0.125
1249	0.514
1250	0.369
1251	0.125
1252	0.557
1253	0.314
1254	0.125
1255	0.514
1256	0.365
1257	0.125
1258	0.569
1259	0.302
1260	0.125
1261	0.549
1262	0.278
1263	0.141
1264	0.569
1265	0.298
1266	0.133
1267	0.498
1268	0.235
1269	0.149
1270	0.514
1271	0.247
1272	0.153
1273	0.510
1274	0.251
1275	0.173
1276	0.573
1277	0.298
1278	0.169
1279	0.514
1280	0.247
1281	0.169
1282	0.498
1283	0.235
1284	0.188
1285	0.498
1286	0.235
1287	0.196
1288	0.541
1289	0.275
1290	0.231
1291	0.573
1292	0.298
1293	0.188
1294	0.847
1295	0.235
1296	0.125
1297	0.847
1298	0.239
1299	0.125
1300	0.851
1301	0.239
1302	0.125
1303	0.851
1304	0.235
1305	0.192
1306	0.859
1307	0.235
1308	0.184
1309	0.855
1310	0.243
1311	0.125
1312	0.859
1313	0.235
1314	0.125
1315	0.855
1316	0.247
1317	0.125
1318	0.855
1319	0.235
1320	0.192
1321	0.859
1322	0.235
1323	0.192
1324	0.847
1325	0.227
1326	0.125
1327	0.859
1328	0.235
1329	0.125
1330	0.847
1331	0.227
1332	0.125
1333	0.851
1334	0.235
1335	0.184
1336	0.514
1337	0.369
1338	0.153
1339	0.514
1340	0.365
1341	0.184
1342	0.498
1343	0.361
1344	0.125
1345	0.514
1346	0.369
1347	0.125
1348	0.510
1349	0.369
1350	0.125
1351	0.514
1352	0.357
1353	0.125
1354	0.506
1355	0.349
1356	0.125
1357	0.498
1358	0.361
1359	0.208
1360	0.510
1361	0.369
1362	0.184
1363	0.498
1364	0.353
1365	0.184
1366	0.514
1367	0.369
1368	0.208
1369	0.510
1370	0.369
1371	0.184
1372	0.498
1373	0.353
1374	0.188
1375	0.498
1376	0.357
1377	0.184
1378	0.514
1379	0.369
1380	0.184
1381	0.498
1382	0.353
1383	0.184
1384	0.498
1385	0.361
1386	0.173
1387	0.498
1388	0.349
1389	0.180
1390	0.498
1391	0.345
1392	0.184
1393	0.498
1394	0.341
1395	0.192
1396	0.859
1397	0.235
1398	0.188
1399	0.847
1400	0.235
1401	0.184
1402	0.855
1403	0.243
1404	0.125
1405	0.851
1406	0.239
1407	0.125
1408	0.855
1409	0.247
1410	0.125
1411	0.855
1412	0.235
1413	0.188
1414	0.498
1415	0.235
1416	0.196
1417	0.541
1418	0.275
1419	0.212
1420	0.498
1421	0.235
1422	0.224
1423	0.498
1424	0.235
1425	0.231
1426	0.573
1427	0.298
1428	0.243
1429	0.498
1430	0.235
1431	0.239
1432	0.498
1433	0.231
1434	0.235
1435	0.498
1436	0.243
1437	0.224
1438	0.498
1439	0.247
1440	0.220
1441	0.498
1442	0.247
1443	0.216
1444	0.498
1445	0.247
1446	0.212
1447	0.498
1448	0.243
1449	0.216
1450	0.498
1451	0.231
1452	0.188
1453	0.498
1454	0.235
1455	0.188
1456	0.498
1457	0.247
1458	0.208
1459	0.510
1460	0.369
1461	0.255
1462	0.510
1463	0.369
1464	0.188
1465	0.498
1466	0.357
1467	0.259
1468	0.498
1469	0.357
1470	0.184
1471	0.498
1472	0.353
1473	0.247
1474	0.498
1475	0.345
1476	0.184
1477	0.498
1478	0.341
1479	0.192
1480	0.859
1481	0.235
1482	0.188
1483	0.847
1484	0.235
1485	0.192
1486	0.847
1487	0.227
1488	0.125
1489	0.847
1490	0.239
1491	0.125
1492	0.847
1493	0.227
1494	0.125
1495	0.851
1496	0.235
1497	0.255
1498	0.569
1499	0.302
1500	0.255
1501	0.541
1502	0.271
1503	0.251
1504	0.498
1505	0.235
1506	0.251
1507	0.498
1508	0.247
1509	0.255
1510	0.498
1511	0.247
1512	0.278
1513	0.545
1514	0.267
1515	0.255
1516	0.541
1517	0.271
1518	0.275
1519	0.514
1520	0.306
1521	0.259
1522	0.498
1523	0.325
1524	0.286
1525	0.498
1526	0.322
1527	0.294
1528	0.514
1529	0.306
1530	0.294
1531	0.498
1532	0.325
1533	0.259
1534	0.498
1535	0.314
1536	0.282
1537	0.498
1538	0.314
1539	0.255
1540	0.541
1541	0.271
1542	0.259
1543	0.498
1544	0.325
1545	0.255
1546	0.569
1547	0.302
1548	0.255
1549	0.510
1550	0.369
1551	0.259
1552	0.498
1553	0.357
1554	0.247
1555	0.498
1556	0.325
1557	0.247
1558	0.498
1559	0.345
1560	0.278
1561	0.545
1562	0.267
1563	0.278
1564	0.522
1565	0.271
1566	0.275
1567	0.514
1568	0.306
1569	0.275
1570	0.498
1571	0.251
1572	0.275
1573	0.498
1574	0.294
1575	0.263
1576	0.498
1577	0.251
1578	0.263
1579	0.498
1580	0.294
1581	0.267
1582	0.498
1583	0.302
1584	0.275
1585	0.498
1586	0.306
1587	0.294
1588	0.514
1589	0.306
1590	0.275
1591	0.514
1592	0.306
1593	0.302
1594	0.498
1595	0.294
1596	0.275
1597	0.498
1598	0.294
1599	0.286
1600	0.498
1601	0.306
1602	0.275
1603	0.498
1604	0.306
1605	0.286
1606	0.522
1607	0.247
1608	0.278
1609	0.545
1610	0.267
1611	0.278
1612	0.498
1613	0.224
1614	0.255
1615	0.541
1616	0.271
1617	0.251
1618	0.498
1619	0.235
1620	0.271
1621	0.498
1622	0.239
1623	0.259
1624	0.498
1625	0.247
1626	0.255
1627	0.498
1628	0.247
1629	0.278
1630	0.545
1631	0.267
1632	0.286
1633	0.522
1634	0.247
1635	0.278
1636	0.522
1637	0.271
1638	0.286
1639	0.498
1640	0.247
1641	0.275
1642	0.498
1643	0.251
1644	0.271
1645	0.498
1646	0.243
1647	0.278
1648	0.498
1649	0.224
1650	0.271
1651	0.498
1652	0.239
1653	0.294
1654	0.514
1655	0.306
1656	0.302
1657	0.498
1658	0.294
1659	0.294
1660	0.498
1661	0.325
1662	0.286
1663	0.498
1664	0.306
1665	0.282
1666	0.498
1667	0.314
1668	0.125
1669	0.486
1670	0.365
1671	0.125
1672	0.494
1673	0.365
1674	0.125
1675	0.486
1676	0.361
1677	0.125
1678	0.490
1679	0.361
1680	0.125
1681	0.486
1682	0.361
1683	0.125
1684	0.494
1685	0.349
1686	0.129
1687	0.498
1688	0.361
1689	0.125
1690	0.498
1691	0.361
1692	0.125
1693	0.498
1694	0.365
1695	0.184
1696	0.498
1697	0.361
1698	0.137
1699	0.498
1700	0.357
1701	0.173
1702	0.498
1703	0.349
1704	0.125
1705	0.549
1706	0.306
1707	0.125
1708	0.553
1709	0.302
1710	0.125
1711	0.557
1712	0.314
1713	0.125
1714	0.569
1715	0.302
1716	0.153
1717	0.514
1718	0.365
1719	0.141
1720	0.569
1721	0.298
1722	0.173
1723	0.573
1724	0.298
1725	0.231
1726	0.573
1727	0.298
1728	0.235
1729	0.541
1730	0.333
1731	0.255
1732	0.569
1733	0.302
1734	0.255
1735	0.510
1736	0.369
1737	0.208
1738	0.510
1739	0.369
1740	0.184
1741	0.514
1742	0.369
1743	0.125
1744	0.855
1745	0.231
1746	0.125
1747	0.851
1748	0.239
1749	0.125
1750	0.851
1751	0.231
1752	0.125
1753	0.859
1754	0.235
1755	0.125
1756	0.855
1757	0.231
1758	0.125
1759	0.851
1760	0.239
1761	0.133
1762	0.498
1763	0.247
1764	0.161
1765	0.498
1766	0.247
1767	0.133
1768	0.498
1769	0.235
1770	0.161
1771	0.498
1772	0.235
1773	0.149
1774	0.514
1775	0.247
1776	0.153
1777	0.510
1778	0.251
1779	0.169
1780	0.514
1781	0.247
1782	0.169
1783	0.498
1784	0.235
1785	0.161
1786	0.498
1787	0.231
1788	0.165
1789	0.498
1790	0.239
1791	0.165
1792	0.498
1793	0.243
1794	0.165
1795	0.498
1796	0.247
1797	0.169
1798	0.498
1799	0.243
1800	0.169
1801	0.498
1802	0.235
1803	0.165
1804	0.498
1805	0.247
1806	0.169
1807	0.498
1808	0.247
1809	0.188
1810	0.498
1811	0.247
1812	0.239
1813	0.498
1814	0.247
1815	0.243
1816	0.498
1817	0.247
1818	0.247
1819	0.498
1820	0.325
1821	0.251
1822	0.498
1823	0.318
1824	0.267
1825	0.498
1826	0.243
1827	0.271
1828	0.498
1829	0.239
1830	0.125
1831	0.514
1832	0.369
1833	0.125
1834	0.514
1835	0.365
1836	0.125
1837	0.557
1838	0.314
1839	0.153
1840	0.514
1841	0.365
1842	0.000
1843	0.000
1844	0.000
1845	0.000
1846	0.000
1847	0.000
1848	0.000
1849	0.000
1850	0.000
1851	0.000
1852	0.000
1853	0.000
1854	0.000
1855	0.000
1856	0.000
1857	0.000
1858	0.000
1859	0.000
1860	0.000
1861	0.000
1862	0.000
1863	0.000
1864	0.000
1865	0.000
1866	0.000
1867	0.000
1868	0.000
1869	0.000
1870	0.000
1871	0.000
1872	0.000
1873	0.000
1874	0.000
1875	0.000
1876	0.000
1877	0.000
1878	0.000
1879	0.000
1880	0.000
1881	0.000
1882	0.000
1883	0.000
1884	0.000
1885	0.000
1886	0.000
1887	0.000
1888	0.000
1889	0.000
1890	0.000
1891	0.000
1892	0.000
1893	0.000
1894	0.000
1895	0.000
1896	0.000
1897	0.000
1898	0.000
1899	0.000
1900	0.000
1901	0.000
1902	0.000
1903	0.000
1904	0.000
1905	0.000
1906	0.000
1907	0.000
1908	0.000
1909	0.000
1910	0.000
1911	0.000
1912	0.000
1913	0.000
1914	0.000
1915	0.000
1916	0.000
1917	0.000
1918	0.000
1919	0.000
1920	0.000
1921	0.000
1922	0.000
1923	0.000
1924	0.000
1925	0.000
1926	0.000
1927	0.000
1928	0.000
1929	0.000
1930	0.000
1931	0.000
1932	0.000
1933	0.000
1934	0.000
1935	0.000
1936	0.000
1937	0.000
1938	0.000
1939	0.000
1940	0.000
1941	0.000
1942	0.000
1943	0.000
1944	0.000
1945	0.000
1946	0.000
1947	0.000
1948	0.000
1949	0.000
1950	0.000
1951	0.000
1952	0.000
1953	0.000
1954	0.000
1955	0.000
1956	0.000
1957	0.000
1958	0.000
1959	0.000
1960	0.000
1961	0.000
1962	0.000
1963	0.000
1964	0.000
1965	0.000
1966	0.000
1967	0.000
1968	0.000
1969	0.000
1970	0.000
1971	0.000
1972	0.000
1973	0.000
1974	0.000
1975	0.000
1976	0.000
1977	0.000
1978	0.000
1979	0.000
1980	0.000
1981	0.000
1982	0.000
1983	0.000
1984	0.000
1985	0.000
1986	0.000
1987	0.000
1988	0.000
1989	0.000
1990	0.000
1991	0.000
1992	0.000
1993	0.000
1994	0.000
1995	0.000
1996	0.000
1997	0.000
1998	0.000
1999	0.000
2000	0.000
2001	0.000
2002	0.000
2003	0.000
2004	0.000
2005	0.000
2006	0.000
2007	0.000
2008	0.000
2009	0.000
2010	0.000
2011	0.000
2012	0.000
2013	0.000
2014	0.000
2015	0.000
2016	0.000
2017	0.000
2018	0.000
2019	0.000
2020	0.000
2021	0.000
2022	0.000
2023	0.000
2024	0.000
2025	0.000
2026	0.000
2027	0.000
2028	0.000
2029	0.000
2030	0.000
2031	0.000
2032	0.000
2033	0.000
2034	0.000
2035	0.000
2036	0.000
2037	0.000
2038	0.000
2039	0.000
2040	0.000
2041	0.000
2042	0.000
2043	0.000
2044	0.000
2045	0.000
2046	0.000
2047	0.000
2048	0.000
2049	0.000
2050	0.000
2051	0.000
2052	0.000
2053	0.000
2054	0.000
2055	0.000
2056	0.000
2057	0.000
2058	0.000
2059	0.000
2060	0.000
2061	0.000
2062	0.000
2063	0.000
2064	0.000
2065	0.000
2066	0.000
2067	0.000
2068	0.000
2069	0.000
2070	0.000
2071	0.000
2072	0.000
2073	0.000
2074	0.000
2075	0.000
2076	0.000
2077	0.000
2078	0.000
2079	0.000
2080	0.000
2081	0.000
2082	0.000
2083	0.000
2084	0.000
2085	0.000
2086	0.000
2087	0.000
2088	0.000
2089	0.000
2090	0.000
2091	0.000
2092	0.000
2093	0.000
2094	0.000
2095	0.000
2096	0.000
2097	0.000
2098	0.000
2099	0.000
2100	0.000
2101	0.000
2102	0.000
2103	0.000
2104	0.000
2105	0.000
2106	0.000
2107	0.000
2108	0.000
2109	0.000
2110	0.000
2111	0.000
2112	0.000
2113	0.000
2114	0.000
2115	0.000
2116	0.000
2117	0.000
2118	0.000
2119	0.000
2120	0.000
2121	0.000
2122	0.000
2123	0.000
2124	0.000
2125	0.000
2126	0.000
2127	0.000
2128	0.000
2129	0.000
2130	0.000
2131	0.000
2132	0.000
2133	0.000
2134	0.000
2135	0.000
2136	0.000
2137	0.000
2138	0.000
2139	0.000
2140	0.000
2141	0.000
2142	0.000
2143	0.000
2144	0.000
2145	0.000
2146	0.000
2147	0.000
2148	0.000
2149	0.000
2150	0.000
2151	0.000
2152	0.000
2153	0.000
2154	0.000
2155	0.000
2156	0.000
2157	0.000
2158	0.000
2159	0.000
2160	0.000
2161	0.000
2162	0.000
2163	0.000
2164	0.000
2165	0.000
2166	0.000
2167	0.000
2168	0.000
2169	0.000
2170	0.000
2171	0.000
2172	0.000
2173	0.000
2174	0.000
2175	0.000
2176	0.000
2177	0.000
2178	0.000
2179	0.000
2180	0.000
2181	0.000
2182	0.000
2183	0.000
2184	0.000
2185	0.000
2186	0.000
2187	0.000
2188	0.000
2189	0.000
2190	0.000
2191	0.000
2192	0.000
2193	0.000
2194	0.000
2195	0.000
2196	0.000
2197	0.000
2198	0.000
2199	0.000
2200	0.000
2201	0.000
2202	0.000
2203	0.000
2204	0.000
2205	0.000
2206	0.000
2207	0.000
2208	0.000
2209	0.000
2210	0.000
2211	0.000
2212	0.000
2213	0.000
2214	0.000
2215	0.000
2216	0.000
2217	0.000
2218	0.000
2219	0.000
2220	0.000
2221	0.000
2222	0.000
2223	0.000
2224	0.000
2225	0.000
2226	0.000
2227	0.000
2228	0.000
2229	0.000
2230	0.000
2231	0.000
2232	0.000
2233	0.000
2234	0.000
2235	0.000
2236	0.000
2237	0.000
2238	0.000
2239	0.000
2240	0.000
2241	0.000
2242	0.000
2243	0.000
2244	0.000
2245	0.000
2246	0.000
2247	0.000
2248	0.000
2249	0.000
2250	0.000
2251	0.000
2252	0.000
2253	0.000
2254	0.000
2255	0.000
2256	0.000
2257	0.000
2258	0.000
2259	0.000
2260	0.000
2261	0.000
2262	0.000
2263	0.000
2264	0.000
2265	0.000
2266	0.000
2267	0.000
2268	0.000
2269	0.000
2270	0.000
2271	0.000
2272	0.000
2273	0.000
2274	0.000
2275	0.000
2276	0.000
2277	0.000
2278	0.000
2279	0.000
2280	0.000
2281	0.000
2282	0.000
2283	0.000
2284	0.000
2285	0.000
2286	0.000
2287	0.000
2288	0.000
2289	0.000
2290	0.000
2291	0.000
2292	0.000
2293	0.000
2294	0.000
2295	0.000
2296	0.000
2297	0.000
2298	0.000
2299	0.000
2300	0.000
2301	0.000
2302	0.000
2303	0.000
2304	0.000
2305	0.000
2306	0.000
2307	0.000
2308	0.000
2309	0.000
2310	0.000
2311	0.000
2312	0.000
2313	0.000
2314	0.000
2315	0.000
2316	0.000
2317	0.000
2318	0.000
2319	0.000
2320	0.000
2321	0.000
2322	0.000
2323	0.000
2324	0.000
2325	0.000
2326	0.000
2327	0.000
2328	0.000
2329	0.000
2330	0.000
2331	0.000
2332	0.000
2333	0.000
2334	0.000
2335	0.000
2336	0.000
2337	0.000
2338	0.000
2339	0.000
2340	0.000
2341	0.000
2342	0.000
2343	0.000
2344	0.000
2345	0.000
2346	0.000
2347	0.000
2348	0.000
2349	0.000
2350	0.000
2351	0.000
2352	0.000
2353	0.000
2354	0.000
2355	0.000
2356	0.000
2357	0.000
2358	0.000
2359	0.000
2360	0.000
2361	0.000
2362	0.000
2363	0.000
2364	0.000
2365	0.000
2366	0.000
2367	0.000
2368	0.000
2369	0.000
2370	0.000
2371	0.000
2372	0.000
2373	0.000
2374	0.000
2375	0.000
2376	0.000
2377	0.000
2378	0.000
2379	0.000
2380	0.000
2381	0.000
2382	0.000
2383	0.000
2384	0.000
2385	0.000
2386	0.000
2387	0.000
2388	0.000
2389	0.000
2390	0.000
2391	0.000
2392	0.000
2393	0.000
2394	0.000
2395	0.000
2396	0.000
2397	0.000
2398	0.000
2399	0.000
2400	0.000
2401	0.000
2402	0.000
2403	0.000
2404	0.000
2405	0.000
2406	0.000
2407	0.000
2408	0.000
2409	0.000
2410	0.000
2411	0.000
2412	0.000
2413	0.000
2414	0.000
2415	0.000
2416	0.000
2417	0.000
2418	0.000
2419	0.000
2420	0.000
2421	0.000
2422	0.000
2423	0.000
2424	0.000
2425	0.000
2426	0.000
2427	0.000
2428	0.000
2429	0.000
2430	0.000
2431	0.000
2432	0.000
2433	0.000
2434	0.000
2435	0.000
2436	0.000
2437	0.000
2438	0.000
2439	0.000
2440	0.000
2441	0.000
2442	0.000
2443	0.000
2444	0.000
2445	0.000
2446	0.000
2447	0.000
2448	0.000
2449	0.000
2450	0.000
2451	0.000
2452	0.000
2453	0.000
2454	0.000
2455	0.000
2456	0.686
2457	0.998
2458	0.682
2459	0.975
2460	0.686
2461	0.975
2462	0.795
2463	0.850
2464	0.787
2465	0.838
2466	0.771
2467	0.857
2468	0.779
2469	0.838
2470	0.779
2471	0.838
2472	0.533
2473	0.990
2474	0.529
2475	0.998
2476	0.529
2477	0.990
2478	0.529
2479	0.998
2480	0.525
2481	0.990
2482	0.502
2483	0.998
2484	0.514
2485	0.990
2486	0.514
2487	0.990
2488	0.873
2489	0.916
2490	0.869
2491	0.943
2492	0.873
2493	0.943
2494	0.869
2495	0.951
2496	0.873
2497	0.955
2498	0.869
2499	0.959
2500	0.869
2501	0.959
2502	0.646
2503	0.861
2504	0.646
2505	0.838
2506	0.619
2507	0.854
2508	0.619
2509	0.850
2510	0.619
2511	0.854
2512	0.639
2513	0.838
2514	0.619
2515	0.850
2516	0.619
2517	0.850
2518	0.971
2519	0.967
2520	0.975
2521	0.998
2522	0.975
2523	0.967
2524	0.975
2525	0.998
2526	0.975
2527	0.998
2528	0.256
2529	0.787
2530	0.248
2531	0.775
2532	0.229
2533	0.811
2534	0.225
2535	0.787
2536	0.217
2537	0.787
2538	0.217
2539	0.787
2540	0.338
2541	0.982
2542	0.369
2543	0.998
2544	0.354
2545	0.982
2546	0.354
2547	0.982
2548	0.127
2549	0.986
2550	0.123
2551	0.986
2552	0.123
2553	0.998
2554	0.123
2555	0.986
2556	0.377
2557	0.932
2558	0.385
2559	0.932
2560	0.385
2561	0.947
2562	0.385
2563	0.947
2564	0.385
2565	0.947
2566	0.967
2567	0.967
2568	0.959
2569	0.967
2570	0.959
2571	0.990
2572	0.959
2573	0.990
2574	0.959
2575	0.990
2576	0.959
2577	0.990
2578	0.463
2579	0.998
2580	0.463
2581	0.990
2582	0.459
2583	0.990
2584	0.463
2585	0.990
2586	0.225
2587	0.932
2588	0.229
2589	0.916
2590	0.217
2591	0.928
2592	0.221
2593	0.916
2594	0.217
2595	0.928
2596	0.416
2597	0.818
2598	0.377
2599	0.779
2600	0.416
2601	0.779
2602	0.377
2603	0.779
2604	0.416
2605	0.779
2606	0.416
2607	0.779
2608	0.416
2609	0.779
2610	0.666
2611	0.951
2612	0.678
2613	0.951
2614	0.670
2615	0.912
2616	0.678
2617	0.912
2618	0.678
2619	0.912
2620	0.123
2621	0.979
2622	0.107
2623	0.994
2624	0.115
2625	0.982
2626	0.104
2627	0.990
2628	0.107
2629	0.994
2630	0.104
2631	0.990
2632	0.135
2633	0.916
2634	0.135
2635	0.916
2636	0.150
2637	0.893
2638	0.150
2639	0.893
2640	0.193
2641	0.998
2642	0.244
2643	0.979
2644	0.244
2645	0.982
2646	0.248
2647	0.979
2648	0.248
2649	0.979
2650	0.244
2651	0.982
2652	0.127
2653	0.795
2654	0.123
2655	0.795
2656	0.162
2657	0.838
2658	0.115
2659	0.854
2660	0.150
2661	0.861
2662	0.256
2663	0.986
2664	0.260
2665	0.986
2666	0.236
2667	0.998
2668	0.803
2669	0.861
2670	0.736
2671	0.861
2672	0.783
2673	0.885
2674	0.729
2675	0.861
2676	0.729
2677	0.885
2678	0.729
2679	0.885
2680	0.729
2681	0.885
2682	0.729
2683	0.885
2684	0.373
2685	0.951
2686	0.334
2687	0.951
2688	0.455
2689	0.982
2690	0.354
2691	0.971
2692	0.447
2693	0.998
2694	0.682
2695	0.775
2696	0.701
2697	0.775
2698	0.697
2699	0.807
2700	0.729
2701	0.822
2702	0.811
2703	0.873
2704	0.830
2705	0.846
2706	0.807
2707	0.846
2708	0.846
2709	0.814
2710	0.799
2711	0.822
2712	0.834
2713	0.803
2714	0.158
2715	0.869
2716	0.139
2717	0.893
2718	0.139
2719	0.869
2720	0.088
2721	0.881
2722	0.076
2723	0.861
2724	0.002
2725	0.775
2726	0.018
2727	0.830
2728	0.014
2729	0.775
2730	0.869
2731	0.838
2732	0.838
2733	0.783
2734	0.861
2735	0.783
2736	0.662
2737	0.877
2738	0.650
2739	0.861
2740	0.717
2741	0.885
2742	0.658
2743	0.818
2744	0.662
2745	0.818
2746	0.693
2747	0.822
2748	0.729
2749	0.830
2750	0.693
2751	0.822
2752	0.729
2753	0.830
2754	0.729
2755	0.830
2756	0.596
2757	0.877
2758	0.557
2759	0.904
2760	0.568
2761	0.877
2762	0.846
2763	0.842
2764	0.893
2765	0.850
2766	0.865
2767	0.861
2768	0.912
2769	0.877
2770	0.830
2771	0.861
2772	0.904
2773	0.916
2774	0.846
2775	0.900
2776	0.846
2777	0.900
2778	0.904
2779	0.916
2780	0.131
2781	0.908
2782	0.111
2783	0.908
2784	0.104
2785	0.928
2786	0.475
2787	0.998
2788	0.447
2789	0.955
2790	0.561
2791	0.959
2792	0.514
2793	0.951
2794	0.533
2795	0.936
2796	0.502
2797	0.939
2798	0.471
2799	0.936
2800	0.463
2801	0.936
2802	0.217
2803	0.811
2804	0.189
2805	0.811
2806	0.232
2807	0.834
2808	0.178
2809	0.877
2810	0.217
2811	0.889
2812	0.936
2813	0.975
2814	0.904
2815	0.982
2816	0.916
2817	0.951
2818	0.869
2819	0.979
2820	0.885
2821	0.951
2822	0.908
2823	0.924
2824	0.928
2825	0.908
2826	0.924
2827	0.908
2828	0.928
2829	0.908
2830	0.924
2831	0.959
2832	0.936
2833	0.959
2834	0.955
2835	0.963
2836	0.955
2837	0.928
2838	0.963
2839	0.951
2840	0.162
2841	0.877
2842	0.553
2843	0.869
2844	0.545
2845	0.869
2846	0.545
2847	0.939
2848	0.447
2849	0.857
2850	0.447
2851	0.928
2852	0.479
2853	0.854
2854	0.479
2855	0.932
2856	0.514
2857	0.928
2858	0.514
2859	0.857
2860	0.537
2861	0.857
2862	0.537
2863	0.932
2864	0.537
2865	0.857
2866	0.537
2867	0.932
2868	0.537
2869	0.932
2870	0.537
2871	0.932
2872	0.225
2873	0.893
2874	0.186
2875	0.947
2876	0.150
2877	0.998
2878	0.119
2879	0.975
2880	0.150
2881	0.998
2882	0.119
2883	0.975
2884	0.107
2885	0.994
2886	0.104
2887	0.959
2888	0.115
2889	0.975
2890	0.115
2891	0.979
2892	0.217
2893	0.936
2894	0.209
2895	0.936
2896	0.193
2897	0.955
2898	0.529
2899	0.814
2900	0.549
2901	0.791
2902	0.576
2903	0.791
2904	0.541
2905	0.768
2906	0.268
2907	0.979
2908	0.260
2909	0.975
2910	0.291
2911	0.971
2912	0.248
2913	0.955
2914	0.283
2915	0.943
2916	0.248
2917	0.924
2918	0.229
2919	0.896
2920	0.248
2921	0.912
2922	0.268
2923	0.885
2924	0.244
2925	0.908
2926	0.232
2927	0.893
2928	0.248
2929	0.885
2930	0.248
2931	0.885
2932	0.268
2933	0.885
2934	0.307
2935	0.877
2936	0.318
2937	0.924
2938	0.334
2939	0.979
2940	0.264
2941	0.998
2942	0.162
2943	0.998
2944	0.244
2945	0.967
2946	0.229
2947	0.967
2948	0.436
2949	0.814
2950	0.471
2951	0.814
2952	0.455
2953	0.850
2954	0.502
2955	0.814
2956	0.654
2957	0.943
2958	0.619
2959	0.928
2960	0.564
2961	0.951
2962	0.592
2963	0.912
2964	0.561
2965	0.912
2966	0.682
2967	0.967
2968	0.697
2969	0.967
2970	0.764
2971	0.998
2972	0.588
2973	0.900
2974	0.646
2975	0.928
2976	0.615
2977	0.861
2978	0.662
2979	0.908
2980	0.666
2981	0.896
2982	0.678
2983	0.896
2984	0.916
2985	0.904
2986	0.932
2987	0.900
2988	0.916
2989	0.865
2990	0.963
2991	0.896
2992	0.998
2993	0.900
2994	0.998
2995	0.865
2996	0.932
2997	0.857
2998	0.963
2999	0.857
3000	0.338
3001	0.768
3002	0.318
3003	0.768
3004	0.354
3005	0.799
3006	0.338
3007	0.818
3008	0.471
3009	0.811
3010	0.467
3011	0.775
3012	0.439
3013	0.811
3014	0.443
3015	0.775
3016	0.443
3017	0.775
3018	0.443
3019	0.775
3020	0.877
3021	0.920
3022	0.877
3023	0.943
3024	0.900
3025	0.920
3026	0.877
3027	0.943
3028	0.900
3029	0.920
3030	0.900
3031	0.920
3032	0.787
3033	0.799
3034	0.756
3035	0.857
3036	0.768
3037	0.795
3038	0.732
3039	0.842
3040	0.748
3041	0.795
3042	0.967
3043	0.818
3044	0.951
3045	0.842
3046	0.979
3047	0.822
3048	0.998
3049	0.854
3050	0.998
3051	0.854
3052	0.979
3053	0.822
3054	0.979
3055	0.822
3056	0.979
3057	0.822
3058	0.967
3059	0.811
3060	0.959
3061	0.791
3062	0.982
3063	0.811
3064	0.967
3065	0.791
3066	0.982
3067	0.811
3068	0.236
3069	0.947
3070	0.217
3071	0.963
3072	0.232
3073	0.947
3074	0.217
3075	0.963
3076	0.217
3077	0.963
3078	0.424
3079	0.822
3080	0.436
3081	0.771
3082	0.420
3083	0.771
3084	0.283
3085	0.814
3086	0.303
3087	0.814
3088	0.287
3089	0.865
3090	0.350
3091	0.830
3092	0.318
3093	0.873
3094	0.354
3095	0.885
3096	0.580
3097	0.998
3098	0.533
3099	0.979
3100	0.557
3101	0.979
3102	0.557
3103	0.979
3104	0.830
3105	0.998
3106	0.787
3107	0.963
3108	0.795
3109	0.963
3110	0.869
3111	0.943
3112	0.869
3113	0.943
3114	0.869
3115	0.943
3116	0.529
3117	0.990
3118	0.869
3119	0.943
3120	0.869
3121	0.951
3122	0.529
3123	0.998
3124	0.529
3125	0.990
3126	0.869
3127	0.943
3128	0.229
3129	0.811
3130	0.803
3131	0.990
3132	0.795
3133	0.982
3134	0.791
3135	0.998
3136	0.787
3137	0.982
3138	0.662
3139	0.818
3140	0.662
3141	0.818
3142	0.693
3143	0.822
3144	0.564
3145	0.955
3146	0.564
3147	0.955
3148	0.619
3149	0.955
3150	0.619
3151	0.955
3152	0.635
3153	0.955
3154	0.635
3155	0.955
3156	0.678
3157	0.955
3158	0.678
3159	0.955
3160	0.678
3161	0.998
3162	0.588
3163	0.990
3164	0.232
3165	0.885
3166	0.236
3167	0.885
3168	0.232
3169	0.885
3170	0.236
3171	0.885
3172	0.596
3173	0.814
3174	0.596
3175	0.814
3176	0.596
3177	0.814
3178	0.568
3179	0.814
3180	0.568
3181	0.814
3182	0.568
3183	0.814
3184	0.568
3185	0.814
3186	0.568
3187	0.814
3188	0.561
3189	0.814
3190	0.561
3191	0.814
3192	0.541
3193	0.814
3194	0.545
3195	0.854
3196	0.596
3197	0.869
3198	0.611
3199	0.854
3200	0.611
3201	0.814
3202	0.596
3203	0.814
3204	0.346
3205	0.994
3206	0.330
3207	0.994
3208	0.346
3209	0.994
3210	0.330
3211	0.994
3212	0.299
3213	0.998
3214	0.299
3215	0.998
3216	0.123
3217	0.795
3218	0.115
3219	0.854
3220	0.018
3221	0.838
3222	0.018
3223	0.838
3224	0.018
3225	0.838
3226	0.018
3227	0.838
3228	0.033
3229	0.834
3230	0.033
3231	0.834
3232	0.018
3233	0.842
3234	0.018
3235	0.842
3236	0.014
3237	0.846
3238	0.014
3239	0.846
3240	0.068
3241	0.873
3242	0.057
3243	0.842
3244	0.061
3245	0.822
3246	0.068
3247	0.826
3248	0.064
3249	0.822
3250	0.057
3251	0.807
3252	0.061
3253	0.822
3254	0.439
3255	0.811
3256	0.217
3257	0.963
3258	0.217
3259	0.963
3260	0.033
3261	0.830
3262	0.061
3263	0.822
3264	0.033
3265	0.830
3266	0.033
3267	0.830
3268	0.264
3269	0.877
3270	0.256
3271	0.811
3272	0.264
3273	0.811
3274	0.256
3275	0.811
3276	0.264
3277	0.811
3278	0.900
3279	0.986
3280	0.869
3281	0.986
3282	0.967
3283	0.998
3284	0.869
3285	0.986
3286	0.967
3287	0.998
3288	0.225
3289	0.943
3290	0.170
3291	0.986
3292	0.221
3293	0.943
3294	0.783
3295	0.893
3296	0.752
3297	0.889
3298	0.779
3299	0.908
3300	0.682
3301	0.889
3302	0.701
3303	0.908
3304	0.701
3305	0.916
3306	0.779
3307	0.939
3308	0.701
3309	0.932
3310	0.682
3311	0.932
3312	0.682
3313	0.951
3314	0.740
3315	0.963
3316	0.779
3317	0.998
3318	0.271
3319	0.877
3320	0.271
3321	0.814
3322	0.268
3323	0.814
3324	0.271
3325	0.814
3326	0.072
3327	0.771
3328	0.061
3329	0.771
3330	0.029
3331	0.822
3332	0.021
3333	0.814
3334	0.021
3335	0.814
3336	0.252
3337	0.877
3338	0.236
3339	0.877
3340	0.252
3341	0.811
3342	0.236
3343	0.811
3344	0.236
3345	0.811
3346	0.506
3347	0.850
3348	0.506
3349	0.818
3350	0.521
3351	0.850
3352	0.506
3353	0.791
3354	0.510
3355	0.791
3356	0.506
3357	0.791
3358	0.525
3359	0.791
3360	0.525
3361	0.791
3362	0.326
3363	0.912
3364	0.346
3365	0.889
3366	0.322
3367	0.889
3368	0.396
3369	0.998
3370	0.369
3371	0.986
3372	0.373
3373	0.986
3374	0.689
3375	0.998
3376	0.705
3377	0.982
3378	0.697
3379	0.982
3380	0.705
3381	0.982
3382	0.705
3383	0.982
3384	0.705
3385	0.982
3386	0.990
3387	0.986
3388	0.998
3389	0.975
3390	0.986
3391	0.975
3392	0.971
3393	0.916
3394	0.963
3395	0.920
3396	0.963
3397	0.920
3398	0.826
3399	0.889
3400	0.861
3401	0.932
3402	0.811
3403	0.904
3404	0.803
3405	0.912
3406	0.865
3407	0.982
3408	0.791
3409	0.924
3410	0.791
3411	0.920
3412	0.791
3413	0.920
3414	0.803
3415	0.912
3416	0.803
3417	0.912
3418	0.803
3419	0.912
3420	0.807
3421	0.904
3422	0.807
3423	0.904
3424	0.822
3425	0.893
3426	0.822
3427	0.893
3428	0.646
3429	0.791
3430	0.615
3431	0.822
3432	0.674
3433	0.787
3434	0.623
3435	0.838
3436	0.678
3437	0.787
3438	0.623
3439	0.838
3440	0.678
3441	0.787
3442	0.385
3443	0.865
3444	0.385
3445	0.854
3446	0.393
3447	0.854
3448	0.357
3449	0.807
3450	0.365
3451	0.803
3452	0.365
3453	0.803
3454	0.850
3455	0.998
3456	0.822
3457	0.971
3458	0.787
3459	0.928
3460	0.787
3461	0.928
3462	0.787
3463	0.928
3464	0.365
3465	0.865
3466	0.389
3467	0.877
3468	0.354
3469	0.916
3470	0.361
3471	0.947
3472	0.338
3473	0.932
3474	0.338
3475	0.912
3476	0.330
3477	0.932
3478	0.361
3479	0.947
3480	0.330
3481	0.932
3482	0.443
3483	0.955
3484	0.436
3485	0.885
3486	0.400
3487	0.951
3488	0.396
3489	0.861
3490	0.412
3491	0.861
3492	0.436
3493	0.885
3494	0.412
3495	0.861
3496	0.158
3497	0.822
3498	0.178
3499	0.803
3500	0.162
3501	0.768
3502	0.209
3503	0.803
3504	0.182
3505	0.768
3506	0.209
3507	0.803
3508	0.182
3509	0.768
3510	0.182
3511	0.768
3512	0.182
3513	0.768
3514	0.314
3515	0.791
3516	0.295
3517	0.791
3518	0.322
3519	0.811
3520	0.295
3521	0.811
3522	0.295
3523	0.811
3524	0.295
3525	0.811
3526	0.916
3527	0.811
3528	0.885
3529	0.811
3530	0.947
3531	0.826
3532	0.881
3533	0.834
3534	0.932
3535	0.854
3536	0.947
3537	0.826
3538	0.947
3539	0.826
3540	0.932
3541	0.854
3542	0.084
3543	0.857
3544	0.096
3545	0.830
3546	0.072
3547	0.838
3548	0.088
3549	0.807
3550	0.076
3551	0.807
3552	0.076
3553	0.807
3554	0.111
3555	0.799
3556	0.088
3557	0.807
3558	0.998
3559	0.916
3560	0.979
3561	0.916
3562	0.998
3563	0.939
3564	0.979
3565	0.916
3566	0.979
3567	0.916
3568	0.408
3569	0.998
3570	0.400
3571	0.998
3572	0.408
3573	0.994
3574	0.404
3575	0.994
3576	0.525
3577	0.791
3578	0.525
3579	0.791
3580	0.393
3581	0.893
3582	0.389
3583	0.893
3584	0.393
3585	0.893
3586	0.389
3587	0.951
3588	0.393
3589	0.893
3590	0.389
3591	0.951
3592	0.025
3593	0.865
3594	0.025
3595	0.865
3596	0.025
3597	0.865
3598	0.010
3599	0.865
3600	0.092
3601	0.893
3602	0.006
3603	0.881
3604	0.002
3605	0.912
3606	0.002
3607	0.971
3608	0.049
3609	0.975
3610	0.002
3611	0.994
3612	0.100
3613	0.998
3614	0.100
3615	0.947
3616	0.096
3617	0.924
3618	0.705
3619	0.990
3620	0.709
3621	0.998
3622	0.709
3623	0.990
3624	0.537
3625	0.990
3626	0.541
3627	0.990
3628	0.541
3629	0.998
3630	0.268
3631	0.771
3632	0.271
3633	0.803
3634	0.268
3635	0.771
3636	0.271
3637	0.803
3638	0.291
3639	0.787
3640	0.291
3641	0.795
3642	0.291
3643	0.811
3644	0.271
3645	0.811
3646	0.268
3647	0.803
3648	0.268
3649	0.803
3650	0.268
3651	0.803
3652	0.271
3653	0.803
3654	0.271
3655	0.803
3656	0.271
3657	0.803
3658	0.682
3659	0.932
3660	0.682
3661	0.932
3662	0.682
3663	0.951
3664	0.791
3665	0.924
3666	0.791
3667	0.924
3668	0.361
3669	0.947
3670	0.361
3671	0.947
3672	0.209
3673	0.803
3674	0.209
3675	0.803
3676	0.443
3677	0.850
3678	0.439
3679	0.850
3680	0.389
3681	0.807
3682	0.439
3683	0.877
