0	0
1	1
2	2
3	1
4	3
5	2
6	2
7	3
8	4
9	3
10	5
11	4
12	5
13	3
14	6
15	3
16	1
17	6
18	6
19	1
20	7
21	1
22	8
23	7
24	7
25	8
26	9
27	10
28	12
29	11
30	11
31	12
32	13
33	13
34	14
35	11
36	11
37	14
38	15
39	16
40	17
41	18
42	17
43	19
44	18
45	18
46	19
47	4
48	19
49	20
50	4
51	4
52	20
53	2
54	20
55	19
56	2
57	21
58	22
59	23
60	22
61	24
62	23
63	23
64	24
65	25
66	24
67	26
68	25
69	25
70	26
71	27
72	26
73	28
74	27
75	28
76	26
77	29
78	26
79	30
80	29
81	29
82	30
83	31
84	30
85	32
86	31
87	31
88	32
89	33
90	32
91	34
92	33
93	34
94	32
95	35
96	35
97	36
98	34
99	22
100	35
101	24
102	35
103	32
104	24
105	24
106	32
107	30
108	30
109	26
110	24
111	37
112	38
113	39
114	40
115	42
116	41
117	43
118	44
119	45
120	46
121	48
122	47
123	47
124	48
125	49
126	48
127	50
128	49
129	49
130	50
131	51
132	52
133	54
134	53
135	53
136	54
137	55
138	54
139	56
140	55
141	56
142	54
143	57
144	58
145	60
146	59
147	59
148	60
149	61
150	60
151	62
152	61
153	61
154	62
155	63
156	63
157	64
158	61
159	64
160	63
161	65
162	63
163	66
164	65
165	66
166	63
167	67
168	63
169	68
170	67
171	68
172	63
173	62
174	62
175	60
176	68
177	68
178	60
179	69
180	60
181	70
182	69
183	70
184	60
185	71
186	72
187	73
188	74
189	73
190	75
191	74
192	74
193	75
194	76
195	77
196	79
197	78
198	78
199	79
200	80
201	79
202	81
203	80
204	82
205	83
206	84
207	83
208	85
209	84
210	84
211	85
212	86
213	87
214	85
215	83
216	88
217	89
218	90
219	91
220	92
221	93
222	92
223	94
224	93
225	93
226	94
227	95
228	94
229	96
230	95
231	95
232	96
233	97
234	96
235	98
236	97
237	99
238	100
239	101
240	100
241	102
242	101
243	101
244	102
245	103
246	102
247	104
248	103
249	103
250	104
251	105
252	104
253	106
254	105
255	105
256	106
257	107
258	107
259	108
260	105
261	108
262	107
263	109
264	109
265	110
266	108
267	110
268	109
269	111
270	111
271	112
272	110
273	95
274	97
275	93
276	97
277	113
278	93
279	114
280	115
281	116
282	115
283	117
284	116
285	116
286	117
287	118
288	119
289	120
290	121
291	120
292	122
293	121
294	121
295	122
296	123
297	122
298	124
299	123
300	125
301	126
302	127
303	126
304	128
305	127
306	127
307	128
308	129
309	128
310	130
311	129
312	129
313	130
314	131
315	130
316	132
317	131
318	132
319	130
320	133
321	130
322	134
323	133
324	134
325	130
326	135
327	130
328	128
329	135
330	135
331	128
332	136
333	128
334	137
335	136
336	137
337	128
338	126
339	138
340	140
341	139
342	139
343	140
344	141
345	140
346	142
347	141
348	141
349	142
350	143
351	143
352	144
353	141
354	145
355	146
356	147
357	148
358	150
359	149
360	149
361	150
362	151
363	151
364	152
365	149
366	149
367	152
368	153
369	154
370	156
371	155
372	155
373	156
374	157
375	156
376	158
377	157
378	157
379	158
380	159
381	159
382	160
383	157
384	160
385	159
386	161
387	159
388	162
389	161
390	161
391	162
392	163
393	163
394	164
395	161
396	165
397	166
398	167
399	166
400	168
401	167
402	168
403	166
404	169
405	166
406	170
407	169
408	169
409	170
410	171
411	171
412	172
413	169
414	169
415	172
416	173
417	173
418	168
419	169
420	168
421	173
422	174
423	175
424	177
425	176
426	176
427	177
428	178
429	178
430	179
431	176
432	176
433	179
434	180
435	179
436	181
437	180
438	181
439	179
440	182
441	183
442	184
443	166
444	166
445	184
446	170
447	184
448	185
449	170
450	186
451	187
452	188
453	189
454	191
455	190
456	192
457	193
458	194
459	195
460	196
461	197
462	196
463	198
464	197
465	197
466	198
467	199
468	199
469	200
470	197
471	200
472	199
473	201
474	201
475	202
476	200
477	202
478	201
479	203
480	201
481	204
482	203
483	204
484	201
485	205
486	201
487	199
488	205
489	205
490	199
491	206
492	199
493	207
494	206
495	206
496	207
497	208
498	209
499	210
500	211
501	210
502	212
503	211
504	211
505	212
506	213
507	212
508	214
509	213
510	214
511	212
512	215
513	216
514	217
515	49
516	49
517	217
518	218
519	217
520	219
521	218
522	218
523	219
524	220
525	219
526	221
527	220
528	49
529	218
530	47
531	218
532	220
533	47
534	222
535	223
536	224
537	223
538	225
539	224
540	226
541	13
542	227
543	228
544	14
545	226
546	226
547	14
548	10
549	1
550	19
551	8
552	19
553	17
554	8
555	8
556	17
557	229
558	17
559	230
560	229
561	231
562	66
563	232
564	66
565	67
566	232
567	233
568	234
569	235
570	234
571	236
572	235
573	236
574	234
575	237
576	234
577	238
578	237
579	238
580	234
581	239
582	234
583	240
584	239
585	239
586	240
587	241
588	78
589	80
590	242
591	242
592	80
593	243
594	80
595	244
596	243
597	240
598	234
599	245
600	246
601	248
602	247
603	247
604	248
605	249
606	248
607	250
608	249
609	249
610	250
611	251
612	251
613	252
614	249
615	252
616	251
617	253
618	251
619	254
620	253
621	254
622	251
623	255
624	255
625	256
626	254
627	256
628	255
629	257
630	255
631	258
632	257
633	257
634	258
635	259
636	258
637	260
638	259
639	259
640	260
641	261
642	261
643	262
644	259
645	262
646	261
647	263
648	261
649	264
650	263
651	264
652	261
653	265
654	261
655	266
656	265
657	266
658	261
659	267
660	261
661	268
662	267
663	268
664	261
665	260
666	260
667	258
668	268
669	268
670	258
671	255
672	255
673	251
674	268
675	268
676	251
677	269
678	269
679	270
680	268
681	270
682	269
683	271
684	269
685	251
686	271
687	271
688	251
689	250
690	250
691	248
692	271
693	271
694	248
695	272
696	272
697	270
698	271
699	273
700	274
701	275
702	274
703	276
704	275
705	275
706	276
707	277
708	276
709	278
710	277
711	278
712	276
713	279
714	276
715	280
716	279
717	279
718	280
719	281
720	274
721	282
722	276
723	276
724	282
725	280
726	283
727	284
728	100
729	100
730	284
731	102
732	284
733	285
734	102
735	102
736	285
737	286
738	286
739	104
740	102
741	104
742	286
743	287
744	117
745	115
746	288
747	289
748	291
749	290
750	290
751	291
752	292
753	291
754	293
755	292
756	292
757	293
758	121
759	121
760	294
761	292
762	292
763	294
764	290
765	294
766	295
767	290
768	295
769	294
770	296
771	294
772	297
773	296
774	297
775	294
776	298
777	294
778	299
779	298
780	298
781	299
782	300
783	299
784	301
785	300
786	301
787	299
788	294
789	294
790	302
791	301
792	301
793	302
794	123
795	302
796	121
797	123
798	121
799	302
800	294
801	303
802	304
803	107
804	107
805	304
806	109
807	304
808	305
809	109
810	109
811	305
812	306
813	306
814	111
815	109
816	298
817	300
818	307
819	307
820	300
821	308
822	300
823	309
824	308
825	310
826	139
827	311
828	139
829	141
830	311
831	312
832	159
833	313
834	313
835	159
836	158
837	159
838	314
839	158
840	315
841	316
842	317
843	316
844	318
845	317
846	317
847	318
848	319
849	318
850	320
851	319
852	320
853	318
854	321
855	318
856	322
857	321
858	321
859	322
860	323
861	322
862	324
863	323
864	324
865	322
866	325
867	322
868	318
869	325
870	325
871	318
872	316
873	325
874	326
875	324
876	324
877	326
878	327
879	162
880	159
881	328
882	328
883	159
884	329
885	159
886	158
887	329
888	330
889	331
890	332
891	333
892	335
893	334
894	334
895	335
896	336
897	335
898	337
899	336
900	337
901	335
902	338
903	335
904	339
905	338
906	338
907	339
908	340
909	339
910	341
911	340
912	340
913	341
914	342
915	342
916	343
917	340
918	344
919	345
920	339
921	345
922	346
923	339
924	339
925	346
926	341
927	346
928	342
929	341
930	347
931	348
932	349
933	348
934	350
935	349
936	349
937	350
938	351
939	350
940	352
941	351
942	349
943	351
944	353
945	353
946	351
947	354
948	351
949	355
950	354
951	355
952	351
953	356
954	351
955	357
956	356
957	358
958	359
959	356
960	359
961	360
962	356
963	356
964	360
965	361
966	361
967	355
968	356
969	362
970	363
971	364
972	363
973	365
974	364
975	364
976	365
977	366
978	366
979	367
980	364
981	364
982	367
983	362
984	368
985	370
986	369
987	369
988	370
989	371
990	372
991	374
992	373
993	373
994	374
995	375
996	374
997	376
998	375
999	377
1000	378
1001	379
1002	378
1003	380
1004	379
1005	379
1006	380
1007	381
1008	380
1009	382
1010	381
1011	381
1012	382
1013	383
1014	382
1015	384
1016	383
1017	383
1018	384
1019	385
1020	384
1021	386
1022	385
1023	380
1024	387
1025	382
1026	382
1027	387
1028	384
1029	387
1030	388
1031	384
1032	389
1033	368
1034	369
1035	390
1036	392
1037	391
1038	391
1039	392
1040	393
1041	393
1042	394
1043	391
1044	391
1045	394
1046	395
1047	396
1048	394
1049	397
1050	397
1051	394
1052	398
1053	394
1054	399
1055	398
1056	398
1057	399
1058	400
1059	399
1060	401
1061	400
1062	400
1063	401
1064	402
1065	401
1066	399
1067	403
1068	403
1069	399
1070	394
1071	394
1072	393
1073	403
1074	403
1075	393
1076	404
1077	393
1078	405
1079	404
1080	404
1081	405
1082	406
1083	406
1084	403
1085	404
1086	385
1087	407
1088	383
1089	407
1090	408
1091	383
1092	383
1093	408
1094	377
1095	408
1096	409
1097	377
1098	409
1099	408
1100	410
1101	408
1102	411
1103	410
1104	412
1105	414
1106	413
1107	413
1108	414
1109	415
1110	414
1111	416
1112	415
1113	415
1114	416
1115	417
1116	417
1117	418
1118	415
1119	415
1120	418
1121	419
1122	419
1123	420
1124	415
1125	420
1126	419
1127	421
1128	422
1129	424
1130	423
1131	423
1132	424
1133	425
1134	424
1135	426
1136	425
1137	427
1138	429
1139	428
1140	428
1141	429
1142	430
1143	429
1144	431
1145	430
1146	432
1147	433
1148	434
1149	433
1150	435
1151	434
1152	434
1153	435
1154	436
1155	435
1156	437
1157	436
1158	436
1159	437
1160	438
1161	439
1162	440
1163	441
1164	440
1165	442
1166	441
1167	441
1168	442
1169	443
1170	444
1171	446
1172	445
1173	445
1174	446
1175	447
1176	446
1177	448
1178	447
1179	449
1180	451
1181	450
1182	450
1183	451
1184	452
1185	451
1186	453
1187	452
1188	454
1189	455
1190	456
1191	455
1192	457
1193	456
1194	458
1195	459
1196	460
1197	459
1198	461
1199	460
1200	460
1201	461
1202	462
1203	461
1204	463
1205	462
1206	463
1207	461
1208	464
1209	465
1210	466
1211	467
1212	466
1213	468
1214	467
1215	467
1216	468
1217	469
1218	468
1219	470
1220	469
1221	469
1222	470
1223	471
1224	470
1225	472
1226	471
1227	471
1228	472
1229	473
1230	420
1231	474
1232	415
1233	474
1234	475
1235	415
1236	415
1237	475
1238	413
1239	475
1240	476
1241	413
1242	413
1243	476
1244	477
1245	477
1246	478
1247	413
1248	413
1249	478
1250	479
1251	479
1252	480
1253	413
1254	413
1255	480
1256	481
1257	481
1258	412
1259	413
1260	412
1261	481
1262	482
1263	483
1264	485
1265	484
1266	484
1267	485
1268	486
1269	487
1270	489
1271	488
1272	488
1273	489
1274	490
1275	489
1276	491
1277	490
1278	490
1279	491
1280	492
1281	492
1282	493
1283	490
1284	494
1285	495
1286	496
1287	497
1288	499
1289	498
1290	498
1291	499
1292	500
1293	500
1294	501
1295	498
1296	498
1297	501
1298	502
1299	501
1300	503
1301	502
1302	502
1303	503
1304	504
1305	504
1306	505
1307	502
1308	505
1309	504
1310	503
1311	503
1312	506
1313	505
1314	505
1315	506
1316	507
1317	508
1318	509
1319	510
1320	509
1321	511
1322	510
1323	510
1324	511
1325	512
1326	511
1327	513
1328	512
1329	513
1330	511
1331	514
1332	511
1333	515
1334	514
1335	516
1336	517
1337	518
1338	517
1339	519
1340	518
1341	518
1342	519
1343	520
1344	520
1345	521
1346	518
1347	521
1348	520
1349	522
1350	520
1351	523
1352	522
1353	522
1354	523
1355	524
1356	523
1357	525
1358	524
1359	525
1360	523
1361	526
1362	523
1363	527
1364	526
1365	527
1366	523
1367	520
1368	520
1369	519
1370	527
1371	527
1372	519
1373	528
1374	519
1375	517
1376	528
1377	528
1378	517
1379	529
1380	517
1381	530
1382	529
1383	531
1384	532
1385	533
1386	532
1387	534
1388	533
1389	533
1390	534
1391	535
1392	534
1393	536
1394	535
1395	535
1396	536
1397	537
1398	538
1399	540
1400	539
1401	539
1402	540
1403	541
1404	540
1405	542
1406	541
1407	541
1408	542
1409	543
1410	542
1411	544
1412	543
1413	545
1414	546
1415	547
1416	548
1417	550
1418	549
1419	551
1420	552
1421	553
1422	554
1423	556
1424	555
1425	555
1426	556
1427	557
1428	558
1429	560
1430	559
1431	559
1432	560
1433	561
1434	560
1435	562
1436	561
1437	561
1438	562
1439	563
1440	562
1441	564
1442	563
1443	564
1444	562
1445	565
1446	566
1447	568
1448	567
1449	567
1450	568
1451	569
1452	568
1453	570
1454	569
1455	569
1456	570
1457	571
1458	570
1459	572
1460	571
1461	571
1462	572
1463	573
1464	572
1465	574
1466	573
1467	575
1468	577
1469	576
1470	576
1471	577
1472	578
1473	577
1474	579
1475	578
1476	578
1477	579
1478	580
1479	579
1480	581
1481	580
1482	580
1483	581
1484	582
1485	583
1486	584
1487	577
1488	584
1489	585
1490	577
1491	577
1492	585
1493	579
1494	585
1495	586
1496	579
1497	587
1498	588
1499	589
1500	588
1501	590
1502	589
1503	589
1504	590
1505	591
1506	591
1507	592
1508	589
1509	589
1510	592
1511	593
1512	593
1513	594
1514	589
1515	589
1516	594
1517	595
1518	595
1519	596
1520	589
1521	597
1522	598
1523	599
1524	600
1525	602
1526	601
1527	601
1528	602
1529	603
1530	602
1531	604
1532	603
1533	605
1534	606
1535	607
1536	606
1537	608
1538	607
1539	608
1540	606
1541	609
1542	606
1543	610
1544	609
1545	611
1546	613
1547	612
1548	612
1549	613
1550	614
1551	613
1552	615
1553	614
1554	616
1555	617
1556	618
1557	617
1558	619
1559	618
1560	620
1561	601
1562	603
1563	569
1564	621
1565	567
1566	567
1567	621
1568	622
1569	621
1570	623
1571	622
1572	623
1573	621
1574	624
1575	625
1576	626
1577	627
1578	626
1579	628
1580	627
1581	627
1582	628
1583	629
1584	569
1585	571
1586	630
1587	630
1588	571
1589	631
1590	571
1591	632
1592	631
1593	631
1594	632
1595	633
1596	634
1597	636
1598	635
1599	635
1600	636
1601	637
1602	636
1603	638
1604	637
1605	638
1606	636
1607	639
1608	478
1609	477
1610	640
1611	640
1612	477
1613	641
1614	412
1615	413
1616	642
1617	643
1618	416
1619	412
1620	416
1621	414
1622	412
1623	437
1624	435
1625	644
1626	435
1627	433
1628	644
1629	645
1630	647
1631	646
1632	646
1633	647
1634	648
1635	647
1636	649
1637	648
1638	648
1639	649
1640	650
1641	650
1642	651
1643	648
1644	651
1645	650
1646	652
1647	650
1648	653
1649	652
1650	652
1651	653
1652	654
1653	653
1654	655
1655	654
1656	654
1657	655
1658	656
1659	655
1660	657
1661	656
1662	657
1663	655
1664	658
1665	655
1666	659
1667	658
1668	659
1669	655
1670	660
1671	655
1672	661
1673	660
1674	661
1675	655
1676	653
1677	653
1678	662
1679	661
1680	662
1681	653
1682	650
1683	650
1684	663
1685	662
1686	662
1687	663
1688	649
1689	663
1690	650
1691	649
1692	657
1693	658
1694	664
1695	658
1696	665
1697	664
1698	666
1699	667
1700	489
1701	667
1702	491
1703	489
1704	668
1705	669
1706	670
1707	669
1708	671
1709	670
1710	670
1711	671
1712	672
1713	671
1714	673
1715	672
1716	673
1717	671
1718	674
1719	674
1720	675
1721	673
1722	675
1723	674
1724	676
1725	674
1726	677
1727	676
1728	676
1729	677
1730	678
1731	677
1732	679
1733	678
1734	679
1735	677
1736	680
1737	680
1738	681
1739	679
1740	681
1741	680
1742	682
1743	680
1744	683
1745	682
1746	682
1747	683
1748	684
1749	683
1750	685
1751	684
1752	685
1753	683
1754	686
1755	686
1756	687
1757	685
1758	687
1759	686
1760	688
1761	686
1762	689
1763	688
1764	688
1765	689
1766	690
1767	689
1768	691
1769	690
1770	691
1771	689
1772	692
1773	689
1774	686
1775	693
1776	686
1777	694
1778	693
1779	694
1780	686
1781	683
1782	683
1783	695
1784	694
1785	694
1786	695
1787	696
1788	695
1789	683
1790	696
1791	696
1792	683
1793	680
1794	680
1795	677
1796	696
1797	696
1798	677
1799	697
1800	677
1801	674
1802	697
1803	697
1804	674
1805	698
1806	674
1807	699
1808	698
1809	698
1810	699
1811	669
1812	699
1813	671
1814	669
1815	671
1816	699
1817	674
1818	700
1819	701
1820	532
1821	532
1822	701
1823	534
1824	702
1825	704
1826	703
1827	705
1828	706
1829	707
1830	622
1831	709
1832	708
1833	710
1834	711
1835	712
1836	711
1837	713
1838	712
1839	712
1840	713
1841	714
1842	713
1843	715
1844	714
1845	714
1846	715
1847	716
1848	711
1849	717
1850	713
1851	713
1852	717
1853	715
1854	718
1855	608
1856	719
1857	719
1858	608
1859	720
1860	608
1861	609
1862	720
1863	720
1864	609
1865	721
1866	563
1867	564
1868	558
1869	558
1870	564
1871	722
1872	623
1873	709
1874	566
1875	573
1876	723
1877	571
1878	723
1879	632
1880	571
1881	628
1882	626
1883	724
1884	626
1885	725
1886	724
1887	726
1888	727
1889	728
1890	727
1891	729
1892	728
1893	728
1894	729
1895	730
1896	729
1897	731
1898	730
1899	731
1900	729
1901	727
1902	727
1903	732
1904	731
