0	0.137
1	0.012
2	0.361
3	0.133
4	0.012
5	0.361
6	0.125
7	0.027
8	0.380
9	0.125
10	0.027
11	0.376
12	0.125
13	0.031
14	0.384
15	0.125
16	0.027
17	0.380
18	0.125
19	0.024
20	0.376
21	0.125
22	0.012
23	0.365
24	0.133
25	0.012
26	0.373
27	0.133
28	0.012
29	0.376
30	0.125
31	0.035
32	0.384
33	0.125
34	0.031
35	0.384
36	0.125
37	0.031
38	0.380
39	0.125
40	0.035
41	0.384
42	0.125
43	0.039
44	0.392
45	0.141
46	0.047
47	0.392
48	0.145
49	0.035
50	0.392
51	0.145
52	0.012
53	0.369
54	0.141
55	0.047
56	0.392
57	0.137
58	0.012
59	0.361
60	0.125
61	0.031
62	0.380
63	0.145
64	0.035
65	0.392
66	0.141
67	0.047
68	0.392
69	0.149
70	0.102
71	0.447
72	0.137
73	0.106
74	0.443
75	0.145
76	0.153
77	0.490
78	0.125
79	0.125
80	0.467
81	0.125
82	0.153
83	0.494
84	0.125
85	0.137
86	0.494
87	0.125
88	0.118
89	0.475
90	0.125
91	0.106
92	0.443
93	0.125
94	0.098
95	0.451
96	0.125
97	0.090
98	0.435
99	0.125
100	0.086
101	0.443
102	0.125
103	0.082
104	0.443
105	0.125
106	0.039
107	0.392
108	0.125
109	0.031
110	0.400
111	0.145
112	0.149
113	0.498
114	0.145
115	0.153
116	0.490
117	0.145
118	0.145
119	0.498
120	0.145
121	0.145
122	0.498
123	0.145
124	0.149
125	0.498
126	0.145
127	0.153
128	0.490
129	0.184
130	0.153
131	0.498
132	0.212
133	0.165
134	0.494
135	0.145
136	0.149
137	0.498
138	0.212
139	0.165
140	0.494
141	0.145
142	0.149
143	0.498
144	0.145
145	0.153
146	0.490
147	0.125
148	0.149
149	0.498
150	0.125
151	0.153
152	0.494
153	0.125
154	0.141
155	0.494
156	0.145
157	0.153
158	0.490
159	0.149
160	0.102
161	0.447
162	0.212
163	0.165
164	0.494
165	0.180
166	0.102
167	0.443
168	0.212
169	0.106
170	0.443
171	0.220
172	0.153
173	0.494
174	0.200
175	0.047
176	0.392
177	0.212
178	0.106
179	0.443
180	0.184
181	0.012
182	0.369
183	0.180
184	0.102
185	0.443
186	0.176
187	0.012
188	0.361
189	0.169
190	0.012
191	0.361
192	0.149
193	0.102
194	0.447
195	0.145
196	0.035
197	0.392
198	0.145
199	0.012
200	0.369
201	0.169
202	0.012
203	0.373
204	0.173
205	0.012
206	0.373
207	0.173
208	0.012
209	0.376
210	0.180
211	0.012
212	0.380
213	0.188
214	0.012
215	0.380
216	0.200
217	0.047
218	0.392
219	0.212
220	0.012
221	0.361
222	0.184
223	0.012
224	0.369
225	0.208
226	0.012
227	0.373
228	0.188
229	0.012
230	0.380
231	0.200
232	0.047
233	0.392
234	0.212
235	0.012
236	0.361
237	0.212
238	0.106
239	0.443
240	0.220
241	0.012
242	0.369
243	0.220
244	0.082
245	0.431
246	0.220
247	0.082
248	0.431
249	0.212
250	0.106
251	0.443
252	0.251
253	0.102
254	0.443
255	0.247
256	0.161
257	0.494
258	0.255
259	0.153
260	0.494
261	0.220
262	0.153
263	0.494
264	0.247
265	0.161
266	0.494
267	0.220
268	0.153
269	0.494
270	0.220
271	0.145
272	0.498
273	0.251
274	0.102
275	0.443
276	0.255
277	0.153
278	0.494
279	0.278
280	0.102
281	0.439
282	0.282
283	0.161
284	0.494
285	0.290
286	0.114
287	0.459
288	0.290
289	0.153
290	0.494
291	0.325
292	0.106
293	0.447
294	0.318
295	0.165
296	0.494
297	0.255
298	0.153
299	0.494
300	0.255
301	0.145
302	0.498
303	0.282
304	0.161
305	0.494
306	0.282
307	0.157
308	0.498
309	0.290
310	0.153
311	0.494
312	0.294
313	0.149
314	0.498
315	0.318
316	0.165
317	0.494
318	0.302
319	0.149
320	0.498
321	0.318
322	0.157
323	0.498
324	0.325
325	0.153
326	0.494
327	0.325
328	0.149
329	0.498
330	0.333
331	0.149
332	0.498
333	0.333
334	0.137
335	0.498
336	0.337
337	0.137
338	0.498
339	0.294
340	0.090
341	0.435
342	0.302
343	0.149
344	0.498
345	0.294
346	0.149
347	0.498
348	0.318
349	0.157
350	0.498
351	0.298
352	0.137
353	0.498
354	0.314
355	0.145
356	0.498
357	0.318
358	0.165
359	0.494
360	0.325
361	0.153
362	0.494
363	0.325
364	0.106
365	0.447
366	0.353
367	0.165
368	0.494
369	0.361
370	0.102
371	0.443
372	0.365
373	0.153
374	0.494
375	0.325
376	0.153
377	0.494
378	0.333
379	0.149
380	0.498
381	0.353
382	0.165
383	0.494
384	0.353
385	0.157
386	0.498
387	0.365
388	0.153
389	0.494
390	0.365
391	0.145
392	0.498
393	0.392
394	0.157
395	0.494
396	0.392
397	0.153
398	0.498
399	0.365
400	0.133
401	0.498
402	0.361
403	0.133
404	0.498
405	0.353
406	0.137
407	0.498
408	0.349
409	0.141
410	0.498
411	0.337
412	0.137
413	0.498
414	0.353
415	0.047
416	0.392
417	0.365
418	0.012
419	0.369
420	0.365
421	0.086
422	0.435
423	0.373
424	0.012
425	0.365
426	0.388
427	0.106
428	0.443
429	0.396
430	0.094
431	0.435
432	0.392
433	0.035
434	0.380
435	0.361
436	0.102
437	0.443
438	0.365
439	0.086
440	0.435
441	0.353
442	0.047
443	0.392
444	0.365
445	0.086
446	0.435
447	0.388
448	0.106
449	0.443
450	0.361
451	0.102
452	0.443
453	0.365
454	0.153
455	0.494
456	0.392
457	0.157
458	0.494
459	0.396
460	0.094
461	0.435
462	0.396
463	0.094
464	0.435
465	0.384
466	0.090
467	0.443
468	0.392
469	0.157
470	0.494
471	0.384
472	0.149
473	0.494
474	0.392
475	0.153
476	0.498
477	0.384
478	0.141
479	0.498
480	0.384
481	0.090
482	0.443
483	0.384
484	0.047
485	0.498
486	0.373
487	0.141
488	0.498
489	0.373
490	0.047
491	0.498
492	0.376
493	0.039
494	0.498
495	0.396
496	0.094
497	0.435
498	0.416
499	0.106
500	0.427
501	0.392
502	0.035
503	0.380
504	0.420
505	0.012
506	0.345
507	0.431
508	0.012
509	0.345
510	0.443
511	0.012
512	0.345
513	0.431
514	0.012
515	0.357
516	0.427
517	0.012
518	0.357
519	0.416
520	0.012
521	0.353
522	0.412
523	0.012
524	0.353
525	0.416
526	0.106
527	0.427
528	0.424
529	0.043
530	0.498
531	0.396
532	0.094
533	0.435
534	0.384
535	0.090
536	0.443
537	0.384
538	0.047
539	0.498
540	0.412
541	0.031
542	0.498
543	0.384
544	0.035
545	0.498
546	0.376
547	0.039
548	0.498
549	0.431
550	0.106
551	0.427
552	0.443
553	0.082
554	0.412
555	0.447
556	0.059
557	0.392
558	0.424
559	0.047
560	0.498
561	0.416
562	0.106
563	0.427
564	0.424
565	0.043
566	0.498
567	0.431
568	0.106
569	0.427
570	0.424
571	0.047
572	0.498
573	0.416
574	0.106
575	0.427
576	0.447
577	0.059
578	0.435
579	0.443
580	0.082
581	0.412
582	0.424
583	0.059
584	0.435
585	0.443
586	0.082
587	0.412
588	0.431
589	0.106
590	0.427
591	0.424
592	0.059
593	0.435
594	0.424
595	0.047
596	0.498
597	0.424
598	0.043
599	0.498
600	0.427
601	0.012
602	0.400
603	0.427
604	0.012
605	0.463
606	0.416
607	0.012
608	0.400
609	0.416
610	0.012
611	0.463
612	0.412
613	0.012
614	0.478
615	0.424
616	0.012
617	0.478
618	0.424
619	0.027
620	0.498
621	0.412
622	0.031
623	0.498
624	0.412
625	0.027
626	0.498
627	0.443
628	0.082
629	0.412
630	0.447
631	0.059
632	0.435
633	0.447
634	0.059
635	0.392
636	0.447
637	0.012
638	0.392
639	0.443
640	0.012
641	0.345
642	0.431
643	0.012
644	0.357
645	0.439
646	0.012
647	0.376
648	0.122
649	0.137
650	0.498
651	0.141
652	0.133
653	0.498
654	0.145
655	0.145
656	0.498
657	0.145
658	0.133
659	0.498
660	0.184
661	0.153
662	0.498
663	0.188
664	0.141
665	0.498
666	0.125
667	0.004
668	0.373
669	0.125
670	0.020
671	0.388
672	0.125
673	0.012
674	0.365
675	0.125
676	0.027
677	0.380
678	0.125
679	0.031
680	0.396
681	0.125
682	0.027
683	0.392
684	0.125
685	0.031
686	0.400
687	0.137
688	0.012
689	0.376
690	0.145
691	0.012
692	0.380
693	0.145
694	0.012
695	0.380
696	0.149
697	0.012
698	0.380
699	0.212
700	0.145
701	0.498
702	0.212
703	0.157
704	0.498
705	0.188
706	0.141
707	0.498
708	0.184
709	0.153
710	0.498
711	0.212
712	0.165
713	0.494
714	0.220
715	0.153
716	0.494
717	0.220
718	0.145
719	0.498
720	0.208
721	0.141
722	0.498
723	0.216
724	0.133
725	0.498
726	0.204
727	0.012
728	0.369
729	0.208
730	0.012
731	0.376
732	0.216
733	0.012
734	0.380
735	0.204
736	0.145
737	0.498
738	0.216
739	0.012
740	0.380
741	0.220
742	0.012
743	0.380
744	0.220
745	0.012
746	0.369
747	0.243
748	0.012
749	0.376
750	0.247
751	0.012
752	0.361
753	0.251
754	0.012
755	0.369
756	0.247
757	0.012
758	0.380
759	0.251
760	0.012
761	0.380
762	0.259
763	0.012
764	0.380
765	0.259
766	0.012
767	0.369
768	0.263
769	0.012
770	0.380
771	0.275
772	0.012
773	0.373
774	0.271
775	0.012
776	0.361
777	0.278
778	0.012
779	0.373
780	0.286
781	0.012
782	0.361
783	0.290
784	0.012
785	0.369
786	0.282
787	0.012
788	0.376
789	0.290
790	0.012
791	0.380
792	0.298
793	0.012
794	0.380
795	0.302
796	0.012
797	0.376
798	0.298
799	0.012
800	0.365
801	0.294
802	0.090
803	0.435
804	0.278
805	0.102
806	0.439
807	0.255
808	0.082
809	0.431
810	0.251
811	0.102
812	0.443
813	0.247
814	0.047
815	0.392
816	0.220
817	0.082
818	0.431
819	0.216
820	0.133
821	0.498
822	0.224
823	0.133
824	0.498
825	0.220
826	0.145
827	0.498
828	0.247
829	0.157
830	0.498
831	0.247
832	0.161
833	0.494
834	0.255
835	0.153
836	0.494
837	0.255
838	0.145
839	0.498
840	0.247
841	0.137
842	0.498
843	0.251
844	0.133
845	0.498
846	0.243
847	0.141
848	0.498
849	0.251
850	0.133
851	0.498
852	0.259
853	0.133
854	0.498
855	0.282
856	0.145
857	0.498
858	0.286
859	0.137
860	0.498
861	0.294
862	0.137
863	0.498
864	0.294
865	0.137
866	0.498
867	0.302
868	0.012
869	0.376
870	0.314
871	0.012
872	0.373
873	0.298
874	0.012
875	0.365
876	0.318
877	0.012
878	0.361
879	0.294
880	0.090
881	0.435
882	0.325
883	0.012
884	0.369
885	0.318
886	0.012
887	0.376
888	0.325
889	0.012
890	0.380
891	0.329
892	0.012
893	0.380
894	0.349
895	0.012
896	0.373
897	0.353
898	0.012
899	0.361
900	0.365
901	0.012
902	0.369
903	0.353
904	0.047
905	0.392
906	0.325
907	0.078
908	0.427
909	0.314
910	0.145
911	0.498
912	0.318
913	0.141
914	0.498
915	0.322
916	0.137
917	0.498
918	0.325
919	0.137
920	0.498
921	0.353
922	0.012
923	0.376
924	0.361
925	0.012
926	0.380
927	0.365
928	0.012
929	0.380
930	0.365
931	0.012
932	0.380
933	0.373
934	0.012
935	0.376
936	0.384
937	0.137
938	0.498
939	0.365
940	0.133
941	0.498
942	0.392
943	0.149
944	0.498
945	0.373
946	0.012
947	0.376
948	0.373
949	0.012
950	0.365
951	0.396
952	0.012
953	0.373
954	0.392
955	0.012
956	0.361
957	0.400
958	0.012
959	0.373
960	0.400
961	0.012
962	0.369
963	0.416
964	0.012
965	0.357
966	0.408
967	0.012
968	0.345
969	0.416
970	0.012
971	0.353
972	0.416
973	0.012
974	0.341
975	0.392
976	0.035
977	0.380
978	0.420
979	0.012
980	0.345
981	0.416
982	0.012
983	0.345
984	0.373
985	0.145
986	0.498
987	0.376
988	0.149
989	0.498
990	0.392
991	0.153
992	0.498
993	0.384
994	0.161
995	0.498
996	0.384
997	0.157
998	0.498
999	0.412
1000	0.012
1001	0.478
1002	0.412
1003	0.012
1004	0.486
1005	0.424
1006	0.012
1007	0.478
1008	0.424
1009	0.012
1010	0.490
1011	0.455
1012	0.012
1013	0.490
1014	0.467
1015	0.012
1016	0.478
1017	0.424
1018	0.027
1019	0.498
1020	0.467
1021	0.035
1022	0.498
1023	0.431
1024	0.031
1025	0.498
1026	0.435
1027	0.020
1028	0.498
1029	0.455
1030	0.024
1031	0.498
1032	0.412
1033	0.027
1034	0.498
1035	0.416
1036	0.020
1037	0.498
1038	0.427
1039	0.016
1040	0.498
1041	0.416
1042	0.012
1043	0.400
1044	0.416
1045	0.012
1046	0.392
1047	0.427
1048	0.012
1049	0.400
1050	0.424
1051	0.012
1052	0.388
1053	0.443
1054	0.012
1055	0.396
1056	0.431
1057	0.012
1058	0.384
1059	0.424
1060	0.059
1061	0.435
1062	0.447
1063	0.059
1064	0.435
1065	0.447
1066	0.012
1067	0.392
1068	0.443
1069	0.012
1070	0.388
1071	0.435
1072	0.012
1073	0.388
1074	0.431
1075	0.012
1076	0.388
1077	0.439
1078	0.012
1079	0.376
1080	0.447
1081	0.012
1082	0.376
1083	0.447
1084	0.012
1085	0.384
1086	0.467
1087	0.012
1088	0.478
1089	0.467
1090	0.035
1091	0.498
1092	0.467
1093	0.012
1094	0.498
1095	0.455
1096	0.024
1097	0.498
1098	0.455
1099	0.012
1100	0.498
1101	0.455
1102	0.012
1103	0.490
1104	0.125
1105	0.706
1106	0.349
1107	0.125
1108	0.702
1109	0.361
1110	0.255
1111	0.706
1112	0.349
1113	0.251
1114	0.702
1115	0.361
1116	0.255
1117	0.733
1118	0.376
1119	0.235
1120	0.722
1121	0.380
1122	0.125
1123	0.737
1124	0.373
1125	0.125
1126	0.725
1127	0.380
1128	0.125
1129	0.725
1130	0.373
1131	0.235
1132	0.733
1133	0.365
1134	0.255
1135	0.733
1136	0.376
1137	0.251
1138	0.737
1139	0.365
1140	0.255
1141	0.706
1142	0.349
1143	0.235
1144	0.733
1145	0.365
1146	0.212
1147	0.714
1148	0.349
1149	0.125
1150	0.725
1151	0.361
1152	0.125
1153	0.714
1154	0.349
1155	0.125
1156	0.718
1157	0.369
1158	0.125
1159	0.710
1160	0.361
1161	0.125
1162	0.706
1163	0.349
1164	0.125
1165	0.710
1166	0.357
1167	0.125
1168	0.714
1169	0.357
1170	0.125
1171	0.710
1172	0.357
1173	0.125
1174	0.706
1175	0.365
1176	0.125
1177	0.702
1178	0.361
1179	0.251
1180	0.702
1181	0.361
1182	0.125
1183	0.710
1184	0.365
1185	0.125
1186	0.710
1187	0.361
1188	0.125
1189	0.710
1190	0.353
1191	0.125
1192	0.714
1193	0.357
1194	0.125
1195	0.718
1196	0.361
1197	0.125
1198	0.714
1199	0.373
1200	0.125
1201	0.722
1202	0.365
1203	0.125
1204	0.725
1205	0.380
1206	0.125
1207	0.725
1208	0.365
1209	0.235
1210	0.722
1211	0.380
1212	0.251
1213	0.706
1214	0.365
1215	0.255
1216	0.706
1217	0.349
1218	0.255
1219	0.733
1220	0.376
1221	0.125
1222	0.725
1223	0.376
1224	0.125
1225	0.733
1226	0.369
1227	0.255
1228	0.733
1229	0.376
1230	0.125
1231	0.737
1232	0.373
1233	0.125
1234	0.729
1235	0.373
1236	0.125
1237	0.012
1238	0.624
1239	0.125
1240	0.012
1241	0.620
1242	0.184
1243	0.012
1244	0.624
1245	0.204
1246	0.012
1247	0.624
1248	0.180
1249	0.012
1250	0.612
1251	0.204
1252	0.012
1253	0.612
1254	0.231
1255	0.012
1256	0.612
1257	0.243
1258	0.012
1259	0.624
1260	0.243
1261	0.012
1262	0.616
1263	0.235
1264	0.012
1265	0.616
1266	0.125
1267	0.027
1268	0.620
1269	0.125
1270	0.016
1271	0.616
1272	0.125
1273	0.039
1274	0.631
1275	0.125
1276	0.024
1277	0.604
1278	0.125
1279	0.039
1280	0.616
1281	0.125
1282	0.016
1283	0.616
1284	0.125
1285	0.027
1286	0.620
1287	0.145
1288	0.016
1289	0.616
1290	0.125
1291	0.039
1292	0.631
1293	0.141
1294	0.039
1295	0.635
1296	0.141
1297	0.106
1298	0.561
1299	0.125
1300	0.102
1301	0.561
1302	0.141
1303	0.039
1304	0.635
1305	0.125
1306	0.067
1307	0.604
1308	0.125
1309	0.039
1310	0.631
1311	0.125
1312	0.059
1313	0.592
1314	0.125
1315	0.039
1316	0.616
1317	0.141
1318	0.106
1319	0.561
1320	0.125
1321	0.129
1322	0.525
1323	0.125
1324	0.102
1325	0.561
1326	0.125
1327	0.122
1328	0.518
1329	0.125
1330	0.094
1331	0.553
1332	0.141
1333	0.106
1334	0.561
1335	0.145
1336	0.078
1337	0.576
1338	0.141
1339	0.039
1340	0.635
1341	0.145
1342	0.035
1343	0.624
1344	0.145
1345	0.016
1346	0.616
1347	0.141
1348	0.106
1349	0.561
1350	0.176
1351	0.102
1352	0.565
1353	0.145
1354	0.078
1355	0.576
1356	0.176
1357	0.039
1358	0.635
1359	0.145
1360	0.035
1361	0.624
1362	0.145
1363	0.016
1364	0.616
1365	0.180
1366	0.016
1367	0.616
1368	0.145
1369	0.035
1370	0.624
1371	0.176
1372	0.039
1373	0.635
1374	0.176
1375	0.039
1376	0.635
1377	0.180
1378	0.016
1379	0.616
1380	0.180
1381	0.039
1382	0.627
1383	0.212
1384	0.016
1385	0.612
1386	0.216
1387	0.039
1388	0.631
1389	0.247
1390	0.039
1391	0.635
1392	0.243
1393	0.012
1394	0.616
1395	0.176
1396	0.102
1397	0.565
1398	0.176
1399	0.039
1400	0.635
1401	0.184
1402	0.098
1403	0.557
1404	0.180
1405	0.039
1406	0.627
1407	0.212
1408	0.102
1409	0.561
1410	0.216
1411	0.039
1412	0.631
1413	0.220
1414	0.082
1415	0.576
1416	0.247
1417	0.039
1418	0.635
1419	0.247
1420	0.102
1421	0.561
1422	0.212
1423	0.016
1424	0.612
1425	0.180
1426	0.016
1427	0.616
1428	0.145
1429	0.016
1430	0.616
1431	0.125
1432	0.016
1433	0.616
1434	0.125
1435	0.008
1436	0.608
1437	0.125
1438	0.004
1439	0.612
1440	0.125
1441	0.000
1442	0.616
1443	0.125
1444	0.000
1445	0.620
1446	0.125
1447	0.000
1448	0.624
1449	0.220
1450	0.082
1451	0.576
1452	0.212
1453	0.102
1454	0.561
1455	0.247
1456	0.102
1457	0.561
1458	0.220
1459	0.106
1460	0.549
1461	0.247
1462	0.039
1463	0.635
1464	0.255
1465	0.039
1466	0.624
1467	0.243
1468	0.012
1469	0.616
1470	0.259
1471	0.012
1472	0.604
1473	0.235
1474	0.012
1475	0.604
1476	0.251
1477	0.012
1478	0.592
1479	0.255
1480	0.012
1481	0.592
1482	0.247
1483	0.102
1484	0.561
1485	0.247
1486	0.039
1487	0.635
1488	0.255
1489	0.039
1490	0.624
1491	0.247
1492	0.102
1493	0.561
1494	0.286
1495	0.102
1496	0.561
1497	0.255
1498	0.039
1499	0.624
1500	0.282
1501	0.039
1502	0.635
1503	0.290
1504	0.039
1505	0.624
1506	0.322
1507	0.102
1508	0.565
1509	0.322
1510	0.039
1511	0.631
1512	0.325
1513	0.082
1514	0.576
1515	0.357
1516	0.102
1517	0.565
1518	0.357
1519	0.039
1520	0.635
1521	0.365
1522	0.039
1523	0.624
1524	0.286
1525	0.102
1526	0.561
1527	0.255
1528	0.106
1529	0.545
1530	0.247
1531	0.102
1532	0.561
1533	0.247
1534	0.157
1535	0.498
1536	0.220
1537	0.106
1538	0.549
1539	0.220
1540	0.145
1541	0.498
1542	0.224
1543	0.133
1544	0.498
1545	0.243
1546	0.141
1547	0.498
1548	0.255
1549	0.039
1550	0.624
1551	0.259
1552	0.012
1553	0.604
1554	0.282
1555	0.039
1556	0.635
1557	0.267
1558	0.012
1559	0.608
1560	0.282
1561	0.012
1562	0.608
1563	0.290
1564	0.039
1565	0.624
1566	0.314
1567	0.012
1568	0.608
1569	0.286
1570	0.012
1571	0.604
1572	0.318
1573	0.012
1574	0.596
1575	0.290
1576	0.012
1577	0.592
1578	0.282
1579	0.012
1580	0.592
1581	0.278
1582	0.012
1583	0.596
1584	0.271
1585	0.012
1586	0.596
1587	0.263
1588	0.012
1589	0.592
1590	0.255
1591	0.012
1592	0.592
1593	0.290
1594	0.039
1595	0.624
1596	0.314
1597	0.012
1598	0.608
1599	0.322
1600	0.039
1601	0.631
1602	0.329
1603	0.012
1604	0.608
1605	0.357
1606	0.039
1607	0.635
1608	0.361
1609	0.012
1610	0.608
1611	0.365
1612	0.039
1613	0.624
1614	0.365
1615	0.039
1616	0.624
1617	0.357
1618	0.102
1619	0.565
1620	0.388
1621	0.102
1622	0.561
1623	0.361
1624	0.106
1625	0.549
1626	0.392
1627	0.153
1628	0.498
1629	0.365
1630	0.145
1631	0.498
1632	0.373
1633	0.141
1634	0.498
1635	0.365
1636	0.012
1637	0.608
1638	0.365
1639	0.039
1640	0.624
1641	0.361
1642	0.012
1643	0.608
1644	0.365
1645	0.012
1646	0.604
1647	0.365
1648	0.012
1649	0.608
1650	0.365
1651	0.039
1652	0.624
1653	0.392
1654	0.039
1655	0.635
1656	0.365
1657	0.039
1658	0.624
1659	0.365
1660	0.012
1661	0.604
1662	0.365
1663	0.039
1664	0.624
1665	0.388
1666	0.102
1667	0.561
1668	0.392
1669	0.039
1670	0.635
1671	0.392
1672	0.153
1673	0.498
1674	0.392
1675	0.012
1676	0.608
1677	0.376
1678	0.012
1679	0.608
1680	0.392
1681	0.039
1682	0.635
1683	0.365
1684	0.012
1685	0.608
1686	0.365
1687	0.012
1688	0.604
1689	0.376
1690	0.012
1691	0.608
1692	0.376
1693	0.012
1694	0.596
1695	0.369
1696	0.012
1697	0.592
1698	0.384
1699	0.047
1700	0.498
1701	0.420
1702	0.043
1703	0.498
1704	0.384
1705	0.031
1706	0.514
1707	0.424
1708	0.039
1709	0.506
1710	0.388
1711	0.012
1712	0.541
1713	0.443
1714	0.012
1715	0.541
1716	0.388
1717	0.012
1718	0.545
1719	0.384
1720	0.012
1721	0.533
1722	0.376
1723	0.012
1724	0.537
1725	0.384
1726	0.051
1727	0.541
1728	0.384
1729	0.031
1730	0.514
1731	0.400
1732	0.035
1733	0.537
1734	0.388
1735	0.012
1736	0.541
1737	0.396
1738	0.024
1739	0.553
1740	0.400
1741	0.012
1742	0.565
1743	0.400
1744	0.012
1745	0.576
1746	0.388
1747	0.012
1748	0.569
1749	0.384
1750	0.051
1751	0.541
1752	0.384
1753	0.075
1754	0.573
1755	0.396
1756	0.059
1757	0.576
1758	0.388
1759	0.047
1760	0.600
1761	0.384
1762	0.075
1763	0.573
1764	0.384
1765	0.051
1766	0.541
1767	0.384
1768	0.145
1769	0.498
1770	0.384
1771	0.031
1772	0.514
1773	0.384
1774	0.047
1775	0.498
1776	0.373
1777	0.047
1778	0.498
1779	0.373
1780	0.145
1781	0.498
1782	0.373
1783	0.149
1784	0.498
1785	0.376
1786	0.149
1787	0.498
1788	0.380
1789	0.149
1790	0.498
1791	0.384
1792	0.075
1793	0.573
1794	0.388
1795	0.047
1796	0.600
1797	0.396
1798	0.059
1799	0.576
1800	0.384
1801	0.075
1802	0.573
1803	0.392
1804	0.039
1805	0.620
1806	0.384
1807	0.145
1808	0.498
1809	0.392
1810	0.153
1811	0.498
1812	0.384
1813	0.149
1814	0.498
1815	0.384
1816	0.075
1817	0.573
1818	0.392
1819	0.039
1820	0.620
1821	0.388
1822	0.047
1823	0.600
1824	0.388
1825	0.012
1826	0.576
1827	0.392
1828	0.012
1829	0.608
1830	0.392
1831	0.039
1832	0.635
1833	0.388
1834	0.047
1835	0.600
1836	0.400
1837	0.043
1838	0.604
1839	0.388
1840	0.012
1841	0.576
1842	0.400
1843	0.012
1844	0.576
1845	0.388
1846	0.012
1847	0.565
1848	0.396
1849	0.024
1850	0.553
1851	0.388
1852	0.047
1853	0.600
1854	0.400
1855	0.012
1856	0.576
1857	0.400
1858	0.043
1859	0.604
1860	0.392
1861	0.039
1862	0.635
1863	0.424
1864	0.047
1865	0.498
1866	0.384
1867	0.047
1868	0.498
1869	0.384
1870	0.035
1871	0.498
1872	0.412
1873	0.035
1874	0.498
1875	0.424
1876	0.039
1877	0.506
1878	0.424
1879	0.027
1880	0.498
1881	0.424
1882	0.047
1883	0.498
1884	0.412
1885	0.027
1886	0.498
1887	0.412
1888	0.035
1889	0.498
1890	0.463
1891	0.043
1892	0.506
1893	0.467
1894	0.012
1895	0.541
1896	0.443
1897	0.012
1898	0.529
1899	0.455
1900	0.012
1901	0.529
1902	0.463
1903	0.043
1904	0.506
1905	0.424
1906	0.039
1907	0.506
1908	0.467
1909	0.031
1910	0.498
1911	0.424
1912	0.027
1913	0.498
1914	0.424
1915	0.016
1916	0.498
1917	0.455
1918	0.020
1919	0.498
1920	0.125
1921	0.016
1922	0.604
1923	0.125
1924	0.024
1925	0.604
1926	0.129
1927	0.012
1928	0.620
1929	0.137
1930	0.012
1931	0.612
1932	0.125
1933	0.094
1934	0.553
1935	0.125
1936	0.122
1937	0.518
1938	0.125
1939	0.141
1940	0.490
1941	0.125
1942	0.129
1943	0.525
1944	0.125
1945	0.149
1946	0.498
1947	0.141
1948	0.106
1949	0.561
1950	0.145
1951	0.149
1952	0.498
1953	0.125
1954	0.137
1955	0.498
1956	0.145
1957	0.137
1958	0.498
1959	0.176
1960	0.153
1961	0.498
1962	0.176
1963	0.141
1964	0.498
1965	0.212
1966	0.157
1967	0.498
1968	0.204
1969	0.145
1970	0.498
1971	0.208
1972	0.137
1973	0.498
1974	0.220
1975	0.145
1976	0.498
1977	0.220
1978	0.106
1979	0.549
1980	0.212
1981	0.102
1982	0.561
1983	0.184
1984	0.098
1985	0.557
1986	0.176
1987	0.102
1988	0.565
1989	0.145
1990	0.106
1991	0.549
1992	0.216
1993	0.133
1994	0.498
1995	0.224
1996	0.133
1997	0.498
1998	0.231
1999	0.012
2000	0.616
2001	0.231
2002	0.012
2003	0.612
2004	0.243
2005	0.141
2006	0.498
2007	0.247
2008	0.157
2009	0.498
2010	0.247
2011	0.141
2012	0.498
2013	0.255
2014	0.149
2015	0.498
2016	0.251
2017	0.137
2018	0.498
2019	0.259
2020	0.137
2021	0.498
2022	0.282
2023	0.157
2024	0.498
2025	0.278
2026	0.145
2027	0.498
2028	0.282
2029	0.141
2030	0.498
2031	0.290
2032	0.149
2033	0.498
2034	0.290
2035	0.137
2036	0.498
2037	0.294
2038	0.137
2039	0.498
2040	0.318
2041	0.157
2042	0.498
2043	0.314
2044	0.145
2045	0.498
2046	0.318
2047	0.141
2048	0.498
2049	0.325
2050	0.149
2051	0.498
2052	0.325
2053	0.137
2054	0.498
2055	0.329
2056	0.137
2057	0.498
2058	0.353
2059	0.157
2060	0.498
2061	0.349
2062	0.145
2063	0.498
2064	0.353
2065	0.137
2066	0.498
2067	0.365
2068	0.145
2069	0.498
2070	0.361
2071	0.133
2072	0.498
2073	0.365
2074	0.133
2075	0.498
2076	0.373
2077	0.141
2078	0.498
2079	0.361
2080	0.106
2081	0.549
2082	0.357
2083	0.102
2084	0.565
2085	0.325
2086	0.110
2087	0.541
2088	0.322
2089	0.102
2090	0.565
2091	0.286
2092	0.102
2093	0.561
2094	0.255
2095	0.106
2096	0.545
2097	0.255
2098	0.145
2099	0.498
2100	0.318
2101	0.012
2102	0.596
2103	0.329
2104	0.012
2105	0.596
2106	0.365
2107	0.012
2108	0.608
2109	0.361
2110	0.012
2111	0.596
2112	0.329
2113	0.012
2114	0.596
2115	0.329
2116	0.012
2117	0.596
2118	0.365
2119	0.012
2120	0.608
2121	0.329
2122	0.012
2123	0.608
2124	0.373
2125	0.047
2126	0.498
2127	0.376
2128	0.039
2129	0.498
2130	0.376
2131	0.012
2132	0.537
2133	0.388
2134	0.012
2135	0.545
2136	0.376
2137	0.012
2138	0.549
2139	0.392
2140	0.012
2141	0.553
2142	0.380
2143	0.012
2144	0.557
2145	0.400
2146	0.012
2147	0.565
2148	0.388
2149	0.012
2150	0.569
2151	0.388
2152	0.012
2153	0.541
2154	0.388
2155	0.012
2156	0.565
2157	0.376
2158	0.012
2159	0.569
2160	0.376
2161	0.012
2162	0.580
2163	0.380
2164	0.012
2165	0.596
2166	0.380
2167	0.012
2168	0.596
2169	0.439
2170	0.012
2171	0.529
2172	0.416
2173	0.020
2174	0.498
2175	0.424
2176	0.016
2177	0.498
2178	0.455
2179	0.012
2180	0.529
2181	0.455
2182	0.012
2183	0.498
2184	0.467
2185	0.012
2186	0.541
2187	0.467
2188	0.012
2189	0.498
2190	0.463
2191	0.043
2192	0.506
2193	0.467
2194	0.031
2195	0.498
2196	0.455
2197	0.020
2198	0.498
2199	0.000
2200	0.000
2201	0.000
2202	0.000
2203	0.000
2204	0.000
2205	0.000
2206	0.000
2207	0.000
2208	0.000
2209	0.000
2210	0.000
2211	0.000
2212	0.000
2213	0.000
2214	0.000
2215	0.000
2216	0.000
2217	0.000
2218	0.000
2219	0.000
2220	0.000
2221	0.000
2222	0.000
2223	0.000
2224	0.000
2225	0.000
2226	0.000
2227	0.000
2228	0.000
2229	0.000
2230	0.000
2231	0.000
2232	0.000
2233	0.000
2234	0.000
2235	0.000
2236	0.000
2237	0.000
2238	0.000
2239	0.000
2240	0.000
2241	0.000
2242	0.000
2243	0.000
2244	0.000
2245	0.000
2246	0.000
2247	0.000
2248	0.000
2249	0.000
2250	0.000
2251	0.000
2252	0.000
2253	0.000
2254	0.000
2255	0.000
2256	0.000
2257	0.000
2258	0.000
2259	0.000
2260	0.000
2261	0.000
2262	0.000
2263	0.000
2264	0.000
2265	0.000
2266	0.000
2267	0.000
2268	0.000
2269	0.000
2270	0.000
2271	0.000
2272	0.000
2273	0.000
2274	0.000
2275	0.000
2276	0.000
2277	0.000
2278	0.000
2279	0.000
2280	0.000
2281	0.000
2282	0.000
2283	0.000
2284	0.000
2285	0.000
2286	0.000
2287	0.000
2288	0.000
2289	0.000
2290	0.000
2291	0.000
2292	0.000
2293	0.000
2294	0.000
2295	0.000
2296	0.000
2297	0.000
2298	0.000
2299	0.000
2300	0.000
2301	0.000
2302	0.000
2303	0.000
2304	0.000
2305	0.000
2306	0.000
2307	0.000
2308	0.000
2309	0.000
2310	0.000
2311	0.000
2312	0.000
2313	0.000
2314	0.000
2315	0.000
2316	0.000
2317	0.000
2318	0.000
2319	0.000
2320	0.000
2321	0.000
2322	0.000
2323	0.000
2324	0.000
2325	0.000
2326	0.000
2327	0.000
2328	0.000
2329	0.000
2330	0.000
2331	0.000
2332	0.000
2333	0.000
2334	0.000
2335	0.000
2336	0.000
2337	0.000
2338	0.000
2339	0.000
2340	0.000
2341	0.000
2342	0.000
2343	0.000
2344	0.000
2345	0.000
2346	0.000
2347	0.000
2348	0.000
2349	0.000
2350	0.000
2351	0.000
2352	0.000
2353	0.000
2354	0.000
2355	0.000
2356	0.000
2357	0.000
2358	0.000
2359	0.000
2360	0.000
2361	0.000
2362	0.000
2363	0.000
2364	0.000
2365	0.000
2366	0.000
2367	0.000
2368	0.000
2369	0.000
2370	0.000
2371	0.000
2372	0.000
2373	0.000
2374	0.000
2375	0.000
2376	0.000
2377	0.000
2378	0.000
2379	0.000
2380	0.000
2381	0.000
2382	0.000
2383	0.000
2384	0.000
2385	0.000
2386	0.000
2387	0.000
2388	0.000
2389	0.000
2390	0.000
2391	0.000
2392	0.000
2393	0.000
2394	0.000
2395	0.000
2396	0.000
2397	0.000
2398	0.000
2399	0.000
2400	0.000
2401	0.000
2402	0.000
2403	0.000
2404	0.000
2405	0.000
2406	0.000
2407	0.000
2408	0.000
2409	0.000
2410	0.000
2411	0.000
2412	0.000
2413	0.000
2414	0.000
2415	0.000
2416	0.000
2417	0.000
2418	0.000
2419	0.000
2420	0.000
2421	0.000
2422	0.000
2423	0.000
2424	0.000
2425	0.000
2426	0.000
2427	0.000
2428	0.000
2429	0.000
2430	0.000
2431	0.000
2432	0.000
2433	0.000
2434	0.000
2435	0.000
2436	0.000
2437	0.000
2438	0.000
2439	0.000
2440	0.000
2441	0.000
2442	0.000
2443	0.000
2444	0.000
2445	0.000
2446	0.000
2447	0.000
2448	0.000
2449	0.000
2450	0.000
2451	0.000
2452	0.000
2453	0.000
2454	0.000
2455	0.000
2456	0.000
2457	0.000
2458	0.000
2459	0.000
2460	0.000
2461	0.000
2462	0.000
2463	0.000
2464	0.000
2465	0.000
2466	0.000
2467	0.000
2468	0.000
2469	0.000
2470	0.000
2471	0.000
2472	0.000
2473	0.000
2474	0.000
2475	0.000
2476	0.000
2477	0.000
2478	0.000
2479	0.000
2480	0.000
2481	0.000
2482	0.000
2483	0.000
2484	0.000
2485	0.000
2486	0.000
2487	0.000
2488	0.000
2489	0.000
2490	0.000
2491	0.000
2492	0.000
2493	0.000
2494	0.000
2495	0.000
2496	0.000
2497	0.000
2498	0.000
2499	0.000
2500	0.000
2501	0.000
2502	0.000
2503	0.000
2504	0.000
2505	0.000
2506	0.000
2507	0.000
2508	0.000
2509	0.000
2510	0.000
2511	0.000
2512	0.000
2513	0.000
2514	0.000
2515	0.000
2516	0.000
2517	0.000
2518	0.000
2519	0.000
2520	0.000
2521	0.000
2522	0.000
2523	0.000
2524	0.000
2525	0.000
2526	0.000
2527	0.000
2528	0.000
2529	0.000
2530	0.000
2531	0.000
2532	0.000
2533	0.000
2534	0.000
2535	0.000
2536	0.000
2537	0.000
2538	0.000
2539	0.000
2540	0.000
2541	0.000
2542	0.000
2543	0.000
2544	0.000
2545	0.000
2546	0.000
2547	0.000
2548	0.000
2549	0.000
2550	0.000
2551	0.000
2552	0.000
2553	0.000
2554	0.000
2555	0.000
2556	0.000
2557	0.000
2558	0.000
2559	0.000
2560	0.000
2561	0.000
2562	0.000
2563	0.000
2564	0.000
2565	0.000
2566	0.000
2567	0.000
2568	0.000
2569	0.000
2570	0.000
2571	0.000
2572	0.000
2573	0.000
2574	0.000
2575	0.000
2576	0.000
2577	0.000
2578	0.000
2579	0.000
2580	0.000
2581	0.000
2582	0.000
2583	0.000
2584	0.000
2585	0.000
2586	0.000
2587	0.000
2588	0.000
2589	0.000
2590	0.000
2591	0.000
2592	0.000
2593	0.000
2594	0.000
2595	0.000
2596	0.000
2597	0.000
2598	0.000
2599	0.000
2600	0.000
2601	0.000
2602	0.000
2603	0.000
2604	0.000
2605	0.000
2606	0.000
2607	0.000
2608	0.000
2609	0.000
2610	0.000
2611	0.000
2612	0.000
2613	0.000
2614	0.000
2615	0.000
2616	0.000
2617	0.000
2618	0.000
2619	0.000
2620	0.000
2621	0.000
2622	0.000
2623	0.000
2624	0.000
2625	0.000
2626	0.000
2627	0.000
2628	0.000
2629	0.000
2630	0.000
2631	0.000
2632	0.000
2633	0.000
2634	0.000
2635	0.000
2636	0.000
2637	0.000
2638	0.000
2639	0.000
2640	0.000
2641	0.000
2642	0.000
2643	0.000
2644	0.000
2645	0.000
2646	0.000
2647	0.000
2648	0.000
2649	0.000
2650	0.000
2651	0.000
2652	0.000
2653	0.000
2654	0.000
2655	0.000
2656	0.000
2657	0.000
2658	0.000
2659	0.000
2660	0.000
2661	0.000
2662	0.000
2663	0.000
2664	0.000
2665	0.000
2666	0.000
2667	0.000
2668	0.000
2669	0.000
2670	0.000
2671	0.000
2672	0.000
2673	0.000
2674	0.000
2675	0.000
2676	0.000
2677	0.000
2678	0.000
2679	0.000
2680	0.000
2681	0.000
2682	0.000
2683	0.000
2684	0.000
2685	0.000
2686	0.000
2687	0.000
2688	0.000
2689	0.000
2690	0.000
2691	0.000
2692	0.000
2693	0.000
2694	0.000
2695	0.000
2696	0.000
2697	0.000
2698	0.000
2699	0.000
2700	0.000
2701	0.000
2702	0.000
2703	0.000
2704	0.000
2705	0.000
2706	0.000
2707	0.000
2708	0.000
2709	0.000
2710	0.000
2711	0.000
2712	0.000
2713	0.000
2714	0.000
2715	0.000
2716	0.000
2717	0.000
2718	0.000
2719	0.000
2720	0.000
2721	0.000
2722	0.000
2723	0.000
2724	0.000
2725	0.000
2726	0.000
2727	0.000
2728	0.000
2729	0.000
2730	0.000
2731	0.000
2732	0.000
2733	0.000
2734	0.000
2735	0.000
2736	0.000
2737	0.000
2738	0.000
2739	0.000
2740	0.000
2741	0.000
2742	0.000
2743	0.000
2744	0.000
2745	0.000
2746	0.000
2747	0.000
2748	0.000
2749	0.000
2750	0.000
2751	0.000
2752	0.000
2753	0.000
2754	0.000
2755	0.000
2756	0.000
2757	0.000
2758	0.000
2759	0.000
2760	0.000
2761	0.000
2762	0.000
2763	0.000
2764	0.000
2765	0.000
2766	0.000
2767	0.000
2768	0.000
2769	0.000
2770	0.000
2771	0.000
2772	0.000
2773	0.000
2774	0.000
2775	0.000
2776	0.000
2777	0.000
2778	0.000
2779	0.000
2780	0.000
2781	0.000
2782	0.000
2783	0.000
2784	0.000
2785	0.000
2786	0.000
2787	0.000
2788	0.000
2789	0.000
2790	0.000
2791	0.000
2792	0.000
2793	0.000
2794	0.000
2795	0.000
2796	0.000
2797	0.000
2798	0.000
2799	0.000
2800	0.000
2801	0.000
2802	0.000
2803	0.000
2804	0.000
2805	0.000
2806	0.000
2807	0.000
2808	0.000
2809	0.000
2810	0.000
2811	0.000
2812	0.000
2813	0.000
2814	0.000
2815	0.000
2816	0.000
2817	0.000
2818	0.000
2819	0.000
2820	0.000
2821	0.000
2822	0.000
2823	0.000
2824	0.000
2825	0.000
2826	0.000
2827	0.000
2828	0.000
2829	0.000
2830	0.000
2831	0.000
2832	0.000
2833	0.000
2834	0.000
2835	0.000
2836	0.000
2837	0.000
2838	0.000
2839	0.000
2840	0.000
2841	0.000
2842	0.000
2843	0.000
2844	0.000
2845	0.000
2846	0.000
2847	0.000
2848	0.000
2849	0.000
2850	0.000
2851	0.000
2852	0.000
2853	0.000
2854	0.000
2855	0.000
2856	0.000
2857	0.000
2858	0.000
2859	0.000
2860	0.000
2861	0.000
2862	0.000
2863	0.000
2864	0.000
2865	0.000
2866	0.000
2867	0.000
2868	0.000
2869	0.000
2870	0.000
2871	0.000
2872	0.000
2873	0.000
2874	0.000
2875	0.000
2876	0.000
2877	0.000
2878	0.000
2879	0.000
2880	0.000
2881	0.000
2882	0.000
2883	0.000
2884	0.000
2885	0.000
2886	0.000
2887	0.000
2888	0.000
2889	0.000
2890	0.000
2891	0.000
2892	0.000
2893	0.000
2894	0.000
2895	0.000
2896	0.000
2897	0.000
2898	0.000
2899	0.000
2900	0.000
2901	0.000
2902	0.000
2903	0.000
2904	0.000
2905	0.000
2906	0.000
2907	0.000
2908	0.000
2909	0.000
2910	0.000
2911	0.000
2912	0.000
2913	0.000
2914	0.000
2915	0.000
2916	0.000
2917	0.000
2918	0.000
2919	0.000
2920	0.000
2921	0.000
2922	0.000
2923	0.000
2924	0.000
2925	0.000
2926	0.000
2927	0.000
2928	0.000
2929	0.000
2930	0.000
2931	0.000
2932	0.646
2933	0.709
2934	0.646
2935	0.713
2936	0.627
2937	0.729
2938	0.631
2939	0.729
2940	0.623
2941	0.732
2942	0.627
2943	0.732
2944	0.635
2945	0.732
2946	0.650
2947	0.721
2948	0.646
2949	0.713
2950	0.650
2951	0.721
2952	0.580
2953	0.998
2954	0.580
2955	0.994
2956	0.576
2957	0.994
2958	0.580
2959	0.990
2960	0.588
2961	0.986
2962	0.604
2963	0.994
2964	0.604
2965	0.752
2966	0.592
2967	0.717
2968	0.615
2969	0.756
2970	0.600
2971	0.709
2972	0.623
2973	0.729
2974	0.779
2975	0.998
2976	0.771
2977	0.990
2978	0.779
2979	0.920
2980	0.768
2981	0.920
2982	0.775
2983	0.854
2984	0.756
2985	0.889
2986	0.756
2987	0.850
2988	0.756
2989	0.850
2990	0.756
2991	0.889
2992	0.756
2993	0.920
2994	0.756
2995	0.920
2996	0.756
2997	0.936
2998	0.756
2999	0.920
3000	0.756
3001	0.936
3002	0.756
3003	0.998
3004	0.756
3005	0.998
3006	0.639
3007	0.990
3008	0.643
3009	0.998
3010	0.635
3011	0.990
3012	0.807
3013	0.990
3014	0.803
3015	0.990
3016	0.799
3017	0.998
3018	0.041
3019	0.986
3020	0.072
3021	0.986
3022	0.002
3023	0.998
3024	0.998
3025	0.920
3026	0.990
3027	0.979
3028	0.998
3029	0.979
3030	0.990
3031	0.998
3032	0.994
3033	0.998
3034	0.994
3035	0.998
3036	0.521
3037	0.775
3038	0.564
3039	0.822
3040	0.564
3041	0.729
3042	0.588
3043	0.807
3044	0.611
3045	0.787
3046	0.580
3047	0.729
3048	0.002
3049	0.842
3050	0.010
3051	0.916
3052	0.010
3053	0.799
3054	0.037
3055	0.908
3056	0.018
3057	0.791
3058	0.025
3059	0.791
3060	0.068
3061	0.904
3062	0.057
3063	0.822
3064	0.049
3065	0.791
3066	0.025
3067	0.791
3068	0.018
3069	0.791
3070	0.010
3071	0.799
3072	0.010
3073	0.799
3074	0.010
3075	0.799
3076	0.541
3077	0.740
3078	0.521
3079	0.697
3080	0.549
3081	0.697
3082	0.521
3083	0.697
3084	0.549
3085	0.697
3086	0.447
3087	0.869
3088	0.494
3089	0.877
3090	0.381
3091	0.830
3092	0.494
3093	0.865
3094	0.408
3095	0.830
3096	0.846
3097	0.838
3098	0.822
3099	0.818
3100	0.857
3101	0.799
3102	0.814
3103	0.736
3104	0.826
3105	0.736
3106	0.795
3107	0.756
3108	0.498
3109	0.865
3110	0.506
3111	0.838
3112	0.514
3113	0.838
3114	0.186
3115	0.838
3116	0.150
3117	0.779
3118	0.209
3119	0.826
3120	0.170
3121	0.760
3122	0.209
3123	0.803
3124	0.182
3125	0.760
3126	0.244
3127	0.795
3128	0.201
3129	0.736
3130	0.518
3131	0.717
3132	0.525
3133	0.725
3134	0.494
3135	0.736
3136	0.498
3137	0.740
3138	0.494
3139	0.748
3140	0.498
3141	0.752
3142	0.482
3143	0.775
3144	0.498
3145	0.760
3146	0.490
3147	0.775
3148	0.490
3149	0.783
3150	0.494
3151	0.783
3152	0.494
3153	0.791
3154	0.494
3155	0.791
3156	0.494
3157	0.791
3158	0.229
3159	0.826
3160	0.623
3161	0.990
3162	0.631
3163	0.990
3164	0.607
3165	0.998
3166	0.631
3167	0.990
3168	0.607
3169	0.998
3170	0.002
3171	0.975
3172	0.010
3173	0.963
3174	0.076
3175	0.959
3176	0.002
3177	0.936
3178	0.080
3179	0.924
3180	0.010
3181	0.920
3182	0.189
3183	0.916
3184	0.186
3185	0.908
3186	0.201
3187	0.889
3188	0.193
3189	0.889
3190	0.193
3191	0.877
3192	0.186
3193	0.877
3194	0.197
3195	0.854
3196	0.193
3197	0.854
3198	0.186
3199	0.877
3200	0.186
3201	0.877
3202	0.186
3203	0.877
3204	0.193
3205	0.889
3206	0.186
3207	0.908
3208	0.357
3209	0.818
3210	0.330
3211	0.783
3212	0.361
3213	0.877
3214	0.322
3215	0.783
3216	0.346
3217	0.904
3218	0.334
3219	0.893
3220	0.311
3221	0.814
3222	0.654
3223	0.787
3224	0.674
3225	0.787
3226	0.721
3227	0.818
3228	0.631
3229	0.740
3230	0.646
3231	0.768
3232	0.650
3233	0.740
3234	0.721
3235	0.760
3236	0.717
3237	0.787
3238	0.631
3239	0.771
3240	0.490
3241	0.893
3242	0.502
3243	0.896
3244	0.529
3245	0.838
3246	0.533
3247	0.846
3248	0.533
3249	0.838
3250	0.541
3251	0.846
3252	0.561
3253	0.908
3254	0.615
3255	0.881
3256	0.541
3257	0.846
3258	0.615
3259	0.881
3260	0.615
3261	0.881
3262	0.459
3263	0.955
3264	0.459
3265	0.932
3266	0.541
3267	0.967
3268	0.588
3269	0.943
3270	0.588
3271	0.932
3272	0.588
3273	0.920
3274	0.588
3275	0.932
3276	0.588
3277	0.932
3278	0.588
3279	0.943
3280	0.588
3281	0.943
3282	0.400
3283	0.709
3284	0.447
3285	0.791
3286	0.424
3287	0.709
3288	0.439
3289	0.709
3290	0.479
3291	0.768
3292	0.447
3293	0.791
3294	0.479
3295	0.768
3296	0.479
3297	0.768
3298	0.463
3299	0.916
3300	0.490
3301	0.908
3302	0.521
3303	0.908
3304	0.830
3305	0.701
3306	0.889
3307	0.771
3308	0.826
3309	0.701
3310	0.967
3311	0.908
3312	0.975
3313	0.998
3314	0.982
3315	0.908
3316	0.068
3317	0.768
3318	0.064
3319	0.799
3320	0.045
3321	0.768
3322	0.908
3323	0.803
3324	0.885
3325	0.783
3326	0.932
3327	0.775
3328	0.943
3329	0.713
3330	0.947
3331	0.713
3332	0.979
3333	0.811
3334	0.979
3335	0.748
3336	0.979
3337	0.811
3338	0.979
3339	0.748
3340	0.979
3341	0.732
3342	0.979
3343	0.732
3344	0.963
3345	0.713
3346	0.963
3347	0.713
3348	0.963
3349	0.713
3350	0.428
3351	0.771
3352	0.424
3353	0.803
3354	0.396
3355	0.771
3356	0.361
3357	0.803
3358	0.330
3359	0.768
3360	0.330
3361	0.768
3362	0.361
3363	0.803
3364	0.990
3365	0.998
3366	0.986
3367	0.979
3368	0.986
3369	0.979
3370	0.986
3371	0.979
3372	0.994
3373	0.939
3374	0.994
3375	0.939
3376	0.998
3377	0.893
3378	0.998
3379	0.916
3380	0.986
3381	0.893
3382	0.986
3383	0.916
3384	0.580
3385	0.998
3386	0.580
3387	0.990
3388	0.588
3389	0.986
3390	0.592
3391	0.717
3392	0.592
3393	0.717
3394	0.049
3395	0.791
3396	0.049
3397	0.791
3398	0.217
3399	0.920
3400	0.217
3401	0.920
3402	0.225
3403	0.947
3404	0.225
3405	0.947
3406	0.225
3407	0.916
3408	0.213
3409	0.912
3410	0.205
3411	0.912
3412	0.205
3413	0.912
3414	0.205
3415	0.912
3416	0.494
3417	0.877
3418	0.494
3419	0.865
3420	0.494
3421	0.865
3422	0.217
3423	0.920
3424	0.463
3425	0.900
3426	0.463
3427	0.900
3428	0.463
3429	0.900
3430	0.436
3431	0.881
3432	0.443
3433	0.881
3434	0.436
3435	0.881
3436	0.436
3437	0.881
3438	0.436
3439	0.881
3440	0.428
3441	0.877
3442	0.428
3443	0.877
3444	0.428
3445	0.877
3446	0.420
3447	0.865
3448	0.420
3449	0.865
3450	0.400
3451	0.857
3452	0.408
3453	0.857
3454	0.400
3455	0.857
3456	0.400
3457	0.857
3458	0.400
3459	0.857
3460	0.400
3461	0.857
3462	0.396
3463	0.850
3464	0.396
3465	0.850
3466	0.338
3467	0.943
3468	0.346
3469	0.963
3470	0.377
3471	0.959
3472	0.373
3473	0.982
3474	0.416
3475	0.920
3476	0.412
3477	0.979
3478	0.330
3479	0.939
3480	0.330
3481	0.939
3482	0.330
3483	0.939
3484	0.326
3485	0.959
3486	0.322
3487	0.959
3488	0.326
3489	0.967
3490	0.334
3491	0.967
3492	0.334
3493	0.967
3494	0.334
3495	0.967
3496	0.326
3497	0.959
3498	0.525
3499	0.725
3500	0.525
3501	0.725
3502	0.498
3503	0.740
3504	0.498
3505	0.752
3506	0.498
3507	0.752
3508	0.631
3509	0.990
3510	0.197
3511	0.967
3512	0.197
3513	0.967
3514	0.197
3515	0.998
3516	0.201
3517	0.979
3518	0.092
3519	0.990
3520	0.197
3521	0.967
3522	0.197
3523	0.967
3524	0.197
3525	0.967
3526	0.197
3527	0.967
3528	0.209
3529	0.939
3530	0.209
3531	0.939
3532	0.205
3533	0.924
3534	0.158
3535	0.928
3536	0.111
3537	0.959
3538	0.490
3539	0.775
3540	0.494
3541	0.783
3542	0.494
3543	0.783
3544	0.494
3545	0.783
3546	0.205
3547	0.924
3548	0.205
3549	0.924
3550	0.205
3551	0.924
3552	0.330
3553	0.783
3554	0.322
3555	0.783
3556	0.541
3557	0.846
3558	0.541
3559	0.846
3560	0.541
3561	0.846
3562	0.807
3563	0.729
3564	0.807
3565	0.729
3566	0.795
3567	0.713
3568	0.795
3569	0.713
3570	0.795
3571	0.713
3572	0.795
3573	0.713
3574	0.787
3575	0.693
3576	0.787
3577	0.693
3578	0.783
3579	0.686
3580	0.783
3581	0.686
3582	0.771
3583	0.736
3584	0.775
3585	0.686
3586	0.775
3587	0.686
3588	0.541
3589	0.846
3590	0.541
3591	0.846
3592	0.084
3593	0.998
3594	0.076
3595	0.990
3596	0.080
3597	0.990
3598	0.268
3599	0.721
3600	0.268
3601	0.721
3602	0.268
3603	0.721
3604	0.268
3605	0.721
3606	0.307
3607	0.736
3608	0.307
3609	0.736
3610	0.279
3611	0.697
3612	0.318
3613	0.709
3614	0.287
3615	0.697
3616	0.287
3617	0.697
3618	0.318
3619	0.709
3620	0.279
3621	0.697
3622	0.279
3623	0.697
3624	0.279
3625	0.697
3626	0.350
3627	0.705
3628	0.350
3629	0.705
3630	0.350
3631	0.705
3632	0.350
3633	0.705
3634	0.354
3635	0.693
3636	0.350
3637	0.705
3638	0.385
3639	0.729
3640	0.393
3641	0.713
3642	0.354
3643	0.689
3644	0.350
3645	0.689
3646	0.354
3647	0.693
3648	0.350
3649	0.689
3650	0.350
3651	0.689
3652	0.350
3653	0.689
3654	0.354
3655	0.689
3656	0.486
3657	0.881
3658	0.467
3659	0.904
3660	0.467
3661	0.881
3662	0.467
3663	0.904
3664	0.467
3665	0.904
3666	0.467
3667	0.881
3668	0.740
3669	0.955
3670	0.752
3671	0.951
3672	0.701
3673	0.830
3674	0.713
3675	0.830
3676	0.951
3677	0.998
3678	0.963
3679	0.979
3680	0.943
3681	0.869
3682	0.959
3683	0.869
3684	0.943
3685	0.869
3686	0.611
3687	0.951
3688	0.596
3689	0.936
3690	0.607
3691	0.936
3692	0.611
3693	0.904
3694	0.623
3695	0.936
3696	0.646
3697	0.916
3698	0.721
3699	0.939
3700	0.721
3701	0.924
3702	0.721
3703	0.939
3704	0.721
3705	0.924
3706	0.721
3707	0.916
3708	0.721
3709	0.916
3710	0.752
3711	0.951
3712	0.916
3713	0.857
3714	0.916
3715	0.857
3716	0.920
3717	0.857
3718	0.939
3719	0.986
3720	0.912
3721	0.857
3722	0.916
3723	0.857
3724	0.912
3725	0.857
3726	0.912
3727	0.857
3728	0.904
3729	0.857
3730	0.904
3731	0.857
3732	0.904
3733	0.857
3734	0.889
3735	0.861
3736	0.889
3737	0.861
3738	0.908
3739	0.975
3740	0.932
3741	0.986
3742	0.943
3743	0.998
3744	0.904
3745	0.998
3746	0.721
3747	0.951
3748	0.721
3749	0.951
3750	0.592
3751	0.963
3752	0.721
3753	0.955
3754	0.721
3755	0.955
3756	0.783
3757	0.842
3758	0.783
3759	0.846
3760	0.842
3761	0.842
3762	0.861
3763	0.842
3764	0.842
3765	0.842
3766	0.861
3767	0.842
3768	0.900
3769	0.842
3770	0.900
3771	0.842
3772	0.900
3773	0.850
3774	0.900
3775	0.842
3776	0.217
3777	0.990
3778	0.205
3779	0.990
3780	0.232
3781	0.998
3782	0.205
3783	0.990
3784	0.232
3785	0.998
3786	0.396
3787	0.807
3788	0.385
3789	0.807
3790	0.396
3791	0.826
3792	0.369
3793	0.807
3794	0.365
3795	0.822
3796	0.084
3797	0.842
3798	0.068
3799	0.838
3800	0.104
3801	0.744
3802	0.080
3803	0.783
3804	0.088
3805	0.744
3806	0.080
3807	0.783
3808	0.088
3809	0.744
3810	0.752
3811	0.850
3812	0.744
3813	0.893
3814	0.736
3815	0.850
3816	0.744
3817	0.893
3818	0.736
3819	0.850
3820	0.854
3821	0.744
3822	0.857
3823	0.771
3824	0.896
3825	0.822
3826	0.885
3827	0.822
3828	0.873
3829	0.838
3830	0.432
3831	0.799
3832	0.439
3833	0.834
3834	0.463
3835	0.799
3836	0.537
3837	0.830
3838	0.529
3839	0.795
3840	0.127
3841	0.674
3842	0.127
3843	0.709
3844	0.107
3845	0.674
3846	0.096
3847	0.705
3848	0.393
3849	0.740
3850	0.373
3851	0.764
3852	0.385
3853	0.740
3854	0.346
3855	0.752
3856	0.354
3857	0.725
3858	0.326
3859	0.713
3860	0.318
3861	0.744
3862	0.643
3863	0.900
3864	0.580
3865	0.830
3866	0.654
3867	0.896
3868	0.588
3869	0.830
3870	0.674
3871	0.877
3872	0.611
3873	0.803
3874	0.662
3875	0.854
3876	0.635
3877	0.779
3878	0.701
3879	0.854
3880	0.869
3881	0.854
3882	0.838
3883	0.850
3884	0.803
3885	0.850
3886	0.783
3887	0.850
3888	0.783
3889	0.846
3890	0.783
3891	0.846
3892	0.783
3893	0.846
3894	0.783
3895	0.846
3896	0.783
3897	0.842
3898	0.760
3899	0.713
3900	0.740
3901	0.693
3902	0.721
3903	0.725
3904	0.725
3905	0.693
3906	0.588
3907	0.693
3908	0.572
3909	0.693
3910	0.572
3911	0.725
3912	0.553
3913	0.721
3914	0.572
3915	0.725
3916	0.553
3917	0.721
3918	0.553
3919	0.721
3920	0.803
3921	0.799
3922	0.740
3923	0.725
3924	0.756
3925	0.725
3926	0.334
3927	0.928
3928	0.322
3929	0.893
3930	0.252
3931	0.951
3932	0.236
3933	0.928
3934	0.240
3935	0.916
3936	0.311
3937	0.861
3938	0.225
3939	0.889
3940	0.287
3941	0.861
3942	0.303
3943	0.826
3944	0.209
3945	0.854
3946	0.213
3947	0.842
3948	0.975
3949	0.904
3950	0.971
3951	0.869
3952	0.990
3953	0.869
3954	0.916
3955	0.814
3956	0.998
3957	0.838
3958	0.943
3959	0.795
3960	0.943
3961	0.795
3962	0.916
3963	0.814
3964	0.197
3965	0.701
3966	0.232
3967	0.686
3968	0.209
3969	0.732
3970	0.236
3971	0.693
3972	0.244
3973	0.709
3974	0.225
3975	0.736
3976	0.264
3977	0.732
3978	0.248
3979	0.709
3980	0.264
3981	0.732
3982	0.248
3983	0.709
3984	0.248
3985	0.709
3986	0.244
3987	0.709
3988	0.236
3989	0.693
3990	0.232
3991	0.686
3992	0.232
3993	0.686
3994	0.080
3995	0.748
3996	0.045
3997	0.764
3998	0.057
3999	0.729
4000	0.029
4001	0.756
4002	0.029
4003	0.705
4004	0.002
4005	0.736
4006	0.014
4007	0.705
4008	0.389
4009	0.998
4010	0.303
4011	0.967
4012	0.291
4013	0.998
4014	0.287
4015	0.967
4016	0.209
4017	0.979
4018	0.221
4019	0.951
4020	0.221
4021	0.951
4022	0.729
4023	0.943
4024	0.729
4025	0.975
4026	0.725
4027	0.943
4028	0.529
4029	0.877
4030	0.525
4031	0.877
4032	0.510
4033	0.904
4034	0.842
4035	0.701
4036	0.873
4037	0.701
4038	0.881
4039	0.732
4040	0.564
4041	0.971
4042	0.475
4043	0.990
4044	0.572
4045	0.998
4046	0.393
4047	0.990
4048	0.072
4049	0.729
4050	0.088
4051	0.729
4052	0.072
4053	0.689
4054	0.100
4055	0.729
4056	0.104
4057	0.729
4058	0.100
4059	0.740
4060	0.100
4061	0.740
4062	0.104
4063	0.729
4064	0.162
4065	0.701
4066	0.139
4067	0.713
4068	0.170
4069	0.717
4070	0.139
4071	0.721
4072	0.178
4073	0.740
4074	0.139
4075	0.760
4076	0.178
4077	0.744
4078	0.178
4079	0.744
4080	0.178
4081	0.744
4082	0.303
4083	0.791
4084	0.326
4085	0.764
4086	0.295
4087	0.768
4088	0.299
4089	0.740
4090	0.283
4091	0.752
4092	0.271
4093	0.740
4094	0.260
4095	0.740
4096	0.271
4097	0.740
4098	0.287
4099	0.787
4100	0.252
4101	0.799
4102	0.252
4103	0.779
4104	0.232
4105	0.760
4106	0.725
4107	0.838
4108	0.732
4109	0.799
4110	0.830
4111	0.838
4112	0.740
4113	0.768
4114	0.760
4115	0.768
4116	0.760
4117	0.768
4118	0.830
4119	0.838
4120	0.830
4121	0.838
4122	0.830
4123	0.838
4124	0.830
4125	0.838
4126	0.127
4127	0.791
4128	0.100
4129	0.818
4130	0.107
4131	0.791
4132	0.646
4133	0.967
4134	0.588
4135	0.967
4136	0.748
4137	0.986
4138	0.752
4139	0.998
4140	0.752
4141	0.998
4142	0.744
4143	0.748
4144	0.686
4145	0.732
4146	0.705
4147	0.732
4148	0.713
4149	0.693
4150	0.686
4151	0.705
4152	0.674
4153	0.736
4154	0.783
4155	0.998
4156	0.795
4157	0.998
4158	0.783
4159	0.955
4160	0.795
4161	0.955
4162	0.783
4163	0.955
4164	0.885
4165	0.756
4166	0.893
4167	0.701
4168	0.908
4169	0.744
4170	0.904
4171	0.701
4172	0.576
4173	0.975
4174	0.135
4175	0.713
4176	0.154
4177	0.693
4178	0.154
4179	0.693
4180	0.135
4181	0.713
4182	0.463
4183	0.967
4184	0.467
4185	0.982
4186	0.451
4187	0.967
4188	0.467
4189	0.982
4190	0.467
4191	0.982
4192	0.107
4193	0.732
4194	0.123
4195	0.768
4196	0.139
4197	0.760
4198	0.139
4199	0.760
4200	0.689
4201	0.861
4202	0.682
4203	0.900
4204	0.705
4205	0.861
4206	0.697
4207	0.904
4208	0.697
4209	0.904
4210	0.705
4211	0.861
4212	0.783
4213	0.850
4214	0.783
4215	0.850
4216	0.783
4217	0.842
4218	0.783
4219	0.842
4220	0.068
4221	0.838
4222	0.158
4223	0.814
4224	0.135
4225	0.795
4226	0.158
4227	0.814
4228	0.135
4229	0.795
4230	0.182
4231	0.854
4232	0.123
4233	0.811
4234	0.135
4235	0.795
4236	0.123
4237	0.811
4238	0.100
4239	0.838
4240	0.100
4241	0.838
4242	0.076
4243	0.865
4244	0.076
4245	0.865
4246	0.076
4247	0.881
4248	0.076
4249	0.881
4250	0.127
4251	0.920
4252	0.143
4253	0.920
4254	0.162
4255	0.896
4256	0.174
4257	0.889
4258	0.170
4259	0.854
4260	0.076
4261	0.881
4262	0.076
4263	0.881
4264	0.572
4265	0.725
4266	0.572
4267	0.725
4268	0.896
4269	0.982
4270	0.896
4271	0.982
4272	0.889
4273	0.975
4274	0.889
4275	0.975
4276	0.889
4277	0.975
4278	0.889
4279	0.975
4280	0.896
4281	0.947
4282	0.896
4283	0.947
4284	0.889
4285	0.939
4286	0.889
4287	0.939
4288	0.889
4289	0.939
4290	0.889
4291	0.939
4292	0.885
4293	0.908
4294	0.885
4295	0.908
4296	0.877
4297	0.900
4298	0.877
4299	0.900
4300	0.877
4301	0.900
4302	0.877
4303	0.900
4304	0.873
4305	0.869
4306	0.873
4307	0.869
4308	0.861
4309	0.857
4310	0.861
4311	0.857
4312	0.861
4313	0.857
4314	0.861
4315	0.857
4316	0.861
4317	0.857
4318	0.795
4319	0.877
4320	0.783
4321	0.889
4322	0.814
4323	0.916
4324	0.791
4325	0.932
4326	0.807
4327	0.967
4328	0.830
4329	0.998
4330	0.885
4331	0.975
4332	0.029
4333	0.756
4334	0.029
4335	0.756
4336	0.389
4337	0.842
4338	0.377
4339	0.842
4340	0.365
4341	0.873
4342	0.451
4343	0.947
4344	0.439
4345	0.982
4346	0.439
4347	0.947
4348	0.154
4349	0.693
4350	0.162
4351	0.701
4352	0.057
4353	0.971
4354	0.057
4355	0.971
4356	0.057
4357	0.971
4358	0.049
4359	0.975
4360	0.049
4361	0.975
4362	0.037
4363	0.982
4364	0.037
4365	0.982
4366	0.061
4367	0.971
4368	0.713
4369	0.693
4370	0.713
4371	0.693
4372	0.713
4373	0.693
4374	0.713
4375	0.693
4376	0.072
4377	0.729
4378	0.139
4379	0.760
4380	0.467
4381	0.982
4382	0.467
4383	0.982
4384	0.479
4385	0.748
4386	0.455
4387	0.713
4388	0.479
4389	0.748
4390	0.455
4391	0.713
4392	0.486
4393	0.701
4394	0.471
4395	0.701
4396	0.455
4397	0.713
