0	0
1	2
2	1
3	1
4	2
5	3
6	2
7	4
8	3
9	3
10	4
11	5
12	4
13	6
14	5
15	5
16	6
17	7
18	6
19	8
20	7
21	7
22	8
23	9
24	10
25	12
26	11
27	11
28	12
29	13
30	12
31	14
32	13
33	14
34	12
35	15
36	12
37	16
38	15
39	16
40	12
41	17
42	18
43	19
44	20
45	19
46	21
47	20
48	20
49	21
50	22
51	23
52	25
53	24
54	24
55	25
56	26
57	25
58	27
59	26
60	26
61	27
62	28
63	28
64	29
65	26
66	22
67	30
68	31
69	32
70	33
71	34
72	33
73	35
74	34
75	35
76	33
77	36
78	33
79	37
80	36
81	36
82	37
83	38
84	39
85	41
86	40
87	40
88	41
89	42
90	42
91	43
92	40
93	43
94	42
95	44
96	42
97	45
98	44
99	44
100	45
101	46
102	45
103	47
104	46
105	46
106	47
107	48
108	48
109	49
110	46
111	46
112	49
113	50
114	42
115	51
116	45
117	45
118	51
119	52
120	52
121	53
122	45
123	53
124	52
125	54
126	52
127	51
128	54
129	54
130	51
131	55
132	51
133	56
134	55
135	56
136	51
137	57
138	58
139	60
140	59
141	59
142	60
143	61
144	62
145	63
146	64
147	63
148	65
149	64
150	64
151	65
152	66
153	67
154	68
155	69
156	68
157	70
158	69
159	69
160	70
161	71
162	70
163	72
164	71
165	73
166	74
167	75
168	74
169	76
170	75
171	75
172	76
173	77
174	76
175	78
176	77
177	79
178	81
179	80
180	80
181	81
182	8
183	81
184	82
185	8
186	8
187	82
188	83
189	84
190	86
191	85
192	85
193	86
194	87
195	87
196	88
197	85
198	85
199	88
200	89
201	88
202	90
203	89
204	90
205	88
206	91
207	88
208	92
209	91
210	92
211	88
212	93
213	88
214	94
215	93
216	94
217	88
218	87
219	87
220	95
221	94
222	94
223	95
224	93
225	95
226	96
227	93
228	97
229	98
230	7
231	7
232	98
233	5
234	98
235	99
236	5
237	5
238	99
239	100
240	100
241	101
242	5
243	5
244	101
245	3
246	101
247	102
248	3
249	3
250	102
251	1
252	102
253	103
254	1
255	104
256	105
257	106
258	107
259	109
260	108
261	110
262	111
263	112
264	111
265	113
266	112
267	112
268	113
269	114
270	113
271	115
272	114
273	114
274	115
275	116
276	115
277	117
278	116
279	116
280	117
281	118
282	117
283	119
284	118
285	119
286	117
287	120
288	117
289	121
290	120
291	121
292	117
293	122
294	117
295	123
296	122
297	123
298	117
299	124
300	117
301	115
302	124
303	124
304	125
305	123
306	125
307	126
308	123
309	123
310	126
311	127
312	126
313	113
314	127
315	113
316	126
317	115
318	113
319	111
320	127
321	127
322	111
323	128
324	111
325	129
326	128
327	128
328	130
329	127
330	130
331	131
332	127
333	127
334	131
335	123
336	131
337	132
338	123
339	132
340	131
341	133
342	133
343	134
344	132
345	130
346	135
347	131
348	135
349	133
350	131
351	136
352	137
353	138
354	137
355	139
356	138
357	139
358	137
359	140
360	140
361	141
362	139
363	139
364	141
365	142
366	142
367	143
368	139
369	139
370	143
371	138
372	143
373	144
374	138
375	138
376	144
377	145
378	144
379	19
380	145
381	19
382	144
383	21
384	144
385	31
386	21
387	31
388	144
389	146
390	144
391	147
392	146
393	147
394	144
395	148
396	144
397	142
398	148
399	142
400	144
401	143
402	149
403	150
404	151
405	150
406	152
407	151
408	151
409	152
410	153
411	152
412	154
413	153
414	153
415	154
416	155
417	155
418	151
419	153
420	156
421	157
422	158
423	157
424	159
425	158
426	158
427	159
428	160
429	159
430	161
431	160
432	161
433	159
434	162
435	159
436	163
437	162
438	164
439	165
440	74
441	165
442	76
443	74
444	166
445	168
446	167
447	167
448	168
449	169
450	168
451	170
452	169
453	169
454	170
455	171
456	172
457	174
458	173
459	175
460	176
461	177
462	176
463	178
464	177
465	177
466	178
467	179
468	179
469	180
470	177
471	181
472	182
473	183
474	182
475	184
476	183
477	183
478	184
479	185
480	186
481	188
482	187
483	187
484	188
485	189
486	188
487	190
488	189
489	189
490	190
491	191
492	190
493	192
494	191
495	192
496	190
497	193
498	190
499	194
500	193
501	194
502	190
503	195
504	190
505	196
506	195
507	195
508	196
509	197
510	196
511	198
512	197
513	197
514	198
515	199
516	198
517	200
518	199
519	199
520	200
521	201
522	188
523	202
524	190
525	190
526	202
527	196
528	202
529	203
530	196
531	196
532	203
533	198
534	203
535	200
536	198
537	204
538	206
539	205
540	205
541	206
542	207
543	206
544	208
545	207
546	207
547	208
548	209
549	209
550	210
551	207
552	207
553	210
554	211
555	211
556	212
557	207
558	207
559	212
560	205
561	212
562	213
563	205
564	213
565	212
566	214
567	212
568	215
569	214
570	214
571	215
572	216
573	215
574	217
575	216
576	216
577	217
578	218
579	219
580	220
581	221
582	220
583	222
584	221
585	221
586	222
587	223
588	223
589	224
590	221
591	221
592	224
593	225
594	226
595	228
596	227
597	227
598	228
599	229
600	228
601	230
602	229
603	229
604	230
605	231
606	231
607	232
608	229
609	229
610	232
611	233
612	232
613	234
614	233
615	233
616	234
617	235
618	234
619	236
620	235
621	237
622	239
623	238
624	238
625	239
626	240
627	239
628	241
629	240
630	240
631	241
632	242
633	241
634	243
635	242
636	243
637	241
638	244
639	229
640	233
641	227
642	233
643	245
644	227
645	227
646	245
647	246
648	247
649	249
650	248
651	248
652	249
653	250
654	249
655	251
656	250
657	250
658	251
659	252
660	251
661	253
662	252
663	252
664	253
665	254
666	254
667	255
668	252
669	252
670	255
671	248
672	248
673	250
674	252
675	233
676	235
677	245
678	245
679	235
680	256
681	235
682	257
683	256
684	258
685	259
686	260
687	259
688	261
689	260
690	260
691	261
692	262
693	261
694	263
695	262
696	263
697	261
698	264
699	261
700	265
701	264
702	264
703	265
704	266
705	265
706	267
707	266
708	266
709	267
710	268
711	267
712	269
713	268
714	269
715	267
716	270
717	267
718	271
719	270
720	271
721	267
722	265
723	265
724	261
725	271
726	271
727	261
728	272
729	261
730	259
731	272
732	272
733	259
734	273
735	273
736	274
737	272
738	272
739	274
740	275
741	275
742	276
743	272
744	272
745	276
746	277
747	277
748	278
749	272
750	272
751	278
752	271
753	279
754	280
755	281
756	280
757	282
758	281
759	281
760	282
761	283
762	282
763	284
764	283
765	284
766	282
767	285
768	282
769	286
770	285
771	285
772	286
773	287
774	280
775	288
776	282
777	288
778	289
779	282
780	282
781	289
782	290
783	289
784	291
785	290
786	290
787	291
788	286
789	286
790	282
791	290
792	80
793	8
794	292
795	292
796	8
797	293
798	8
799	6
800	293
801	293
802	6
803	294
804	6
805	4
806	294
807	294
808	4
809	295
810	4
811	296
812	295
813	295
814	296
815	297
816	296
817	298
818	297
819	298
820	296
821	299
822	296
823	2
824	299
825	2
826	296
827	4
828	80
829	292
830	300
831	300
832	292
833	301
834	292
835	293
836	301
837	301
838	293
839	302
840	293
841	303
842	302
843	303
844	293
845	304
846	293
847	305
848	304
849	305
850	293
851	294
852	306
853	308
854	307
855	307
856	308
857	309
858	308
859	310
860	309
861	309
862	310
863	311
864	311
865	312
866	309
867	309
868	312
869	313
870	313
871	314
872	309
873	309
874	314
875	307
876	315
877	208
878	316
879	208
880	206
881	316
882	316
883	206
884	317
885	206
886	213
887	317
888	317
889	213
890	318
891	319
892	320
893	209
894	320
895	321
896	209
897	209
898	321
899	210
900	322
901	323
902	324
903	323
904	325
905	324
906	324
907	325
908	326
909	325
910	327
911	326
912	327
913	325
914	328
915	325
916	329
917	328
918	328
919	329
920	330
921	330
922	331
923	328
924	328
925	331
926	327
927	331
928	332
929	327
930	332
931	331
932	333
933	323
934	334
935	325
936	325
937	334
938	329
939	211
940	335
941	212
942	212
943	335
944	215
945	336
946	240
947	337
948	337
949	240
950	242
951	338
952	340
953	339
954	339
955	340
956	341
957	340
958	342
959	341
960	342
961	340
962	343
963	340
964	344
965	343
966	344
967	340
968	345
969	340
970	338
971	345
972	346
973	348
974	347
975	347
976	348
977	349
978	350
979	351
980	352
981	351
982	353
983	352
984	352
985	353
986	354
987	353
988	355
989	354
990	354
991	355
992	356
993	356
994	357
995	354
996	358
997	360
998	359
999	359
1000	360
1001	361
1002	360
1003	362
1004	361
1005	363
1006	364
1007	365
1008	364
1009	366
1010	365
1011	365
1012	366
1013	367
1014	368
1015	369
1016	370
1017	369
1018	371
1019	370
1020	370
1021	371
1022	372
1023	373
1024	374
1025	375
1026	374
1027	376
1028	375
1029	375
1030	376
1031	377
1032	378
1033	380
1034	379
1035	379
1036	380
1037	381
1038	380
1039	382
1040	381
1041	381
1042	382
1043	383
1044	383
1045	384
1046	381
1047	381
1048	384
1049	385
1050	385
1051	386
1052	381
1053	386
1054	385
1055	387
1056	386
1057	388
1058	381
1059	381
1060	388
1061	379
1062	389
1063	391
1064	390
1065	390
1066	391
1067	392
1068	391
1069	393
1070	392
1071	392
1072	393
1073	394
1074	395
1075	397
1076	396
1077	391
1078	398
1079	393
1080	393
1081	398
1082	399
1083	398
1084	400
1085	399
1086	401
1087	402
1088	403
1089	402
1090	404
1091	403
1092	403
1093	404
1094	405
1095	404
1096	406
1097	405
1098	405
1099	406
1100	407
1101	408
1102	410
1103	409
1104	411
1105	412
1106	413
1107	412
1108	414
1109	413
1110	415
1111	417
1112	416
1113	416
1114	417
1115	418
1116	417
1117	419
1118	418
1119	416
1120	418
1121	420
1122	418
1123	421
1124	420
1125	422
1126	424
1127	423
1128	423
1129	424
1130	425
1131	424
1132	426
1133	425
1134	425
1135	426
1136	427
1137	428
1138	430
1139	429
1140	429
1141	430
1142	431
1143	430
1144	432
1145	431
1146	432
1147	430
1148	433
1149	434
1150	436
1151	435
1152	435
1153	436
1154	437
1155	438
1156	348
1157	439
1158	348
1159	346
1160	439
1161	439
1162	346
1163	440
1164	346
1165	441
1166	440
1167	441
1168	346
1169	442
1170	346
1171	347
1172	442
1173	442
1174	347
1175	443
1176	347
1177	444
1178	443
1179	441
1180	442
1181	443
1182	348
1183	346
1184	445
1185	446
1186	447
1187	351
1188	351
1189	447
1190	353
1191	447
1192	448
1193	353
1194	353
1195	448
1196	449
1197	449
1198	355
1199	353
1200	450
1201	452
1202	451
1203	451
1204	452
1205	453
1206	452
1207	454
1208	453
1209	453
1210	454
1211	455
1212	456
1213	458
1214	457
1215	457
1216	458
1217	459
1218	458
1219	460
1220	459
1221	459
1222	460
1223	461
1224	461
1225	462
1226	459
1227	459
1228	462
1229	457
1230	463
1231	454
1232	464
1233	464
1234	454
1235	465
1236	454
1237	452
1238	465
1239	465
1240	452
1241	466
1242	466
1243	467
1244	465
1245	464
1246	465
1247	468
1248	465
1249	469
1250	468
1251	470
1252	471
1253	472
1254	471
1255	473
1256	472
1257	473
1258	471
1259	474
1260	474
1261	475
1262	473
1263	473
1264	475
1265	476
1266	476
1267	477
1268	473
1269	473
1270	477
1271	472
1272	477
1273	478
1274	472
1275	478
1276	477
1277	479
1278	477
1279	480
1280	479
1281	479
1282	480
1283	402
1284	480
1285	481
1286	402
1287	402
1288	481
1289	404
1290	481
1291	482
1292	404
1293	404
1294	482
1295	406
1296	477
1297	476
1298	480
1299	476
1300	483
1301	480
1302	480
1303	483
1304	481
1305	483
1306	484
1307	481
1308	484
1309	483
1310	485
1311	486
1312	487
1313	488
1314	487
1315	390
1316	488
1317	488
1318	390
1319	489
1320	390
1321	392
1322	489
1323	489
1324	392
1325	490
1326	474
1327	491
1328	475
1329	491
1330	492
1331	475
1332	475
1333	492
1334	493
1335	494
1336	496
1337	495
1338	495
1339	496
1340	497
1341	497
1342	498
1343	495
1344	495
1345	498
1346	499
1347	498
1348	500
1349	499
1350	500
1351	498
1352	501
1353	498
1354	497
1355	501
1356	501
1357	497
1358	502
1359	503
1360	505
1361	504
1362	504
1363	505
1364	506
1365	506
1366	507
1367	504
1368	504
1369	507
1370	508
1371	507
1372	509
1373	508
1374	501
1375	510
1376	500
1377	510
1378	511
1379	500
1380	512
1381	488
1382	513
1383	488
1384	489
1385	513
1386	484
1387	514
1388	481
1389	514
1390	482
1391	481
1392	515
1393	516
1394	424
1395	516
1396	426
1397	424
1398	517
1399	518
1400	519
1401	518
1402	520
1403	519
1404	521
1405	522
1406	523
1407	522
1408	524
1409	523
1410	523
1411	524
1412	525
1413	525
1414	526
1415	523
1416	527
1417	529
1418	528
1419	528
1420	529
1421	530
1422	529
1423	531
1424	530
1425	530
1426	531
1427	532
1428	531
1429	533
1430	532
1431	533
1432	531
1433	534
1434	531
1435	529
1436	534
1437	534
1438	529
1439	535
1440	529
1441	536
1442	535
1443	536
1444	529
1445	537
1446	538
1447	535
1448	539
1449	535
1450	536
1451	539
1452	539
1453	536
1454	540
1455	536
1456	541
1457	540
1458	542
1459	544
1460	543
1461	543
1462	544
1463	545
1464	544
1465	546
1466	545
1467	545
1468	546
1469	547
1470	546
1471	548
1472	547
1473	547
1474	548
1475	549
1476	549
1477	550
1478	547
1479	547
1480	550
1481	545
1482	551
1483	553
1484	552
1485	552
1486	553
1487	554
1488	553
1489	555
1490	554
1491	554
1492	555
1493	556
1494	555
1495	557
1496	556
1497	557
1498	555
1499	558
1500	555
1501	559
1502	558
1503	558
1504	559
1505	560
1506	559
1507	561
1508	560
1509	561
1510	559
1511	562
1512	559
1513	563
1514	562
1515	563
1516	559
1517	564
1518	559
1519	565
1520	564
1521	564
1522	565
1523	566
1524	565
1525	567
1526	566
1527	567
1528	565
1529	553
1530	565
1531	559
1532	553
1533	553
1534	559
1535	555
1536	568
1537	570
1538	569
1539	569
1540	570
1541	571
1542	570
1543	572
1544	571
1545	571
1546	572
1547	573
1548	573
1549	574
1550	571
1551	571
1552	574
1553	575
1554	575
1555	569
1556	571
1557	569
1558	575
1559	576
1560	577
1561	552
1562	578
1563	578
1564	552
1565	579
1566	552
1567	554
1568	579
1569	579
1570	554
1571	580
1572	554
1573	556
1574	580
1575	580
1576	556
1577	581
1578	581
1579	579
1580	580
1581	579
1582	581
1583	582
1584	583
1585	585
1586	584
1587	584
1588	585
1589	586
1590	585
1591	587
1592	586
1593	586
1594	587
1595	588
1596	588
1597	589
1598	586
1599	586
1600	589
1601	590
1602	589
1603	591
1604	590
1605	590
1606	591
1607	592
1608	591
1609	593
1610	592
1611	592
1612	593
1613	594
1614	592
1615	584
1616	590
1617	590
1618	584
1619	586
1620	587
1621	585
1622	595
1623	595
1624	585
1625	596
1626	596
1627	597
1628	595
1629	595
1630	597
1631	598
1632	597
1633	599
1634	598
1635	598
1636	599
1637	600
1638	600
1639	601
1640	598
1641	602
1642	603
1643	604
1644	603
1645	605
1646	604
1647	604
1648	605
1649	606
1650	607
1651	605
1652	603
1653	608
1654	609
1655	610
1656	609
1657	611
1658	610
1659	610
1660	611
1661	612
1662	611
1663	613
1664	612
1665	613
1666	611
1667	614
1668	611
1669	609
1670	614
1671	615
1672	533
1673	616
1674	533
1675	617
1676	616
1677	616
1678	617
1679	618
1680	617
1681	619
1682	618
1683	618
1684	619
1685	620
1686	621
1687	623
1688	622
1689	622
1690	623
1691	624
1692	624
1693	625
1694	622
1695	622
1696	625
1697	626
1698	625
1699	627
1700	626
1701	626
1702	627
1703	628
1704	628
1705	629
1706	626
1707	626
1708	629
1709	622
1710	630
1711	632
1712	631
1713	631
1714	632
1715	633
1716	633
1717	634
1718	631
1719	631
1720	634
1721	635
1722	634
1723	636
1724	635
1725	635
1726	636
1727	637
1728	637
1729	638
1730	635
1731	639
1732	640
1733	641
1734	640
1735	642
1736	641
1737	641
1738	642
1739	643
1740	642
1741	644
1742	643
1743	643
1744	644
1745	645
1746	646
1747	648
1748	647
1749	647
1750	648
1751	649
1752	648
1753	650
1754	649
1755	649
1756	650
1757	651
1758	650
1759	652
1760	651
1761	651
1762	652
1763	653
1764	652
1765	654
1766	653
1767	655
1768	656
1769	657
1770	656
1771	658
1772	657
1773	657
1774	658
1775	659
1776	647
1777	649
1778	660
1779	660
1780	649
1781	661
1782	649
1783	651
1784	661
1785	661
1786	651
1787	662
1788	651
1789	653
1790	662
1791	660
1792	661
1793	663
1794	661
1795	664
1796	663
1797	663
1798	664
1799	665
1800	640
1801	666
1802	642
1803	666
1804	667
1805	642
1806	642
1807	667
1808	644
1809	668
1810	670
1811	669
1812	669
1813	670
1814	671
1815	670
1816	672
1817	671
1818	673
1819	674
1820	656
1821	674
1822	675
1823	656
1824	656
1825	675
1826	676
1827	675
1828	677
1829	676
1830	676
1831	677
1832	678
1833	678
1834	679
1835	676
1836	676
1837	679
1838	680
1839	680
1840	681
1841	676
1842	676
1843	681
1844	656
1845	681
1846	658
1847	656
1848	658
1849	681
1850	682
1851	681
1852	680
1853	682
1854	683
1855	685
1856	684
1857	684
1858	685
1859	686
1860	685
1861	687
1862	686
1863	688
1864	690
1865	689
1866	689
1867	690
1868	691
1869	690
1870	692
1871	691
1872	691
1873	692
1874	693
1875	693
1876	694
1877	691
1878	691
1879	694
1880	695
1881	694
1882	696
1883	695
1884	695
1885	696
1886	697
1887	696
1888	698
1889	697
1890	697
1891	698
1892	699
1893	697
1894	700
1895	695
1896	695
1897	700
1898	701
1899	700
1900	702
1901	701
1902	701
1903	702
1904	703
1905	703
1906	704
1907	701
1908	701
1909	704
1910	689
1911	689
1912	691
1913	701
1914	701
1915	691
1916	695
1917	539
1918	540
1919	705
1920	543
1921	706
1922	707
1923	706
1924	550
1925	708
1926	708
1927	550
1928	549
1929	707
1930	709
1931	550
1932	550
1933	709
1934	542
1935	710
1936	712
1937	711
1938	711
1939	712
1940	713
1941	712
1942	714
1943	713
1944	714
1945	712
1946	715
1947	712
1948	716
1949	715
1950	716
1951	712
1952	710
1953	717
1954	718
1955	719
1956	718
1957	720
1958	719
1959	719
1960	720
1961	721
1962	720
1963	722
1964	721
1965	722
1966	720
1967	723
1968	720
1969	724
1970	723
1971	724
1972	720
1973	725
1974	720
1975	726
1976	725
1977	726
1978	720
1979	718
1980	717
1981	727
1982	718
1983	718
1984	727
1985	720
1986	728
1987	729
1988	570
1989	570
1990	729
1991	572
1992	729
1993	730
1994	572
1995	730
1996	729
1997	731
1998	729
1999	732
2000	731
2001	619
2002	617
2003	733
2004	733
2005	617
2006	734
2007	617
2008	533
2009	734
2010	734
2011	533
2012	534
2013	534
2014	735
2015	734
2016	734
2017	735
2018	736
2019	735
2020	737
2021	736
2022	737
2023	735
2024	738
2025	735
2026	739
2027	738
2028	739
2029	735
2030	740
2031	735
2032	534
2033	740
2034	740
2035	534
2036	535
2037	535
2038	739
2039	740
2040	736
2041	741
2042	734
2043	741
2044	733
2045	734
2046	742
2047	743
2048	744
2049	743
2050	745
2051	744
2052	744
2053	745
2054	746
2055	745
2056	747
2057	746
2058	746
2059	747
2060	522
2061	747
2062	524
2063	522
2064	524
2065	747
2066	748
2067	747
2068	749
2069	748
2070	749
2071	747
2072	750
2073	747
2074	745
2075	750
2076	750
2077	745
2078	751
2079	745
2080	752
2081	751
2082	752
2083	745
2084	743
2085	751
2086	753
2087	750
2088	750
2089	753
2090	754
2091	753
2092	755
2093	754
2094	750
2095	754
2096	749
2097	749
2098	754
2099	756
2100	754
2101	757
2102	756
2103	636
2104	634
2105	758
2106	634
2107	759
2108	758
2109	759
2110	634
2111	760
2112	634
2113	633
2114	760
2115	760
2116	633
2117	761
2118	664
2119	661
2120	662
2121	762
2122	763
2123	764
2124	763
2125	685
2126	764
2127	764
2128	685
2129	765
2130	765
2131	766
2132	764
2133	766
2134	765
2135	767
2136	767
2137	683
2138	766
2139	766
2140	683
2141	768
2142	683
2143	769
2144	768
2145	768
2146	769
2147	770
2148	770
2149	771
2150	768
2151	768
2152	771
2153	772
2154	772
2155	766
2156	768
2157	766
2158	772
2159	764
2160	772
2161	773
2162	764
2163	773
2164	772
2165	774
2166	772
2167	775
2168	774
2169	775
2170	772
2171	776
2172	772
2173	771
2174	776
2175	776
2176	771
2177	777
2178	767
2179	763
2180	687
2181	778
2182	770
2183	779
2184	770
2185	769
2186	779
2187	779
2188	769
2189	780
2190	769
2191	781
2192	780
2193	782
2194	783
2195	784
2196	783
2197	785
2198	784
2199	784
2200	785
2201	786
2202	785
2203	787
2204	786
2205	786
2206	787
2207	788
2208	788
2209	789
2210	786
2211	786
2212	789
2213	790
2214	790
2215	791
2216	786
2217	786
2218	791
2219	792
2220	792
2221	793
2222	786
2223	793
2224	792
2225	794
2226	792
2227	795
2228	794
2229	795
2230	792
2231	796
2232	792
2233	791
2234	796
2235	796
2236	791
2237	797
2238	798
2239	799
2240	800
2241	799
2242	801
2243	800
2244	800
2245	801
2246	802
2247	787
2248	785
2249	803
2250	803
2251	785
2252	804
2253	785
2254	783
2255	804
2256	804
2257	783
2258	805
2259	783
2260	806
2261	805
2262	806
2263	783
2264	807
2265	783
2266	782
2267	807
2268	808
2269	810
2270	809
2271	809
2272	810
2273	811
2274	810
2275	812
2276	811
2277	811
2278	812
2279	813
2280	814
2281	816
2282	815
2283	815
2284	816
2285	817
2286	818
2287	819
2288	820
2289	819
2290	821
2291	820
2292	820
2293	821
2294	822
2295	821
2296	823
2297	822
2298	822
2299	823
2300	824
2301	823
2302	825
2303	824
2304	825
2305	823
2306	826
2307	823
2308	827
2309	826
2310	826
2311	827
2312	828
2313	827
2314	829
2315	828
2316	829
2317	827
2318	830
2319	827
2320	821
2321	830
2322	830
2323	821
2324	831
2325	821
2326	832
2327	831
2328	832
2329	821
2330	833
2331	821
2332	819
2333	833
2334	788
2335	834
2336	789
2337	834
2338	835
2339	789
2340	835
2341	834
2342	836
2343	834
2344	837
2345	836
2346	838
2347	839
2348	840
2349	839
2350	841
2351	840
2352	840
2353	841
2354	842
2355	843
2356	845
2357	844
2358	844
2359	845
2360	846
2361	846
2362	847
2363	844
2364	844
2365	847
2366	848
2367	849
2368	850
2369	851
2370	850
2371	852
2372	851
2373	851
2374	852
2375	853
2376	852
2377	854
2378	853
2379	853
2380	854
2381	855
2382	854
2383	856
2384	855
2385	855
2386	856
2387	857
2388	858
2389	860
2390	859
2391	859
2392	860
2393	861
2394	860
2395	862
2396	861
2397	861
2398	862
2399	863
2400	863
2401	864
2402	861
2403	864
2404	863
2405	865
2406	865
2407	866
2408	864
2409	866
2410	865
2411	867
2412	867
2413	868
2414	866
2415	866
2416	868
2417	869
2418	869
2419	870
2420	866
2421	866
2422	870
2423	871
2424	871
2425	872
2426	866
2427	866
2428	872
2429	864
2430	872
2431	861
2432	864
2433	861
2434	872
2435	859
2436	872
2437	873
2438	859
2439	873
2440	872
2441	874
2442	872
2443	875
2444	874
2445	876
2446	873
2447	877
2448	877
2449	873
2450	878
2451	873
2452	879
2453	878
2454	878
2455	879
2456	880
2457	879
2458	881
2459	880
2460	881
2461	879
2462	882
2463	879
2464	883
2465	882
2466	882
2467	883
2468	884
2469	883
2470	885
2471	884
2472	884
2473	885
2474	886
2475	885
2476	887
2477	886
2478	879
2479	873
2480	883
2481	873
2482	874
2483	883
2484	883
2485	874
2486	885
2487	874
2488	888
2489	885
2490	888
2491	874
2492	889
2493	890
2494	892
2495	891
2496	893
2497	894
2498	895
2499	894
2500	896
2501	895
2502	895
2503	896
2504	897
2505	898
2506	900
2507	899
2508	901
2509	902
2510	903
2511	902
2512	904
2513	903
2514	905
2515	906
2516	907
2517	908
2518	832
2519	833
2520	909
2521	910
2522	911
2523	910
2524	912
2525	911
2526	911
2527	912
2528	913
2529	914
2530	915
2531	916
2532	915
2533	917
2534	916
2535	916
2536	917
2537	918
2538	917
2539	919
2540	918
2541	920
2542	921
2543	922
2544	921
2545	923
2546	922
2547	923
2548	921
2549	924
2550	921
2551	925
2552	924
2553	926
2554	927
2555	928
2556	927
2557	929
2558	928
2559	805
2560	930
2561	804
2562	930
2563	931
2564	804
2565	804
2566	931
2567	932
2568	933
2569	793
2570	934
2571	934
2572	793
2573	935
2574	793
2575	794
2576	935
2577	936
2578	937
2579	938
2580	939
2581	941
2582	940
2583	812
2584	810
2585	942
2586	810
2587	943
2588	942
2589	944
2590	945
2591	946
2592	945
2593	947
2594	946
2595	946
2596	947
2597	948
2598	947
2599	949
2600	948
2601	948
2602	950
2603	946
2604	950
2605	951
2606	946
2607	946
2608	951
2609	952
2610	952
2611	953
2612	946
2613	946
2614	953
2615	954
2616	953
2617	955
2618	954
2619	954
2620	955
2621	956
2622	955
2623	957
2624	956
2625	957
2626	955
2627	958
2628	955
2629	959
2630	958
2631	958
2632	959
2633	960
2634	959
2635	961
2636	960
2637	962
2638	963
2639	964
2640	965
2641	967
2642	966
2643	966
2644	967
2645	968
2646	967
2647	969
2648	968
2649	968
2650	969
2651	970
2652	969
2653	971
2654	970
2655	957
2656	958
2657	972
2658	972
2659	958
2660	973
2661	958
2662	960
2663	973
2664	974
2665	975
2666	976
2667	977
2668	979
2669	978
2670	978
2671	979
2672	854
2673	979
2674	980
2675	854
2676	854
2677	980
2678	856
2679	981
2680	982
2681	860
2682	982
2683	983
2684	860
2685	860
2686	983
2687	862
2688	880
2689	984
2690	878
2691	984
2692	985
2693	878
2694	878
2695	985
2696	877
2697	985
2698	986
2699	877
2700	987
2701	822
2702	988
2703	822
2704	824
2705	988
2706	989
2707	990
2708	991
2709	990
2710	992
2711	991
2712	991
2713	992
2714	993
2715	992
2716	994
2717	993
2718	994
2719	992
2720	995
2721	992
2722	990
2723	995
2724	995
2725	990
2726	996
2727	996
2728	997
2729	995
2730	995
2731	997
2732	998
2733	998
2734	999
2735	995
2736	1000
2737	1001
2738	1002
2739	1001
2740	1003
2741	1002
2742	1004
2743	1005
2744	1006
2745	1007
2746	1009
2747	1008
2748	1010
2749	1011
2750	1012
2751	1011
2752	1013
2753	1012
2754	1014
2755	1015
2756	1016
2757	1015
2758	1017
2759	1016
2760	1017
2761	1015
2762	1018
2763	1015
2764	1019
2765	1018
2766	1019
2767	1015
2768	1020
2769	1015
2770	1021
2771	1020
2772	1022
2773	1023
2774	1024
2775	1023
2776	1025
2777	1024
2778	1026
2779	1027
2780	1028
2781	1027
2782	1029
2783	1028
2784	1028
2785	1029
2786	1030
2787	1029
2788	1031
2789	1030
2790	1031
2791	1029
2792	1032
2793	1029
2794	1027
2795	1032
2796	1032
2797	1027
2798	1033
2799	1033
2800	1034
2801	1032
2802	1034
2803	1033
2804	1035
2805	1033
2806	1036
2807	1035
2808	1037
2809	1038
2810	1039
2811	1038
2812	1040
2813	1039
2814	1039
2815	1040
2816	1041
2817	1040
2818	1042
2819	1041
2820	1041
2821	1042
2822	1043
2823	1044
2824	1046
2825	1045
2826	1045
2827	1046
2828	1047
2829	1046
2830	1048
2831	1047
2832	1047
2833	1048
2834	1049
2835	1050
2836	1052
2837	1051
2838	1051
2839	1052
2840	1053
2841	1052
2842	1054
2843	1053
2844	1054
2845	1052
2846	1055
2847	1052
2848	1056
2849	1055
2850	1056
2851	1052
2852	1057
2853	1058
2854	1060
2855	1059
2856	1059
2857	1060
2858	1061
2859	1060
2860	1062
2861	1061
2862	1061
2863	1062
2864	1063
2865	1064
2866	1065
2867	1066
2868	1065
2869	1067
2870	1066
2871	1066
2872	1067
2873	1068
2874	1067
2875	1069
2876	1068
2877	1068
2878	1069
2879	1070
2880	1070
2881	1066
2882	1068
2883	1066
2884	1070
2885	1071
2886	1070
2887	1072
2888	1071
2889	1072
2890	1070
2891	1073
2892	1074
2893	1076
2894	1075
2895	1075
2896	1076
2897	1077
2898	1076
2899	1078
2900	1077
2901	1077
2902	1078
2903	1079
2904	1078
2905	1080
2906	1079
2907	1079
2908	1080
2909	1081
2910	1081
2911	1082
2912	1079
2913	967
2914	1083
2915	1084
2916	1083
2917	969
2918	1084
2919	1084
2920	969
2921	967
2922	978
2923	1085
2924	850
2925	850
2926	1085
2927	852
2928	1085
2929	854
2930	852
2931	854
2932	1085
2933	978
2934	1086
2935	1088
2936	1087
2937	1087
2938	1088
2939	1089
2940	1088
2941	1090
2942	1089
2943	1089
2944	1090
2945	1091
2946	1091
2947	1092
2948	1089
2949	1089
2950	1092
2951	1093
2952	1092
2953	1094
2954	1093
2955	1093
2956	1094
2957	1095
2958	1095
2959	1096
2960	1093
2961	1093
2962	1096
2963	1089
2964	1096
2965	1097
2966	1089
2967	1089
2968	1097
2969	1087
2970	1097
2971	1098
2972	1087
2973	1098
2974	1097
2975	1099
2976	1097
2977	1096
2978	1099
2979	1096
2980	1095
2981	1100
2982	1095
2983	1101
2984	1100
2985	1100
2986	1101
2987	1102
2988	823
2989	821
2990	1103
2991	1103
2992	821
2993	827
2994	827
2995	823
2996	1103
2997	1104
2998	1105
2999	1106
3000	1105
3001	1107
3002	1106
3003	1106
3004	1107
3005	1108
3006	1108
3007	1109
3008	1106
3009	1106
3010	1109
3011	1110
3012	1110
3013	1111
3014	1106
3015	1106
3016	1111
3017	1104
3018	1112
3019	1113
3020	1114
3021	1113
3022	1115
3023	1114
3024	1114
3025	1115
3026	1116
3027	1115
3028	1117
3029	1116
3030	1118
3031	1119
3032	1120
3033	1119
3034	1121
3035	1120
3036	1120
3037	1121
3038	1122
3039	1123
3040	1124
3041	1125
3042	1124
3043	1126
3044	1125
3045	1125
3046	1126
3047	1127
3048	1126
3049	1128
3050	1127
3051	1127
3052	1128
3053	1129
3054	1128
3055	1130
3056	1129
3057	1131
3058	1132
3059	1133
3060	1132
3061	1134
3062	1133
3063	1133
3064	1134
3065	1135
3066	1136
3067	1138
3068	1137
3069	1137
3070	1138
3071	1139
3072	1138
3073	1140
3074	1139
3075	1139
3076	1140
3077	1141
3078	1140
3079	1142
3080	1141
3081	1141
3082	1142
3083	1143
3084	1143
3085	1144
3086	1141
3087	1144
3088	1143
3089	1145
3090	1143
3091	1146
3092	1145
3093	1147
3094	1148
3095	1149
3096	1150
3097	1152
3098	1151
3099	1151
3100	1152
3101	1153
3102	1153
3103	1154
3104	1151
3105	1151
3106	1154
3107	1155
3108	1154
3109	1156
3110	1155
3111	1155
3112	1156
3113	1157
3114	1157
3115	1158
3116	1155
3117	1158
3118	1157
3119	1159
3120	1155
3121	1158
3122	1151
3123	1151
3124	1158
3125	1160
3126	1158
3127	1161
3128	1160
3129	1160
3130	1161
3131	1162
3132	1161
3133	1163
3134	1162
3135	1162
3136	1163
3137	1164
3138	1165
3139	1167
3140	1166
3141	1166
3142	1167
3143	1168
3144	1167
3145	1169
3146	1168
3147	1168
3148	1169
3149	1170
3150	1170
3151	1171
3152	1168
3153	1168
3154	1171
3155	1172
3156	1172
3157	1173
3158	1168
3159	1168
3160	1173
3161	1166
3162	1174
3163	1176
3164	1175
3165	1177
3166	1178
3167	1153
3168	1178
3169	1154
3170	1153
3171	1154
3172	1178
3173	1179
3174	1178
3175	1180
3176	1179
3177	1180
3178	1178
3179	1181
3180	1178
3181	1182
3182	1181
3183	1181
3184	1182
3185	1183
3186	1182
3187	1184
3188	1183
3189	1183
3190	1184
3191	1185
3192	1182
3193	1186
3194	1184
3195	1186
3196	1177
3197	1184
3198	1184
3199	1177
3200	1187
3201	1177
3202	1188
3203	1187
3204	1189
3205	1190
3206	1191
3207	1192
3208	1194
3209	1193
3210	1193
3211	1194
3212	1195
3213	1194
3214	1196
3215	1195
3216	1196
3217	1194
3218	1197
3219	1198
3220	1200
3221	1199
3222	1199
3223	1200
3224	1201
3225	1200
3226	1202
3227	1201
3228	1203
3229	1204
3230	1205
3231	1204
3232	1206
3233	1205
3234	1205
3235	1206
3236	1207
3237	1208
3238	1209
3239	1210
3240	1209
3241	1211
3242	1210
3243	1210
3244	1211
3245	1212
3246	1211
3247	1213
3248	1212
3249	1212
3250	1213
3251	1214
3252	1214
3253	1215
3254	1212
3255	1215
3256	1214
3257	1216
3258	1216
3259	1217
3260	1215
3261	1215
3262	1217
3263	1218
3264	1218
3265	1219
3266	1215
3267	1215
3268	1219
3269	1212
3270	1219
3271	1210
3272	1212
3273	1210
3274	1219
3275	1220
3276	1219
3277	1221
3278	1220
3279	1220
3280	1221
3281	1210
3282	1221
3283	1222
3284	1210
3285	1210
3286	1222
3287	1223
3288	1223
3289	1224
3290	1210
3291	1210
3292	1224
3293	1225
3294	1226
3295	1227
3296	1228
3297	1227
3298	1229
3299	1228
3300	1228
3301	1229
3302	1230
3303	1231
3304	1232
3305	1233
3306	1232
3307	1234
3308	1233
3309	1233
3310	1234
3311	1235
3312	1236
3313	1238
3314	1237
3315	1237
3316	1238
3317	1239
3318	1238
3319	1240
3320	1239
3321	1239
3322	1240
3323	1241
3324	1240
3325	1242
3326	1241
3327	1242
3328	1240
3329	1243
3330	1240
3331	1244
3332	1243
3333	1244
3334	1240
3335	1238
3336	1244
3337	1245
3338	1243
3339	1245
3340	1246
3341	1243
3342	1243
3343	1246
3344	1242
3345	1246
3346	1247
3347	1242
3348	1247
3349	1246
3350	1248
3351	1246
3352	1245
3353	1248
3354	1248
3355	1245
3356	1249
3357	1250
3358	1252
3359	1251
3360	1251
3361	1252
3362	1253
3363	1252
3364	1254
3365	1253
3366	1253
3367	1254
3368	1255
3369	1255
3370	1251
3371	1253
3372	1251
3373	1255
3374	1256
3375	1257
3376	1259
3377	1258
3378	1258
3379	1259
3380	1260
3381	1259
3382	1261
3383	1260
3384	1262
3385	1264
3386	1263
3387	1263
3388	1264
3389	1265
3390	1265
3391	1266
3392	1263
3393	1263
3394	1266
3395	1267
3396	1266
3397	1268
3398	1267
3399	1269
3400	1271
3401	1270
3402	1270
3403	1271
3404	1272
3405	1271
3406	1273
3407	1272
3408	1272
3409	1273
3410	1274
3411	1274
3412	1275
3413	1272
3414	1272
3415	1275
3416	1276
3417	1277
3418	1278
3419	1114
3420	1114
3421	1278
3422	1112
3423	1278
3424	1279
3425	1112
3426	1112
3427	1279
3428	1280
3429	1280
3430	1113
3431	1112
3432	1113
3433	1280
3434	1281
3435	1281
3436	1282
3437	1113
3438	1282
3439	1281
3440	1283
3441	1283
3442	1284
3443	1282
3444	1284
3445	1283
3446	1285
3447	1283
3448	1286
3449	1285
3450	1286
3451	1283
3452	1287
3453	1283
3454	1288
3455	1287
3456	1288
3457	1283
3458	1289
3459	1283
3460	1281
3461	1289
3462	1289
3463	1281
3464	1290
3465	1281
3466	1291
3467	1290
3468	1291
3469	1281
3470	1280
3471	1280
3472	1279
3473	1291
3474	1291
3475	1279
3476	1292
3477	1292
3478	1293
3479	1291
3480	1291
3481	1293
3482	1290
3483	1293
3484	1294
3485	1290
3486	1290
3487	1294
3488	1295
3489	1295
3490	1296
3491	1290
3492	1290
3493	1296
3494	1289
3495	1296
3496	1297
3497	1289
3498	1289
3499	1297
3500	1288
3501	1298
3502	1299
3503	1300
3504	1299
3505	1301
3506	1300
3507	1300
3508	1301
3509	1302
3510	1301
3511	1303
3512	1302
3513	1302
3514	1303
3515	1304
3516	1304
3517	1305
3518	1302
3519	1302
3520	1305
3521	1306
3522	1306
3523	1307
3524	1302
3525	1302
3526	1307
3527	1300
3528	1307
3529	1306
3530	1308
3531	1308
3532	1306
3533	1309
3534	1306
3535	1310
3536	1309
3537	1308
3538	1309
3539	1311
3540	1311
3541	1309
3542	1312
3543	1312
3544	1313
3545	1311
3546	1311
3547	1313
3548	1314
3549	1313
3550	1315
3551	1314
3552	1314
3553	1315
3554	1316
3555	1315
3556	1317
3557	1316
3558	1316
3559	1317
3560	1318
3561	1317
3562	1319
3563	1318
3564	1319
3565	1317
3566	1320
3567	1317
3568	1321
3569	1320
3570	1321
3571	1317
3572	1322
3573	1317
3574	1315
3575	1322
3576	1322
3577	1315
3578	1313
3579	1313
3580	1323
3581	1322
3582	1323
3583	1313
3584	1324
3585	1325
3586	1327
3587	1326
3588	1326
3589	1327
3590	1328
3591	1327
3592	1329
3593	1328
3594	1328
3595	1329
3596	1330
3597	1329
3598	1331
3599	1330
3600	1330
3601	1331
3602	1332
3603	1331
3604	1119
3605	1332
3606	1119
3607	1331
3608	1121
3609	1331
3610	1333
3611	1121
3612	1333
3613	1331
3614	1329
3615	1329
3616	1327
3617	1333
3618	1156
3619	1154
3620	1334
3621	1154
3622	1179
3623	1334
3624	1323
3625	1309
3626	1335
3627	1335
3628	1309
3629	1336
3630	1309
3631	1337
3632	1336
3633	1180
3634	1181
3635	1338
3636	1181
3637	1339
3638	1338
3639	1338
3640	1339
3641	1340
3642	1181
3643	1183
3644	1339
3645	1339
3646	1183
3647	1341
3648	1183
3649	1342
3650	1341
3651	1218
3652	1343
3653	1219
3654	1343
3655	1344
3656	1219
3657	1219
3658	1344
3659	1221
3660	1344
3661	1345
3662	1221
3663	1187
3664	1346
3665	1184
3666	1346
3667	1347
3668	1184
3669	1348
3670	1349
3671	1227
3672	1227
3673	1349
3674	1229
3675	1349
3676	1350
3677	1229
3678	1258
3679	1260
3680	1351
3681	1352
3682	1354
3683	1353
3684	1355
3685	1356
3686	1357
3687	1356
3688	1358
3689	1357
3690	1358
3691	1356
3692	1359
3693	1356
3694	1360
3695	1359
3696	1361
3697	1362
3698	1363
3699	1362
3700	1364
3701	1363
3702	1363
3703	1364
3704	1365
3705	1366
3706	1367
3707	1368
3708	1367
3709	1369
3710	1368
3711	1368
3712	1369
3713	1370
3714	1370
3715	1371
3716	1368
3717	1371
3718	1370
3719	1372
3720	1370
3721	1369
3722	1372
3723	1372
3724	1369
3725	1373
3726	1369
3727	1374
3728	1373
3729	1375
3730	1376
3731	1377
3732	1376
3733	1378
3734	1377
3735	1377
3736	1378
3737	1379
3738	1378
3739	1380
3740	1379
3741	1381
3742	1382
3743	1383
3744	1382
3745	1384
3746	1383
3747	1385
3748	1386
3749	1387
3750	1386
3751	1388
3752	1387
3753	1387
3754	1388
3755	1389
3756	1388
3757	1390
3758	1389
3759	1389
3760	1390
3761	1391
3762	1392
3763	1394
3764	1393
3765	1393
3766	1394
3767	1395
3768	1394
3769	1396
3770	1395
3771	1396
3772	1394
3773	1397
3774	1394
3775	1398
3776	1397
3777	1397
3778	1398
3779	1399
3780	1398
3781	1400
3782	1399
3783	1400
3784	1398
3785	1401
3786	1395
3787	1402
3788	1393
3789	1393
3790	1402
3791	1403
3792	1402
3793	1404
3794	1403
3795	1405
3796	1406
3797	1407
3798	1406
3799	1408
3800	1407
3801	1407
3802	1408
3803	1409
3804	1408
3805	1410
3806	1409
3807	1409
3808	1410
3809	1411
3810	1412
3811	1414
3812	1413
3813	1415
3814	1417
3815	1416
3816	1416
3817	1417
3818	1418
3819	1417
3820	1419
3821	1418
3822	1418
3823	1419
3824	1420
3825	1419
3826	1421
3827	1420
3828	1420
3829	1421
3830	1422
3831	1421
3832	1423
3833	1422
3834	1424
3835	1426
3836	1425
3837	1425
3838	1426
3839	1427
3840	1426
3841	1428
3842	1427
3843	1427
3844	1428
3845	1429
3846	1429
3847	1430
3848	1427
3849	1427
3850	1430
3851	1431
3852	1430
3853	1432
3854	1431
3855	1432
3856	1430
3857	1433
3858	1418
3859	1420
3860	1434
3861	1434
3862	1420
3863	1435
3864	1420
3865	1422
3866	1435
3867	1436
3868	1437
3869	1438
3870	1437
3871	1439
3872	1438
3873	1439
3874	1437
3875	1440
3876	1437
3877	1441
3878	1440
3879	1442
3880	1443
3881	1417
3882	1417
3883	1443
3884	1419
3885	1443
3886	1444
3887	1419
3888	1419
3889	1444
3890	1445
3891	1444
3892	1446
3893	1445
3894	1447
3895	1449
3896	1448
3897	1448
3898	1449
3899	1450
3900	1449
3901	1451
3902	1450
3903	1450
3904	1451
3905	1452
3906	1451
3907	1453
3908	1452
3909	1453
3910	1451
3911	1454
3912	1451
3913	1449
3914	1454
3915	1455
3916	1456
3917	1457
3918	1456
3919	1458
3920	1457
3921	1457
3922	1458
3923	1459
3924	1458
3925	1460
3926	1459
3927	1459
3928	1460
3929	1461
3930	1461
3931	1462
3932	1459
3933	1419
3934	1445
3935	1463
3936	1463
3937	1445
3938	1464
3939	1445
3940	1465
3941	1464
3942	1464
3943	1465
3944	1466
3945	1467
3946	1468
3947	1469
3948	1468
3949	1470
3950	1469
3951	1469
3952	1470
3953	1471
3954	1472
3955	1474
3956	1473
3957	1473
3958	1474
3959	1475
3960	1474
3961	1476
3962	1475
3963	1475
3964	1476
3965	1477
3966	1439
3967	1440
3968	1478
3969	1440
3970	1479
3971	1478
3972	1478
3973	1479
3974	1480
3975	1480
3976	1481
3977	1478
3978	1478
3979	1481
3980	1482
3981	1483
3982	1484
3983	1456
3984	1456
3985	1484
3986	1458
3987	1485
3988	1486
3989	1386
3990	1386
3991	1486
3992	1388
3993	1486
3994	1487
3995	1388
3996	1388
3997	1487
3998	1488
3999	1488
4000	1390
4001	1388
4002	1489
4003	1425
4004	1490
4005	1490
4006	1425
4007	1491
4008	1425
4009	1427
4010	1491
4011	1491
4012	1427
4013	1431
4014	1461
4015	1460
4016	1492
4017	1460
4018	1483
4019	1492
4020	1492
4021	1483
4022	1493
4023	1474
4024	1494
4025	1476
4026	1476
4027	1494
4028	1495
4029	1495
4030	1496
4031	1476
4032	1476
4033	1496
4034	1497
4035	1498
4036	1500
4037	1499
4038	1499
4039	1500
4040	1501
4041	1397
4042	1502
4043	1396
4044	1396
4045	1502
4046	1503
4047	1502
4048	1504
4049	1503
4050	1504
4051	1502
4052	1505
4053	1502
4054	1506
4055	1505
4056	1505
4057	1506
4058	1507
4059	1506
4060	1508
4061	1507
4062	1507
4063	1508
4064	1509
4065	1508
4066	1510
4067	1509
4068	1510
4069	1508
4070	1511
4071	1508
4072	1512
4073	1511
4074	1512
4075	1508
4076	1506
4077	1506
4078	1397
4079	1512
4080	1397
4081	1506
4082	1502
4083	1513
4084	1515
4085	1514
4086	1514
4087	1515
4088	1516
4089	1515
4090	1517
4091	1516
4092	1516
4093	1517
4094	1518
4095	1518
4096	1514
4097	1516
4098	1514
4099	1518
4100	1519
4101	1519
4102	1520
4103	1514
4104	1514
4105	1520
4106	1513
4107	1520
4108	1521
4109	1513
4110	1522
4111	1523
4112	1524
4113	1523
4114	1525
4115	1524
4116	1524
4117	1525
4118	1526
4119	1526
4120	1527
4121	1524
4122	1528
4123	1529
4124	1513
4125	1513
4126	1529
4127	1515
4128	1529
4129	1530
4130	1515
4131	1515
4132	1530
4133	1531
4134	1530
4135	1532
4136	1531
4137	1531
4138	1532
4139	1533
4140	1533
4141	1534
4142	1531
4143	1531
4144	1534
4145	1517
4146	1517
4147	1515
4148	1531
4149	1534
4150	1535
4151	1517
4152	1517
4153	1535
4154	1536
4155	1535
4156	1537
4157	1536
4158	1536
4159	1537
4160	1538
4161	1538
4162	1539
4163	1536
4164	1536
4165	1539
4166	1540
4167	1539
4168	1541
4169	1540
4170	1540
4171	1541
4172	1542
4173	1542
4174	1543
4175	1540
4176	1540
4177	1543
4178	1518
4179	1518
4180	1517
4181	1540
4182	1540
4183	1517
4184	1536
4185	1540
4186	1544
4187	1518
4188	1545
4189	1546
4190	1547
4191	1546
4192	1548
4193	1547
4194	1547
4195	1548
4196	1549
4197	1548
4198	1550
4199	1549
4200	1550
4201	1548
4202	1551
4203	1548
4204	1552
4205	1551
4206	1552
4207	1548
4208	1553
4209	1548
4210	1546
4211	1553
4212	1553
4213	1546
4214	1554
4215	1554
4216	1552
4217	1553
4218	1546
4219	1555
4220	1554
4221	1555
4222	1556
4223	1554
4224	1557
4225	1559
4226	1558
4227	1558
4228	1559
4229	1560
4230	1560
4231	1561
4232	1558
4233	1561
4234	1560
4235	1562
4236	1560
4237	1563
4238	1562
4239	1564
4240	1565
4241	1566
4242	1565
4243	1567
4244	1566
4245	1566
4246	1567
4247	1568
4248	1567
4249	1569
4250	1568
4251	1569
4252	1567
4253	1570
4254	1567
4255	1571
4256	1570
4257	1572
4258	1574
4259	1573
4260	1573
4261	1574
4262	1559
4263	1574
4264	1575
4265	1559
4266	1559
4267	1575
4268	1560
4269	1575
4270	1576
4271	1560
4272	1577
4273	1579
4274	1578
4275	1578
4276	1579
4277	1580
4278	1579
4279	1581
4280	1580
4281	1580
4282	1581
4283	1582
4284	1581
4285	1583
4286	1582
4287	1582
4288	1583
4289	1584
4290	1585
4291	1587
4292	1586
4293	1586
4294	1587
4295	1588
4296	1587
4297	1589
4298	1588
4299	1590
4300	1591
4301	1592
4302	1591
4303	1593
4304	1592
4305	1592
4306	1593
4307	1594
4308	1593
4309	1595
4310	1594
4311	1594
4312	1595
4313	1596
4314	1596
4315	1597
4316	1594
4317	1598
4318	1599
4319	1600
4320	1599
4321	1601
4322	1600
4323	1600
4324	1601
4325	1602
4326	1603
4327	1605
4328	1604
4329	1604
4330	1605
4331	1606
4332	1606
4333	1607
4334	1604
4335	1604
4336	1607
4337	1608
4338	1607
4339	1609
4340	1608
4341	1608
4342	1609
4343	1610
4344	1611
4345	1613
4346	1612
4347	1612
4348	1613
4349	1614
4350	1613
4351	1615
4352	1614
4353	1615
4354	1613
4355	1616
4356	1616
4357	1617
4358	1615
4359	1615
4360	1617
4361	1614
4362	1617
4363	1618
4364	1614
4365	1614
4366	1618
4367	1619
4368	1620
4369	1622
4370	1621
4371	1621
4372	1622
4373	1623
4374	1622
4375	1624
4376	1623
4377	1623
4378	1625
4379	1621
4380	1625
4381	1626
4382	1621
4383	1621
4384	1626
4385	1627
4386	1625
4387	1628
4388	1626
4389	1626
4390	1628
4391	1629
4392	1628
4393	1630
4394	1629
4395	1558
4396	1631
4397	1557
4398	1631
4399	1632
4400	1557
4401	1582
4402	1633
4403	1580
4404	1633
4405	1634
4406	1580
4407	1580
4408	1634
4409	1635
4410	1635
4411	1636
4412	1580
4413	1580
4414	1636
4415	1578
4416	1636
4417	1637
4418	1578
4419	1578
4420	1637
4421	1638
4422	1573
4423	1559
4424	1639
4425	1639
4426	1559
4427	1640
4428	1626
4429	1629
4430	1641
4431	1642
4432	1586
4433	1643
4434	1643
4435	1586
4436	1644
4437	1586
4438	1588
4439	1644
4440	1601
4441	1599
4442	1645
4443	1646
4444	1648
4445	1647
4446	1647
4447	1648
4448	1649
4449	1650
4450	1651
4451	1652
4452	1651
4453	1653
4454	1652
4455	1652
4456	1653
4457	1654
4458	1655
4459	1657
4460	1656
4461	1656
4462	1657
4463	1658
4464	1657
4465	1659
4466	1658
4467	1659
4468	1657
4469	1660
4470	1661
4471	1662
4472	1663
4473	1662
4474	1664
4475	1663
4476	1663
4477	1664
4478	1665
4479	1666
4480	1668
4481	1667
4482	1667
4483	1668
4484	1669
4485	1668
4486	1670
4487	1669
4488	1671
4489	1672
4490	1673
4491	1674
4492	1676
4493	1675
4494	1677
4495	1678
4496	1679
4497	1678
4498	1680
4499	1679
4500	1681
4501	1682
4502	1683
4503	1682
4504	1684
4505	1683
4506	1683
4507	1684
4508	1685
4509	1684
4510	1686
4511	1685
4512	1686
4513	1684
4514	1687
4515	1684
4516	1688
4517	1687
4518	1688
4519	1684
4520	1682
4521	1689
4522	1690
4523	1691
4524	1690
4525	1692
4526	1691
4527	1691
4528	1692
4529	1693
4530	1692
4531	1694
4532	1693
4533	1693
4534	1694
4535	1695
4536	1694
4537	1696
4538	1695
4539	1696
4540	1694
4541	1697
4542	1694
4543	1690
4544	1697
4545	1697
4546	1690
4547	1698
4548	1694
4549	1692
4550	1690
4551	1699
4552	1700
4553	1701
4554	1700
4555	1702
4556	1701
4557	1702
4558	1700
4559	1703
4560	1700
4561	1704
4562	1703
4563	1704
4564	1700
4565	1705
4566	1700
4567	1706
4568	1705
4569	1705
4570	1706
4571	1707
4572	1706
4573	1708
4574	1707
4575	1708
4576	1706
4577	1709
4578	1706
4579	1710
4580	1709
4581	1709
4582	1710
4583	1711
4584	1710
4585	1712
4586	1711
4587	1711
4588	1712
4589	1713
4590	1712
4591	1714
4592	1713
4593	1711
4594	1713
4595	1709
4596	1715
4597	1716
4598	1717
4599	1716
4600	1718
4601	1717
4602	1717
4603	1718
4604	1719
4605	1718
4606	1720
4607	1719
4608	1719
4609	1720
4610	1721
4611	1721
4612	1722
4613	1719
4614	1719
4615	1722
4616	1723
4617	1724
4618	1726
4619	1725
4620	1725
4621	1726
4622	1727
4623	1726
4624	1728
4625	1727
4626	1727
4627	1728
4628	1729
4629	1728
4630	1730
4631	1729
4632	1729
4633	1730
4634	1731
4635	1730
4636	1732
4637	1731
4638	1731
4639	1732
4640	1733
4641	1733
4642	1734
4643	1731
4644	1734
4645	1733
4646	1735
4647	1735
4648	1736
4649	1734
4650	1734
4651	1736
4652	1737
4653	1737
4654	1738
4655	1734
4656	1734
4657	1738
4658	1739
4659	1738
4660	1740
4661	1739
4662	1741
4663	1725
4664	1742
4665	1725
4666	1727
4667	1742
4668	1742
4669	1727
4670	1743
4671	1727
4672	1729
4673	1743
4674	1743
4675	1729
4676	1744
4677	1729
4678	1731
4679	1744
4680	1744
4681	1731
4682	1734
4683	1734
4684	1745
4685	1744
4686	1745
4687	1734
4688	1739
4689	1746
4690	1748
4691	1747
4692	1747
4693	1748
4694	1749
4695	1748
4696	1750
4697	1749
4698	1750
4699	1748
4700	1751
4701	1748
4702	1752
4703	1751
4704	1752
4705	1748
4706	1753
4707	1752
4708	1754
4709	1751
4710	1751
4711	1754
4712	1755
4713	1754
4714	1756
4715	1755
4716	1755
4717	1756
4718	1757
4719	1757
4720	1758
4721	1755
4722	1755
4723	1758
4724	1759
4725	1759
4726	1750
4727	1755
4728	1755
4729	1750
4730	1751
4731	1760
4732	1762
4733	1761
4734	1761
4735	1762
4736	1763
4737	1763
4738	1764
4739	1761
4740	1761
4741	1764
4742	1765
4743	1764
4744	1766
4745	1765
4746	1767
4747	1769
4748	1768
4749	1768
4750	1769
4751	1770
4752	1769
4753	1771
4754	1770
4755	1770
4756	1771
4757	1772
4758	1773
4759	1775
4760	1774
4761	1774
4762	1775
4763	1776
4764	1775
4765	1777
4766	1776
4767	1777
4768	1775
4769	1778
4770	1775
4771	1779
4772	1778
4773	1779
4774	1775
4775	1780
4776	1780
4777	1781
4778	1779
4779	1779
4780	1781
4781	1782
4782	1782
4783	1778
4784	1779
4785	1778
4786	1782
4787	1783
4788	1782
4789	1781
4790	1783
4791	1783
4792	1781
4793	1784
4794	1781
4795	1785
4796	1784
4797	1784
4798	1785
4799	1786
4800	1787
4801	1789
4802	1788
4803	1790
4804	1791
4805	1774
4806	1774
4807	1791
4808	1780
4809	1791
4810	1785
4811	1780
4812	1780
4813	1785
4814	1781
4815	1760
4816	1761
4817	1792
4818	1792
4819	1761
4820	1765
4821	1793
4822	1794
4823	1795
4824	1794
4825	1774
4826	1795
4827	1795
4828	1774
4829	1776
4830	1796
4831	1798
4832	1797
4833	1797
4834	1798
4835	1799
4836	1798
4837	1800
4838	1799
4839	1799
4840	1800
4841	1801
4842	1800
4843	1802
4844	1801
4845	1801
4846	1802
4847	1803
4848	1802
4849	1804
4850	1803
4851	1803
4852	1804
4853	1805
4854	1805
4855	1806
4856	1803
4857	1803
4858	1806
4859	1801
4860	1806
4861	1807
4862	1801
4863	1801
4864	1807
4865	1799
4866	1807
4867	1808
4868	1799
4869	1799
4870	1808
4871	1809
4872	1809
4873	1797
4874	1799
4875	1810
4876	1811
4877	1812
4878	1813
4879	1814
4880	1815
4881	1814
4882	1816
4883	1815
4884	1815
4885	1816
4886	1817
4887	1816
4888	1818
4889	1817
4890	1818
4891	1816
4892	1819
4893	1820
4894	1822
4895	1821
4896	1823
4897	1825
4898	1824
4899	1824
4900	1825
4901	1826
4902	1825
4903	1827
4904	1826
4905	1826
4906	1827
4907	1828
4908	1827
4909	1829
4910	1828
4911	1828
4912	1829
4913	1830
4914	1830
4915	1831
4916	1828
4917	1828
4918	1831
4919	1832
4920	1832
4921	1826
4922	1828
4923	1826
4924	1832
4925	1824
4926	1832
4927	1833
4928	1824
4929	1824
4930	1833
4931	1834
4932	1833
4933	1835
4934	1834
4935	1835
4936	1833
4937	1836
4938	1833
4939	1837
4940	1836
4941	1837
4942	1833
4943	1832
